 3.20000000e+03  0.00000000e+00
 3.49990000e+03  0.00000000e+00
 3.50170000e+03  3.69072637e-18
 3.50430000e+03  3.68685433e-18
 3.50700000e+03  3.68231660e-18
 3.50960000e+03  3.67845664e-18
 3.51230000e+03  3.67393220e-18
 3.51490000e+03  3.67008426e-18
 3.51760000e+03  3.66613779e-18
 3.52020000e+03  3.66173710e-18
 3.52290000e+03  3.65780296e-18
 3.52550000e+03  3.65397849e-18
 3.52820000e+03  3.64949318e-18
 3.53080000e+03  3.64568057e-18
 3.53350000e+03  3.64177050e-18
 3.53620000e+03  3.63730465e-18
 3.53880000e+03  3.63350961e-18
 3.54150000e+03  3.62961766e-18
 3.54410000e+03  3.62527344e-18
 3.54680000e+03  3.62139357e-18
 3.54940000e+03  3.61762152e-18
 3.55210000e+03  3.61319402e-18
 3.55470000e+03  3.60943359e-18
 3.55740000e+03  3.60557730e-18
 3.56000000e+03  3.60127004e-18
 3.56270000e+03  3.59742568e-18
 3.56530000e+03  3.59313077e-18
 3.56800000e+03  3.58929827e-18
 3.57070000e+03  3.58547157e-18
 3.57330000e+03  3.58119497e-18
 3.57600000e+03  3.57738006e-18
 3.57860000e+03  3.57367077e-18
 3.58130000e+03  3.56931251e-18
 3.58390000e+03  3.56561455e-18
 3.58660000e+03  3.56182264e-18
 3.58920000e+03  3.55758212e-18
 3.59190000e+03  3.55380185e-18
 3.59450000e+03  3.55012602e-18
 3.59720000e+03  3.54580469e-18
 3.59980000e+03  3.54214005e-18
 3.60250000e+03  3.53838247e-18
 3.60510000e+03  3.53417756e-18
 3.60780000e+03  3.53043146e-18
 3.61050000e+03  3.52669097e-18
 3.61310000e+03  3.52250378e-18
 3.61580000e+03  3.51877468e-18
 3.61840000e+03  3.51459932e-18
 3.62110000e+03  3.51088158e-18
 3.62370000e+03  3.50726616e-18
 3.62640000e+03  3.50301154e-18
 3.62900000e+03  3.49940704e-18
 3.63170000e+03  3.49571145e-18
 3.63430000e+03  3.49157085e-18
 3.63700000e+03  3.48788645e-18
 3.63960000e+03  3.48430326e-18
 3.64230000e+03  3.48008423e-18
 3.64490000e+03  3.47651181e-18
 3.64760000e+03  3.47284928e-18
 3.65030000e+03  3.46864797e-18
 3.65290000e+03  3.46509151e-18
 3.65560000e+03  3.46144543e-18
 3.65820000e+03  3.45735623e-18
 3.66090000e+03  3.45372113e-18
 3.66350000e+03  3.45018555e-18
 3.66620000e+03  3.44601916e-18
 3.66880000e+03  3.44249415e-18
 3.67150000e+03  3.43888047e-18
 3.67410000e+03  3.43482494e-18
 3.67680000e+03  3.43122210e-18
 3.67940000e+03  3.42717783e-18
 3.68210000e+03  3.42358578e-18
 3.68470000e+03  3.42009181e-18
 3.68740000e+03  3.41597141e-18
 3.69010000e+03  3.41239535e-18
 3.69270000e+03  3.40891683e-18
 3.69540000e+03  3.40481351e-18
 3.69800000e+03  3.40134531e-18
 3.70070000e+03  3.39779017e-18
 3.70330000e+03  3.39379546e-18
 3.70600000e+03  3.39025090e-18
 3.70860000e+03  3.38680282e-18
 3.71130000e+03  3.38273317e-18
 3.71390000e+03  3.37929527e-18
 3.71660000e+03  3.37577136e-18
 3.71920000e+03  3.37180912e-18
 3.72190000e+03  3.36829565e-18
 3.72450000e+03  3.36487762e-18
 3.72720000e+03  3.36084121e-18
 3.72990000e+03  3.35734322e-18
 3.73250000e+03  3.35340794e-18
 3.73520000e+03  3.34992028e-18
 3.73780000e+03  3.34652720e-18
 3.74050000e+03  3.34251838e-18
 3.74310000e+03  3.33913524e-18
 3.74580000e+03  3.33566774e-18
 3.74840000e+03  3.33176419e-18
 3.75110000e+03  3.32830690e-18
 3.75370000e+03  3.32494315e-18
 3.75640000e+03  3.32096682e-18
 3.75900000e+03  3.31761290e-18
 3.76170000e+03  3.31417550e-18
 3.76430000e+03  3.31030328e-18
 3.76700000e+03  3.30687597e-18
 3.76970000e+03  3.30345356e-18
 3.77230000e+03  3.29959694e-18
 3.77500000e+03  3.29618454e-18
 3.77760000e+03  3.29286419e-18
 3.78030000e+03  3.28893591e-18
 3.78290000e+03  3.28562519e-18
 3.78560000e+03  3.28170757e-18
 3.78820000e+03  3.27840644e-18
 3.79090000e+03  3.27502345e-18
 3.79350000e+03  3.27120787e-18
 3.79620000e+03  3.26783472e-18
 3.79880000e+03  3.26455230e-18
 3.80150000e+03  3.26066604e-18
 3.80410000e+03  3.25739309e-18
 3.80680000e+03  3.25403913e-18
 3.80950000e+03  3.25016848e-18
 3.81210000e+03  3.24690956e-18
 3.81480000e+03  3.24357005e-18
 3.81740000e+03  3.23979979e-18
 3.82010000e+03  3.23646994e-18
 3.82270000e+03  3.23322937e-18
 3.82540000e+03  3.22938950e-18
 3.82800000e+03  3.22615823e-18
 3.83070000e+03  3.22284721e-18
 3.83330000e+03  3.21910663e-18
 3.83600000e+03  3.21580515e-18
 3.83860000e+03  3.21207451e-18
 3.84130000e+03  3.20878253e-18
 3.84400000e+03  3.20549517e-18
 3.84660000e+03  3.20177926e-18
 3.84930000e+03  3.19850134e-18
 3.85190000e+03  3.19531097e-18
 3.85460000e+03  3.19204209e-18
 3.85720000e+03  3.18834546e-18
 3.85990000e+03  3.18508594e-18
 3.86250000e+03  3.18191335e-18
 3.86520000e+03  3.17814886e-18
 3.86780000e+03  3.17498528e-18
 3.87050000e+03  3.17174401e-18
 3.87310000e+03  3.16858906e-18
 3.87580000e+03  3.16535668e-18
 3.87840000e+03  3.16169814e-18
 3.88110000e+03  3.15847496e-18
 3.88380000e+03  3.15525627e-18
 3.88640000e+03  3.15212315e-18
 3.88910000e+03  3.14891325e-18
 3.89170000e+03  3.14578863e-18
 3.89440000e+03  3.14207741e-18
 3.89700000e+03  3.13896161e-18
 3.89970000e+03  3.13576954e-18
 3.90230000e+03  3.13266217e-18
 3.90500000e+03  3.12947880e-18
 3.90760000e+03  3.12688818e-18
 3.91030000e+03  3.12371311e-18
 3.91290000e+03  3.12062217e-18
 3.91560000e+03  3.11745571e-18
 3.91820000e+03  3.11437310e-18
 3.92090000e+03  3.11121523e-18
 3.92360000e+03  3.10806171e-18
 3.92620000e+03  3.10499160e-18
 3.92890000e+03  3.10184661e-18
 3.93150000e+03  3.09878475e-18
 3.93420000e+03  3.09564825e-18
 3.93680000e+03  3.09309919e-18
 3.93950000e+03  3.08997081e-18
 3.94210000e+03  3.08692502e-18
 3.94480000e+03  3.08380507e-18
 3.94740000e+03  3.08076743e-18
 3.95010000e+03  3.07765587e-18
 3.95270000e+03  3.07462634e-18
 3.95540000e+03  3.07152315e-18
 3.95800000e+03  3.06850171e-18
 3.96070000e+03  3.06540684e-18
 3.96340000e+03  3.06231619e-18
 3.96600000e+03  3.05930688e-18
 3.96870000e+03  3.05622451e-18
 3.97130000e+03  3.05322320e-18
 3.97400000e+03  3.05014907e-18
 3.97660000e+03  3.04765528e-18
 3.97930000e+03  3.04458902e-18
 3.98190000e+03  3.04160330e-18
 3.98460000e+03  3.03854522e-18
 3.98720000e+03  3.03556742e-18
 3.98990000e+03  3.03251749e-18
 3.99250000e+03  3.02954756e-18
 3.99520000e+03  3.02650574e-18
 3.99780000e+03  3.02304677e-18
 4.00050000e+03  3.02001337e-18
 4.00320000e+03  3.01748028e-18
 4.00580000e+03  3.01452997e-18
 4.00850000e+03  3.01150836e-18
 4.01110000e+03  3.00807059e-18
 4.01380000e+03  3.00505731e-18
 4.01640000e+03  3.00212283e-18
 4.01910000e+03  2.99911753e-18
 4.02170000e+03  2.99619076e-18
 4.02440000e+03  2.99319339e-18
 4.02700000e+03  2.99027430e-18
 4.02970000e+03  2.98728483e-18
 4.03230000e+03  2.98437339e-18
 4.03500000e+03  2.98139180e-18
 4.03760000e+03  2.97848797e-18
 4.04030000e+03  2.97551423e-18
 4.04300000e+03  2.97254446e-18
 4.04560000e+03  2.96965205e-18
 4.04830000e+03  2.96669008e-18
 4.05090000e+03  2.96380522e-18
 4.05360000e+03  2.96085101e-18
 4.05620000e+03  2.95797366e-18
 4.05890000e+03  2.95502720e-18
 4.06150000e+03  2.95215733e-18
 4.06420000e+03  2.94921857e-18
 4.06680000e+03  2.94635616e-18
 4.06950000e+03  2.94391320e-18
 4.07210000e+03  2.94105790e-18
 4.07480000e+03  2.93813414e-18
 4.07740000e+03  2.93528623e-18
 4.08010000e+03  2.93237009e-18
 4.08280000e+03  2.92945780e-18
 4.08540000e+03  2.92662100e-18
 4.08810000e+03  2.92420219e-18
 4.09070000e+03  2.92137240e-18
 4.09340000e+03  2.91847491e-18
 4.09600000e+03  2.91565242e-18
 4.09870000e+03  2.91276244e-18
 4.10130000e+03  2.91043156e-18
 4.10400000e+03  2.90754875e-18
 4.10660000e+03  2.90522418e-18
 4.10930000e+03  2.90234851e-18
 4.11190000e+03  2.90003023e-18
 4.11460000e+03  2.89716167e-18
 4.11730000e+03  2.89477933e-18
 4.11990000e+03  2.89198817e-18
 4.12260000e+03  2.88913044e-18
 4.12520000e+03  2.88682796e-18
 4.12790000e+03  2.88397728e-18
 4.13050000e+03  2.88168100e-18
 4.13320000e+03  2.87883734e-18
 4.13580000e+03  2.87654723e-18
 4.13850000e+03  2.87371056e-18
 4.14110000e+03  2.87094691e-18
 4.14380000e+03  2.86859689e-18
 4.14640000e+03  2.86583999e-18
 4.14910000e+03  2.86349629e-18
 4.15170000e+03  2.86074610e-18
 4.15440000e+03  2.85793055e-18
 4.15710000e+03  2.85559651e-18
 4.15970000e+03  2.85285654e-18
 4.16240000e+03  2.85005152e-18
 4.16500000e+03  2.84779544e-18
 4.16770000e+03  2.84499727e-18
 4.17030000e+03  2.84227088e-18
 4.17300000e+03  2.83995586e-18
 4.17560000e+03  2.83723606e-18
 4.17830000e+03  2.83445181e-18
 4.18090000e+03  2.83173889e-18
 4.18360000e+03  2.82943653e-18
 4.18620000e+03  2.82673015e-18
 4.18890000e+03  2.82395972e-18
 4.19150000e+03  2.82126017e-18
 4.19420000e+03  2.81897037e-18
 4.19690000e+03  2.81621022e-18
 4.19950000e+03  2.81352060e-18
 4.20220000e+03  2.81076742e-18
 4.20480000e+03  2.80808456e-18
 4.20750000e+03  2.80533835e-18
 4.21010000e+03  2.80266222e-18
 4.21280000e+03  2.79992293e-18
 4.21540000e+03  2.79725350e-18
 4.21810000e+03  2.79452112e-18
 4.22070000e+03  2.79185837e-18
 4.22340000e+03  2.78913286e-18
 4.22600000e+03  2.78647677e-18
 4.22870000e+03  2.78375812e-18
 4.23130000e+03  2.78110866e-18
 4.23400000e+03  2.77839683e-18
 4.23670000e+03  2.77568846e-18
 4.23930000e+03  2.77304894e-18
 4.24200000e+03  2.77034736e-18
 4.24460000e+03  2.76771441e-18
 4.24730000e+03  2.76501959e-18
 4.24990000e+03  2.76239319e-18
 4.25260000e+03  2.75970510e-18
 4.25520000e+03  2.75708522e-18
 4.25790000e+03  2.75440385e-18
 4.26050000e+03  2.75179046e-18
 4.26320000e+03  2.74911577e-18
 4.26580000e+03  2.74650885e-18
 4.26850000e+03  2.74384083e-18
 4.27110000e+03  2.74124036e-18
 4.27380000e+03  2.73857897e-18
 4.27650000e+03  2.73592094e-18
 4.27910000e+03  2.73333014e-18
 4.28180000e+03  2.73067871e-18
 4.28440000e+03  2.72809430e-18
 4.28710000e+03  2.72544945e-18
 4.28970000e+03  2.72287140e-18
 4.29240000e+03  2.72069588e-18
 4.29500000e+03  2.71812389e-18
 4.29770000e+03  2.71549183e-18
 4.30030000e+03  2.71292615e-18
 4.30300000e+03  2.71030059e-18
 4.30560000e+03  2.70774121e-18
 4.30830000e+03  2.70558320e-18
 4.31090000e+03  2.70302981e-18
 4.31360000e+03  2.70041689e-18
 4.31630000e+03  2.69780725e-18
 4.31890000e+03  2.69526327e-18
 4.32160000e+03  2.69311970e-18
 4.32420000e+03  2.69058165e-18
 4.32690000e+03  2.68798454e-18
 4.32950000e+03  2.68545269e-18
 4.33220000e+03  2.68332048e-18
 4.33480000e+03  2.68079452e-18
 4.33750000e+03  2.67820984e-18
 4.34010000e+03  2.67569003e-18
 4.34280000e+03  2.67356909e-18
 4.34540000e+03  2.67105513e-18
 4.34810000e+03  2.66848280e-18
 4.35070000e+03  2.66643152e-18
 4.35340000e+03  2.66386519e-18
 4.35610000e+03  2.66130204e-18
 4.35870000e+03  2.65880307e-18
 4.36140000e+03  2.65670163e-18
 4.36400000e+03  2.65420843e-18
 4.36670000e+03  2.65211239e-18
 4.36930000e+03  2.64962494e-18
 4.37200000e+03  2.64707991e-18
 4.37460000e+03  2.64505256e-18
 4.37730000e+03  2.64251343e-18
 4.37990000e+03  2.64003770e-18
 4.38260000e+03  2.63795799e-18
 4.38520000e+03  2.63548796e-18
 4.38790000e+03  2.63341356e-18
 4.39050000e+03  2.63094920e-18
 4.39320000e+03  2.62888009e-18
 4.39590000e+03  2.62636164e-18
 4.39850000e+03  2.62435755e-18
 4.40120000e+03  2.62184490e-18
 4.40380000e+03  2.61984589e-18
 4.40650000e+03  2.61778983e-18
 4.40910000e+03  2.61579562e-18
 4.41180000e+03  2.61329425e-18
 4.41440000e+03  2.61130507e-18
 4.41710000e+03  2.60925917e-18
 4.41970000e+03  2.60727475e-18
 4.42240000e+03  2.60478458e-18
 4.42500000e+03  2.60280517e-18
 4.42770000e+03  2.60076935e-18
 4.43040000e+03  2.59873601e-18
 4.43300000e+03  2.59631561e-18
 4.43570000e+03  2.59428741e-18
 4.43830000e+03  2.59232008e-18
 4.44100000e+03  2.58984943e-18
 4.44360000e+03  2.58788705e-18
 4.44630000e+03  2.58586880e-18
 4.44890000e+03  2.58391108e-18
 4.45160000e+03  2.58145141e-18
 4.45420000e+03  2.57949860e-18
 4.45690000e+03  2.57704453e-18
 4.45950000e+03  2.57509660e-18
 4.46220000e+03  2.57309329e-18
 4.46480000e+03  2.57070506e-18
 4.46750000e+03  2.56870678e-18
 4.47020000e+03  2.56671090e-18
 4.47280000e+03  2.56433066e-18
 4.47550000e+03  2.56233979e-18
 4.47810000e+03  2.55996491e-18
 4.48080000e+03  2.55797902e-18
 4.48340000e+03  2.55560947e-18
 4.48610000e+03  2.55362856e-18
 4.48870000e+03  2.55170687e-18
 4.49140000e+03  2.54928836e-18
 4.49400000e+03  2.54737145e-18
 4.49670000e+03  2.54495839e-18
 4.49930000e+03  2.54260474e-18
 4.50200000e+03  2.54063862e-18
 4.50460000e+03  2.53829023e-18
 4.50730000e+03  2.53588829e-18
 4.51000000e+03  2.53392967e-18
 4.51260000e+03  2.53158931e-18
 4.51530000e+03  2.52919563e-18
 4.51790000e+03  2.52686074e-18
 4.52060000e+03  2.52491211e-18
 4.52320000e+03  2.52258242e-18
 4.52590000e+03  2.52019972e-18
 4.52850000e+03  2.51831412e-18
 4.53120000e+03  2.51593675e-18
 4.53380000e+03  2.51361765e-18
 4.53650000e+03  2.51124585e-18
 4.53910000e+03  2.50936978e-18
 4.54180000e+03  2.50700327e-18
 4.54440000e+03  2.50469470e-18
 4.54710000e+03  2.50277058e-18
 4.54980000e+03  2.50041216e-18
 4.55240000e+03  2.49811140e-18
 4.55510000e+03  2.49619457e-18
 4.55770000e+03  2.49389890e-18
 4.56040000e+03  2.49155120e-18
 4.56300000e+03  2.48969618e-18
 4.56570000e+03  2.48735370e-18
 4.56830000e+03  2.48506838e-18
 4.57100000e+03  2.48316592e-18
 4.57360000e+03  2.48088564e-18
 4.57630000e+03  2.47855378e-18
 4.57890000e+03  2.47671258e-18
 4.58160000e+03  2.47438587e-18
 4.58420000e+03  2.47211584e-18
 4.58690000e+03  2.47022760e-18
 4.58960000e+03  2.46790877e-18
 4.59220000e+03  2.46607893e-18
 4.59490000e+03  2.46376521e-18
 4.59750000e+03  2.46150775e-18
 4.60020000e+03  2.45963119e-18
 4.60280000e+03  2.45737867e-18
 4.60550000e+03  2.45550669e-18
 4.60810000e+03  2.45325908e-18
 4.61080000e+03  2.45139168e-18
 4.61340000e+03  2.44914897e-18
 4.61610000e+03  2.44728611e-18
 4.61870000e+03  2.44504828e-18
 4.62140000e+03  2.44318996e-18
 4.62400000e+03  2.44095700e-18
 4.62670000e+03  2.43910319e-18
 4.62940000e+03  2.43682245e-18
 4.63200000e+03  2.43502577e-18
 4.63470000e+03  2.43275002e-18
 4.63730000e+03  2.43095768e-18
 4.64000000e+03  2.42911500e-18
 4.64260000e+03  2.42689887e-18
 4.64530000e+03  2.42506066e-18
 4.64790000e+03  2.42284932e-18
 4.65060000e+03  2.42101555e-18
 4.65320000e+03  2.41880900e-18
 4.65590000e+03  2.41697966e-18
 4.65850000e+03  2.41520428e-18
 4.66120000e+03  2.41295294e-18
 4.66380000e+03  2.41118183e-18
 4.66650000e+03  2.40893537e-18
 4.66920000e+03  2.40711695e-18
 4.67180000e+03  2.40535212e-18
 4.67450000e+03  2.40353783e-18
 4.67710000e+03  2.40135227e-18
 4.67980000e+03  2.39954234e-18
 4.68240000e+03  2.39778571e-18
 4.68510000e+03  2.39597988e-18
 4.68770000e+03  2.39380346e-18
 4.69040000e+03  2.39200196e-18
 4.69300000e+03  2.39025348e-18
 4.69570000e+03  2.38845606e-18
 4.69830000e+03  2.38671151e-18
 4.70100000e+03  2.38491815e-18
 4.70370000e+03  2.38312685e-18
 4.70630000e+03  2.38138821e-18
 4.70900000e+03  2.37960095e-18
 4.71160000e+03  2.37786621e-18
 4.71430000e+03  2.37608298e-18
 4.71690000e+03  2.37435213e-18
 4.71960000e+03  2.37299380e-18
 4.72220000e+03  2.37126659e-18
 4.72490000e+03  2.36949114e-18
 4.72750000e+03  2.36776779e-18
 4.73020000e+03  2.36599632e-18
 4.73280000e+03  2.36427682e-18
 4.73550000e+03  2.36250932e-18
 4.73810000e+03  2.36079366e-18
 4.74080000e+03  2.35903012e-18
 4.74350000e+03  2.35726859e-18
 4.74610000e+03  2.35555869e-18
 4.74880000e+03  2.35380110e-18
 4.75140000e+03  2.35209501e-18
 4.75410000e+03  2.35034134e-18
 4.75670000e+03  2.34863904e-18
 4.75940000e+03  2.34688929e-18
 4.76200000e+03  2.34519077e-18
 4.76470000e+03  2.34344491e-18
 4.76730000e+03  2.34175016e-18
 4.77000000e+03  2.33959175e-18
 4.77260000e+03  2.33790098e-18
 4.77530000e+03  2.33616312e-18
 4.77790000e+03  2.33447609e-18
 4.78060000e+03  2.33274209e-18
 4.78330000e+03  2.33059477e-18
 4.78590000e+03  2.32891358e-18
 4.78860000e+03  2.32718562e-18
 4.79120000e+03  2.32509354e-18
 4.79390000e+03  2.32336964e-18
 4.79650000e+03  2.32169609e-18
 4.79920000e+03  2.31956209e-18
 4.80180000e+03  2.31789245e-18
 4.80450000e+03  2.31576294e-18
 4.80710000e+03  2.31368396e-18
 4.80980000e+03  2.31155917e-18
 4.81240000e+03  2.30948474e-18
 4.81510000e+03  2.30777719e-18
 4.81770000e+03  2.30570709e-18
 4.82040000e+03  2.30359144e-18
 4.82310000e+03  2.30147815e-18
 4.82570000e+03  2.29982652e-18
 4.82840000e+03  2.29771766e-18
 4.83100000e+03  2.29565867e-18
 4.83370000e+03  2.29355445e-18
 4.83630000e+03  2.29191070e-18
 4.83900000e+03  2.28981087e-18
 4.84160000e+03  2.28776064e-18
 4.84430000e+03  2.28566543e-18
 4.84690000e+03  2.28361966e-18
 4.84960000e+03  2.28193865e-18
 4.85220000e+03  2.27989712e-18
 4.85490000e+03  2.27781085e-18
 4.85750000e+03  2.27618270e-18
 4.86020000e+03  2.27410077e-18
 4.86290000e+03  2.27202115e-18
 4.86550000e+03  2.26999050e-18
 4.86820000e+03  2.26832347e-18
 4.87080000e+03  2.26629700e-18
 4.87350000e+03  2.26422623e-18
 4.87610000e+03  2.26261154e-18
 4.87880000e+03  2.26054506e-18
 4.88140000e+03  2.25852713e-18
 4.88410000e+03  2.25687187e-18
 4.88670000e+03  2.25485808e-18
 4.88940000e+03  2.25320664e-18
 4.89200000e+03  2.25119698e-18
 4.89470000e+03  2.24914351e-18
 4.89730000e+03  2.24754381e-18
 4.90000000e+03  2.24549458e-18
 4.90270000e+03  2.24385277e-18
 4.90530000e+03  2.24185352e-18
 4.90800000e+03  2.24021549e-18
 4.91060000e+03  2.23822033e-18
 4.91330000e+03  2.23658606e-18
 4.91590000e+03  2.23499905e-18
 4.91860000e+03  2.23296445e-18
 4.92120000e+03  2.23138107e-18
 4.92390000e+03  2.22935064e-18
 4.92650000e+03  2.22777087e-18
 4.92920000e+03  2.22574460e-18
 4.93180000e+03  2.22416843e-18
 4.93450000e+03  2.22254887e-18
 4.93710000e+03  2.22057372e-18
 4.93980000e+03  2.21895786e-18
 4.94250000e+03  2.21694186e-18
 4.94510000e+03  2.21537456e-18
 4.94780000e+03  2.21376415e-18
 4.95040000e+03  2.21179892e-18
 4.95310000e+03  2.21019219e-18
 4.95570000e+03  2.20823094e-18
 4.95840000e+03  2.20662786e-18
 4.96100000e+03  2.20467057e-18
 4.96370000e+03  2.20307115e-18
 4.96630000e+03  2.20151779e-18
 4.96900000e+03  2.19952202e-18
 4.97160000e+03  2.19797218e-18
 4.97430000e+03  2.19637980e-18
 4.97700000e+03  2.19439002e-18
 4.97960000e+03  2.19284535e-18
 4.98230000e+03  2.19085960e-18
 4.98490000e+03  2.18931841e-18
 4.98760000e+03  2.18773497e-18
 4.99020000e+03  2.18579897e-18
 4.99290000e+03  2.18421911e-18
 4.99550000e+03  2.18268464e-18
 4.99820000e+03  2.18071070e-18
 5.00080000e+03  2.17917969e-18
 5.00350000e+03  2.17760674e-18
 5.00610000e+03  2.17568216e-18
 5.00880000e+03  2.17411276e-18
 5.01140000e+03  2.17258841e-18
 5.01410000e+03  2.17102234e-18
 5.01680000e+03  2.16906200e-18
 5.01940000e+03  2.16754269e-18
 5.02210000e+03  2.16598183e-18
 5.02470000e+03  2.16446572e-18
 5.02740000e+03  2.16251303e-18
 5.03000000e+03  2.16100031e-18
 5.03270000e+03  2.15944624e-18
 5.03530000e+03  2.15793670e-18
 5.03800000e+03  2.15599162e-18
 5.04060000e+03  2.15448544e-18
 5.04330000e+03  2.15293813e-18
 5.04590000e+03  2.15143511e-18
 5.04860000e+03  2.14949759e-18
 5.05120000e+03  2.14799792e-18
 5.05390000e+03  2.14645732e-18
 5.05660000e+03  2.14491836e-18
 5.05920000e+03  2.14303078e-18
 5.06190000e+03  2.14149526e-18
 5.06450000e+03  2.14000364e-18
 5.06720000e+03  2.13847134e-18
 5.06980000e+03  2.13659101e-18
 5.07250000e+03  2.13506213e-18
 5.07510000e+03  2.13357691e-18
 5.07780000e+03  2.13205123e-18
 5.08040000e+03  2.13017811e-18
 5.08310000e+03  2.12865582e-18
 5.08570000e+03  2.12717698e-18
 5.08840000e+03  2.12565787e-18
 5.09100000e+03  2.12379191e-18
 5.09370000e+03  2.12227618e-18
 5.09640000e+03  2.12076205e-18
 5.09900000e+03  2.11929109e-18
 5.10170000e+03  2.11778012e-18
 5.10430000e+03  2.11631221e-18
 5.10700000e+03  2.11441541e-18
 5.10960000e+03  2.11528334e-18
 5.11230000e+03  2.10212075e-18
 5.11490000e+03  2.11581005e-18
 5.11760000e+03  2.12245697e-18
 5.12020000e+03  2.11827550e-18
 5.12290000e+03  2.07528120e-18
 5.12550000e+03  2.02500818e-18
 5.12820000e+03  2.02471673e-18
 5.13080000e+03  2.07015004e-18
 5.13350000e+03  2.09653521e-18
 5.13620000e+03  2.08112320e-18
 5.13880000e+03  2.05107837e-18
 5.14150000e+03  2.05734202e-18
 5.14410000e+03  2.06016377e-18
 5.14680000e+03  2.06757408e-18
 5.14940000e+03  2.05032811e-18
 5.15210000e+03  2.04077129e-18
 5.15470000e+03  2.01777608e-18
 5.15740000e+03  2.00632030e-18
 5.16000000e+03  2.01146888e-18
 5.16270000e+03  1.98309834e-18
 5.16530000e+03  1.95941019e-18
 5.16800000e+03  1.94147404e-18
 5.17060000e+03  1.99389893e-18
 5.17330000e+03  2.01589712e-18
 5.17600000e+03  2.05015332e-18
 5.17860000e+03  2.00079199e-18
 5.18130000e+03  2.02121907e-18
 5.18390000e+03  2.02403728e-18
 5.18660000e+03  2.08732691e-18
 5.18920000e+03  2.06407845e-18
 5.19190000e+03  2.10547418e-18
 5.19450000e+03  2.51474978e-18
 5.19720000e+03  3.00229584e-18
 5.19980000e+03  3.14176131e-18
 5.20250000e+03  2.76250563e-18
 5.20510000e+03  2.28713566e-18
 5.20780000e+03  2.09980880e-18
 5.21040000e+03  2.03433036e-18
 5.21310000e+03  2.02413156e-18
 5.21580000e+03  2.03031993e-18
 5.21840000e+03  2.05481269e-18
 5.22110000e+03  2.10016681e-18
 5.22370000e+03  2.04892511e-18
 5.22640000e+03  1.99921648e-18
 5.22900000e+03  1.96327252e-18
 5.23170000e+03  1.98921759e-18
 5.23430000e+03  2.01175884e-18
 5.23700000e+03  2.03006646e-18
 5.23960000e+03  2.03588329e-18
 5.24230000e+03  2.02346693e-18
 5.24490000e+03  2.00125450e-18
 5.24760000e+03  1.98091909e-18
 5.25030000e+03  2.01092501e-18
 5.25290000e+03  2.02543430e-18
 5.25560000e+03  2.04329213e-18
 5.25820000e+03  1.99279254e-18
 5.26090000e+03  1.93324386e-18
 5.26350000e+03  1.89530368e-18
 5.26620000e+03  1.89508637e-18
 5.26880000e+03  1.93260729e-18
 5.27150000e+03  1.99605492e-18
 5.27410000e+03  2.04930732e-18
 5.27680000e+03  2.06294025e-18
 5.27940000e+03  2.08111374e-18
 5.28210000e+03  2.03078462e-18
 5.28470000e+03  1.98016852e-18
 5.28740000e+03  1.92054905e-18
 5.29010000e+03  1.94247448e-18
 5.29270000e+03  1.97567420e-18
 5.29540000e+03  2.00280135e-18
 5.29800000e+03  2.00856744e-18
 5.30070000e+03  2.00904335e-18
 5.30330000e+03  1.98970456e-18
 5.30600000e+03  1.98532269e-18
 5.30860000e+03  2.04459556e-18
 5.31130000e+03  2.05290628e-18
 5.31390000e+03  2.04666834e-18
 5.31660000e+03  1.97688087e-18
 5.31920000e+03  1.96247045e-18
 5.32190000e+03  1.94990379e-18
 5.32450000e+03  1.98103621e-18
 5.32720000e+03  2.04081281e-18
 5.32990000e+03  2.11692757e-18
 5.33250000e+03  2.08274142e-18
 5.33520000e+03  2.01541296e-18
 5.33780000e+03  1.94372336e-18
 5.34050000e+03  1.94385654e-18
 5.34310000e+03  1.96410198e-18
 5.34580000e+03  1.97500085e-18
 5.34840000e+03  1.95955579e-18
 5.35110000e+03  1.93258152e-18
 5.35370000e+03  1.92719047e-18
 5.35640000e+03  1.95403313e-18
 5.35900000e+03  1.97236018e-18
 5.36170000e+03  1.96618013e-18
 5.36430000e+03  1.94523049e-18
 5.36700000e+03  1.93684945e-18
 5.36970000e+03  1.92810690e-18
 5.37230000e+03  1.95712409e-18
 5.37500000e+03  1.94357555e-18
 5.37760000e+03  1.92121109e-18
 5.38030000e+03  1.86745032e-18
 5.38290000e+03  1.85732260e-18
 5.38560000e+03  1.86745678e-18
 5.38820000e+03  1.91227024e-18
 5.39090000e+03  1.89952109e-18
 5.39350000e+03  1.89455406e-18
 5.39620000e+03  1.86857400e-18
 5.39880000e+03  1.88055209e-18
 5.40150000e+03  1.88917378e-18
 5.40410000e+03  1.88201599e-18
 5.40680000e+03  1.91303977e-18
 5.40950000e+03  1.89298978e-18
 5.41210000e+03  1.92401268e-18
 5.41480000e+03  1.88379983e-18
 5.41740000e+03  1.90746321e-18
 5.42010000e+03  1.85996800e-18
 5.42270000e+03  1.85065084e-18
 5.42540000e+03  1.84277322e-18
 5.42800000e+03  1.86165253e-18
 5.43070000e+03  1.90096285e-18
 5.43330000e+03  1.93149528e-18
 5.43600000e+03  1.92943965e-18
 5.43860000e+03  1.93326550e-18
 5.44130000e+03  1.87462542e-18
 5.44390000e+03  1.89270458e-18
 5.44660000e+03  1.87462482e-18
 5.44930000e+03  1.92035612e-18
 5.45190000e+03  1.91506800e-18
 5.45460000e+03  1.90792903e-18
 5.45720000e+03  1.89791991e-18
 5.45990000e+03  1.91189817e-18
 5.46250000e+03  1.93244359e-18
 5.46520000e+03  1.94311999e-18
 5.46780000e+03  1.91821829e-18
 5.47050000e+03  1.86026176e-18
 5.47310000e+03  1.81038018e-18
 5.47580000e+03  1.81238967e-18
 5.47840000e+03  1.84343797e-18
 5.48110000e+03  1.84289231e-18
 5.48370000e+03  1.86339102e-18
 5.48640000e+03  1.88274976e-18
 5.48910000e+03  1.94623994e-18
 5.49170000e+03  1.93193495e-18
 5.49440000e+03  1.95737800e-18
 5.49700000e+03  1.94308153e-18
 5.49970000e+03  1.95440812e-18
 5.50230000e+03  1.93254539e-18
 5.50500000e+03  1.93412345e-18
 5.50760000e+03  1.93176771e-18
 5.51030000e+03  1.92252973e-18
 5.51290000e+03  1.90829093e-18
 5.51560000e+03  1.90231468e-18
 5.51820000e+03  1.89601866e-18
 5.52090000e+03  1.87098449e-18
 5.52360000e+03  1.82979150e-18
 5.52620000e+03  1.81383331e-18
 5.52890000e+03  1.82695962e-18
 5.53150000e+03  1.89576923e-18
 5.53420000e+03  1.90956087e-18
 5.53680000e+03  1.94310623e-18
 5.53950000e+03  1.95722020e-18
 5.54210000e+03  2.03193038e-18
 5.54480000e+03  2.04670412e-18
 5.54740000e+03  2.02390161e-18
 5.55010000e+03  1.97889389e-18
 5.55270000e+03  1.95292520e-18
 5.55540000e+03  1.92944912e-18
 5.55800000e+03  1.94320006e-18
 5.56070000e+03  1.98941083e-18
 5.56340000e+03  2.02807856e-18
 5.56600000e+03  2.03034321e-18
 5.56870000e+03  2.07359161e-18
 5.57130000e+03  9.07133966e-18
 5.57400000e+03  1.88224117e-17
 5.57660000e+03  2.55709572e-17
 5.57930000e+03  2.01994905e-17
 5.58190000e+03  1.04423726e-17
 5.58460000e+03  3.60502604e-18
 5.58720000e+03  1.99312988e-18
 5.58990000e+03  1.97084537e-18
 5.59250000e+03  1.95252440e-18
 5.59520000e+03  1.91252925e-18
 5.59780000e+03  1.91128608e-18
 5.60050000e+03  1.97101677e-18
 5.60320000e+03  2.00551899e-18
 5.60580000e+03  2.02407837e-18
 5.60850000e+03  1.94022470e-18
 5.61110000e+03  1.84692625e-18
 5.61380000e+03  1.84568410e-18
 5.61640000e+03  1.91521333e-18
 5.61910000e+03  2.03060006e-18
 5.62170000e+03  2.06994319e-18
 5.62440000e+03  2.05552854e-18
 5.62700000e+03  1.96420554e-18
 5.62970000e+03  1.88246061e-18
 5.63230000e+03  1.82621957e-18
 5.63500000e+03  1.84861081e-18
 5.63760000e+03  1.87735621e-18
 5.64030000e+03  1.89406692e-18
 5.64300000e+03  1.92519444e-18
 5.64560000e+03  1.96512327e-18
 5.64830000e+03  1.95715012e-18
 5.65090000e+03  1.89648998e-18
 5.65360000e+03  1.82601510e-18
 5.65620000e+03  1.82306854e-18
 5.65890000e+03  1.84606877e-18
 5.66150000e+03  1.88030790e-18
 5.66420000e+03  1.92500285e-18
 5.66680000e+03  1.95671995e-18
 5.66950000e+03  1.93581677e-18
 5.67210000e+03  1.91111491e-18
 5.67480000e+03  1.89305333e-18
 5.67740000e+03  1.92157686e-18
 5.68010000e+03  1.88254395e-18
 5.68280000e+03  1.86137538e-18
 5.68540000e+03  1.80706684e-18
 5.68810000e+03  1.84567187e-18
 5.69070000e+03  1.89544359e-18
 5.69340000e+03  1.94967142e-18
 5.69600000e+03  1.99063075e-18
 5.69870000e+03  1.94890389e-18
 5.70130000e+03  1.94453092e-18
 5.70400000e+03  1.88231762e-18
 5.70660000e+03  1.89468766e-18
 5.70930000e+03  1.85691089e-18
 5.71190000e+03  1.86371666e-18
 5.71460000e+03  1.87500241e-18
 5.71720000e+03  1.93356381e-18
 5.71990000e+03  1.96251776e-18
 5.72260000e+03  1.97304688e-18
 5.72520000e+03  1.92600447e-18
 5.72790000e+03  1.91850736e-18
 5.73050000e+03  1.90169126e-18
 5.73320000e+03  1.90564642e-18
 5.73580000e+03  1.88989066e-18
 5.73850000e+03  1.86961643e-18
 5.74110000e+03  1.89195202e-18
 5.74380000e+03  1.90212961e-18
 5.74640000e+03  1.91163953e-18
 5.74910000e+03  1.86409616e-18
 5.75170000e+03  1.84529444e-18
 5.75440000e+03  1.82509716e-18
 5.75700000e+03  1.86119312e-18
 5.75970000e+03  1.82962569e-18
 5.76240000e+03  1.83428402e-18
 5.76500000e+03  1.83207848e-18
 5.76770000e+03  1.87013902e-18
 5.77030000e+03  1.87549293e-18
 5.77300000e+03  1.85981980e-18
 5.77560000e+03  1.84281750e-18
 5.77830000e+03  1.84230019e-18
 5.78090000e+03  1.83081931e-18
 5.78360000e+03  1.83065154e-18
 5.78620000e+03  1.79687143e-18
 5.78890000e+03  1.79088614e-18
 5.79150000e+03  1.79694201e-18
 5.79420000e+03  1.80364701e-18
 5.79680000e+03  1.82853901e-18
 5.79950000e+03  1.83796332e-18
 5.80220000e+03  1.88846216e-18
 5.80480000e+03  1.89069618e-18
 5.80750000e+03  1.86518968e-18
 5.81010000e+03  1.82469516e-18
 5.81280000e+03  1.82726497e-18
 5.81540000e+03  1.84899255e-18
 5.81810000e+03  1.90720104e-18
 5.82070000e+03  1.94457167e-18
 5.82340000e+03  1.95526796e-18
 5.82600000e+03  1.90427393e-18
 5.82870000e+03  1.89896137e-18
 5.83130000e+03  1.89538946e-18
 5.83400000e+03  1.89383128e-18
 5.83670000e+03  1.88785015e-18
 5.83930000e+03  1.93667667e-18
 5.84200000e+03  2.22786598e-18
 5.84460000e+03  2.19866510e-18
 5.84730000e+03  2.16028064e-18
 5.84990000e+03  1.87408238e-18
 5.85260000e+03  1.89833433e-18
 5.85520000e+03  1.86254741e-18
 5.85790000e+03  1.88644363e-18
 5.86050000e+03  2.00763051e-18
 5.86320000e+03  2.28181072e-18
 5.86580000e+03  2.43048206e-18
 5.86850000e+03  2.40059194e-18
 5.87110000e+03  2.20599662e-18
 5.87380000e+03  2.13362503e-18
 5.87650000e+03  2.07653139e-18
 5.87910000e+03  2.07122058e-18
 5.88180000e+03  2.11383665e-18
 5.88440000e+03  3.72517668e-18
 5.88710000e+03  5.48886790e-18
 5.88970000e+03  6.90738246e-18
 5.89240000e+03  6.28998476e-18
 5.89500000e+03  5.12364864e-18
 5.89770000e+03  3.74540542e-18
 5.90030000e+03  2.79434950e-18
 5.90300000e+03  2.25161935e-18
 5.90560000e+03  2.18335476e-18
 5.90830000e+03  2.22068525e-18
 5.91090000e+03  2.33060985e-18
 5.91360000e+03  2.40546174e-18
 5.91630000e+03  2.38086090e-18
 5.91890000e+03  2.28987140e-18
 5.92160000e+03  2.20932386e-18
 5.92420000e+03  2.17549382e-18
 5.92690000e+03  2.22779284e-18
 5.92950000e+03  2.36450538e-18
 5.93220000e+03  2.50239534e-18
 5.93480000e+03  2.36540619e-18
 5.93750000e+03  2.13850302e-18
 5.94010000e+03  1.97805206e-18
 5.94280000e+03  2.04233425e-18
 5.94540000e+03  2.09523359e-18
 5.94810000e+03  2.21350733e-18
 5.95070000e+03  2.31301916e-18
 5.95340000e+03  2.31931080e-18
 5.95610000e+03  2.18318604e-18
 5.95870000e+03  2.00088070e-18
 5.96140000e+03  1.93866236e-18
 5.96400000e+03  1.93715106e-18
 5.96670000e+03  2.02083667e-18
 5.96930000e+03  2.10348350e-18
 5.97200000e+03  2.18336075e-18
 5.97460000e+03  2.24724456e-18
 5.97730000e+03  2.22163692e-18
 5.97990000e+03  2.12334014e-18
 5.98260000e+03  1.98691068e-18
 5.98520000e+03  1.95319015e-18
 5.98790000e+03  1.99576781e-18
 5.99050000e+03  1.98163763e-18
 5.99320000e+03  1.94992004e-18
 5.99590000e+03  1.93347084e-18
 5.99850000e+03  1.95581379e-18
 6.00120000e+03  2.00855717e-18
 6.00380000e+03  1.97923297e-18
 6.00650000e+03  1.95056314e-18
 6.00910000e+03  1.87467911e-18
 6.01180000e+03  1.83716005e-18
 6.01440000e+03  1.79838347e-18
 6.01710000e+03  1.77677809e-18
 6.01970000e+03  1.75489126e-18
 6.02240000e+03  1.74684795e-18
 6.02500000e+03  1.77906418e-18
 6.02770000e+03  1.81649541e-18
 6.03030000e+03  1.83086511e-18
 6.03300000e+03  1.81061919e-18
 6.03570000e+03  1.78446730e-18
 6.03830000e+03  1.77152688e-18
 6.04100000e+03  1.76744683e-18
 6.04360000e+03  1.76537172e-18
 6.04630000e+03  1.74421396e-18
 6.04890000e+03  1.70635529e-18
 6.05160000e+03  1.66587556e-18
 6.05420000e+03  1.64055187e-18
 6.05690000e+03  1.64342816e-18
 6.05950000e+03  1.66337587e-18
 6.06220000e+03  1.69769652e-18
 6.06480000e+03  1.71236294e-18
 6.06750000e+03  1.68344531e-18
 6.07010000e+03  1.67487022e-18
 6.07280000e+03  1.64991976e-18
 6.07550000e+03  1.67828597e-18
 6.07810000e+03  1.64488604e-18
 6.08080000e+03  1.65395593e-18
 6.08340000e+03  1.63300384e-18
 6.08610000e+03  1.63489051e-18
 6.08870000e+03  1.63582363e-18
 6.09140000e+03  1.63542467e-18
 6.09400000e+03  1.66601979e-18
 6.09670000e+03  1.67375337e-18
 6.09930000e+03  1.67890221e-18
 6.10200000e+03  1.66351002e-18
 6.10460000e+03  1.67158736e-18
 6.10730000e+03  1.66499372e-18
 6.11000000e+03  1.65710546e-18
 6.11260000e+03  1.61415378e-18
 6.11530000e+03  1.60986795e-18
 6.11790000e+03  1.57151928e-18
 6.12060000e+03  1.56044040e-18
 6.12320000e+03  1.57015903e-18
 6.12590000e+03  1.58438340e-18
 6.12850000e+03  1.59019388e-18
 6.13120000e+03  1.55677065e-18
 6.13380000e+03  1.64290320e-18
 6.13650000e+03  1.72699234e-18
 6.13910000e+03  1.80941914e-18
 6.14180000e+03  1.76107941e-18
 6.14440000e+03  1.72994460e-18
 6.14710000e+03  1.65485986e-18
 6.14980000e+03  1.63798282e-18
 6.15240000e+03  1.71090573e-18
 6.15510000e+03  1.84279795e-18
 6.15770000e+03  1.85395588e-18
 6.16040000e+03  1.72254944e-18
 6.16300000e+03  1.64317716e-18
 6.16570000e+03  1.71140344e-18
 6.16830000e+03  1.81405725e-18
 6.17100000e+03  2.78475820e-18
 6.17360000e+03  2.75044365e-18
 6.17630000e+03  2.67912726e-18
 6.17890000e+03  1.64987942e-18
 6.18160000e+03  1.58424646e-18
 6.18420000e+03  1.54118028e-18
 6.18690000e+03  1.53055444e-18
 6.18960000e+03  1.52154253e-18
 6.19220000e+03  1.54335953e-18
 6.19490000e+03  1.54653476e-18
 6.19750000e+03  1.62986317e-18
 6.20020000e+03  1.71597752e-18
 6.20280000e+03  1.75528948e-18
 6.20550000e+03  1.68378133e-18
 6.20810000e+03  1.61428121e-18
 6.21080000e+03  1.60942155e-18
 6.21340000e+03  1.63752141e-18
 6.21610000e+03  1.71510348e-18
 6.21870000e+03  1.80318824e-18
 6.22140000e+03  1.80017063e-18
 6.22400000e+03  1.69186204e-18
 6.22670000e+03  1.61775367e-18
 6.22940000e+03  1.80391756e-18
 6.23200000e+03  2.30678890e-18
 6.23470000e+03  2.71329377e-18
 6.23730000e+03  2.80547693e-18
 6.24000000e+03  2.48019221e-18
 6.24260000e+03  2.15395056e-18
 6.24530000e+03  1.85371500e-18
 6.24790000e+03  1.70414853e-18
 6.25060000e+03  1.73265009e-18
 6.25320000e+03  2.04578633e-18
 6.25590000e+03  2.40593680e-18
 6.25850000e+03  2.51253577e-18
 6.26120000e+03  2.34044765e-18
 6.26380000e+03  2.11019038e-18
 6.26650000e+03  1.97170558e-18
 6.26920000e+03  1.87294731e-18
 6.27180000e+03  1.79488958e-18
 6.27450000e+03  1.77923747e-18
 6.27710000e+03  1.79780452e-18
 6.27980000e+03  1.83815355e-18
 6.28240000e+03  1.98505458e-18
 6.28510000e+03  2.24083959e-18
 6.28770000e+03  2.33784994e-18
 6.29040000e+03  2.31821487e-18
 6.29300000e+03  5.86779619e-18
 6.29570000e+03  2.35646108e-17
 6.29830000e+03  4.05527255e-17
 6.30100000e+03  4.93509309e-17
 6.30360000e+03  3.18084695e-17
 6.30630000e+03  1.49225195e-17
 6.30900000e+03  2.26005835e-18
 6.31160000e+03  1.90128006e-18
 6.31430000e+03  1.64690368e-18
 6.31690000e+03  1.76886729e-18
 6.31960000e+03  1.96016776e-18
 6.32220000e+03  1.98952500e-18
 6.32490000e+03  2.16926454e-18
 6.32750000e+03  2.26914744e-18
 6.33020000e+03  2.43073036e-18
 6.33280000e+03  2.11919340e-18
 6.33550000e+03  1.78248670e-18
 6.33810000e+03  1.53478569e-18
 6.34080000e+03  1.51784160e-18
 6.34340000e+03  1.63840914e-18
 6.34610000e+03  1.70814120e-18
 6.34880000e+03  1.79533552e-18
 6.35140000e+03  1.91469933e-18
 6.35410000e+03  2.13272272e-18
 6.35670000e+03  3.89183008e-18
 6.35940000e+03  8.89455685e-18
 6.36200000e+03  1.41695847e-17
 6.36470000e+03  1.59035514e-17
 6.36730000e+03  1.07095177e-17
 6.37000000e+03  5.11611149e-18
 6.37260000e+03  1.56170065e-18
 6.37530000e+03  1.59375565e-18
 6.37790000e+03  1.65010269e-18
 6.38060000e+03  1.69330139e-18
 6.38330000e+03  1.73957548e-18
 6.38590000e+03  1.74415536e-18
 6.38860000e+03  1.67407950e-18
 6.39120000e+03  1.55062871e-18
 6.39390000e+03  1.47323638e-18
 6.39650000e+03  1.43847683e-18
 6.39920000e+03  1.46084105e-18
 6.40180000e+03  1.45124920e-18
 6.40450000e+03  1.48103346e-18
 6.40710000e+03  1.45934986e-18
 6.40980000e+03  1.46989181e-18
 6.41240000e+03  1.45969258e-18
 6.41510000e+03  1.49190129e-18
 6.41770000e+03  1.53989248e-18
 6.42040000e+03  1.57544423e-18
 6.42310000e+03  1.55065924e-18
 6.42570000e+03  1.48789451e-18
 6.42840000e+03  1.44709816e-18
 6.43100000e+03  1.43477544e-18
 6.43370000e+03  1.40916405e-18
 6.43630000e+03  1.36692953e-18
 6.43900000e+03  1.35031424e-18
 6.44160000e+03  1.36241270e-18
 6.44430000e+03  1.39544097e-18
 6.44690000e+03  1.42753936e-18
 6.44960000e+03  1.47899294e-18
 6.45220000e+03  1.56614022e-18
 6.45490000e+03  1.59533612e-18
 6.45750000e+03  1.61591946e-18
 6.46020000e+03  1.79697059e-18
 6.46290000e+03  2.07038622e-18
 6.46550000e+03  2.31534386e-18
 6.46820000e+03  2.28059533e-18
 6.47080000e+03  2.04667650e-18
 6.47350000e+03  1.81813416e-18
 6.47610000e+03  1.61281205e-18
 6.47880000e+03  1.57381404e-18
 6.48140000e+03  1.51709613e-18
 6.48410000e+03  1.51125634e-18
 6.48670000e+03  1.45675348e-18
 6.48940000e+03  1.42553675e-18
 6.49200000e+03  1.42680174e-18
 6.49470000e+03  1.44303069e-18
 6.49730000e+03  1.46844063e-18
 6.50000000e+03  1.47974934e-18
 6.50270000e+03  1.56100361e-18
 6.50530000e+03  1.54022608e-18
 6.50800000e+03  1.50448547e-18
 6.51060000e+03  1.41570802e-18
 6.51330000e+03  1.43433509e-18
 6.51590000e+03  1.42004399e-18
 6.51860000e+03  1.40513326e-18
 6.52120000e+03  1.41553913e-18
 6.52390000e+03  1.43992126e-18
 6.52650000e+03  1.44665242e-18
 6.52920000e+03  1.44605419e-18
 6.53180000e+03  1.44122091e-18
 6.53450000e+03  1.46099298e-18
 6.53710000e+03  1.47317455e-18
 6.53980000e+03  1.49959984e-18
 6.54250000e+03  1.50535703e-18
 6.54510000e+03  1.47046340e-18
 6.54780000e+03  1.48259885e-18
 6.55040000e+03  1.65365307e-18
 6.55310000e+03  1.68146602e-18
 6.55570000e+03  1.68079915e-18
 6.55840000e+03  1.50715943e-18
 6.56100000e+03  1.48022156e-18
 6.56370000e+03  1.42725574e-18
 6.56630000e+03  1.62907737e-18
 6.56900000e+03  1.65864749e-18
 6.57160000e+03  1.67945295e-18
 6.57430000e+03  1.56485146e-18
 6.57690000e+03  1.53402946e-18
 6.57960000e+03  1.53279613e-18
 6.58230000e+03  1.43137088e-18
 6.58490000e+03  1.44950906e-18
 6.58760000e+03  1.43263163e-18
 6.59020000e+03  1.42392796e-18
 6.59290000e+03  1.42183832e-18
 6.59550000e+03  1.42248255e-18
 6.59820000e+03  1.42340576e-18
 6.60080000e+03  1.42705825e-18
 6.60350000e+03  1.42797885e-18
 6.60610000e+03  1.43403220e-18
 6.60880000e+03  1.41511121e-18
 6.61140000e+03  1.45421511e-18
 6.61410000e+03  1.44971712e-18
 6.61670000e+03  1.45485158e-18
 6.61940000e+03  1.41734653e-18
 6.62210000e+03  1.42276809e-18
 6.62470000e+03  1.47948189e-18
 6.62740000e+03  1.53852588e-18
 6.63000000e+03  1.53492639e-18
 6.63270000e+03  1.48668221e-18
 6.63530000e+03  1.45616212e-18
 6.63800000e+03  1.45616833e-18
 6.64060000e+03  1.44512842e-18
 6.64330000e+03  1.41852678e-18
 6.64590000e+03  1.42394979e-18
 6.64860000e+03  1.42546296e-18
 6.65120000e+03  1.43446285e-18
 6.65390000e+03  1.44432963e-18
 6.65660000e+03  1.45239789e-18
 6.65920000e+03  1.44586481e-18
 6.66190000e+03  1.43245707e-18
 6.66450000e+03  1.44501303e-18
 6.66720000e+03  1.44502374e-18
 6.66980000e+03  1.44565175e-18
 6.67250000e+03  1.42601356e-18
 6.67510000e+03  1.42664848e-18
 6.67780000e+03  1.43291346e-18
 6.68040000e+03  1.43354519e-18
 6.68310000e+03  1.43415497e-18
 6.68570000e+03  1.42914047e-18
 6.68840000e+03  1.42975154e-18
 6.69100000e+03  1.43038350e-18
 6.69370000e+03  1.43158711e-18
 6.69640000e+03  1.46097092e-18
 6.69900000e+03  1.46929976e-18
 6.70170000e+03  1.46930062e-18
 6.70430000e+03  1.48443440e-18
 6.70700000e+03  1.53655598e-18
 6.70960000e+03  1.62004166e-18
 6.71230000e+03  1.60636860e-18
 6.71490000e+03  1.59213859e-18
 6.71760000e+03  1.55542233e-18
 6.72020000e+03  1.53560698e-18
 6.72290000e+03  1.52523961e-18
 6.72550000e+03  1.49216033e-18
 6.72820000e+03  1.48388525e-18
 6.73080000e+03  1.45114312e-18
 6.73350000e+03  1.53139382e-18
 6.73620000e+03  1.53195957e-18
 6.73880000e+03  1.53254761e-18
 6.74150000e+03  1.44559864e-18
 6.74410000e+03  1.45034315e-18
 6.74680000e+03  1.45388473e-18
 6.74940000e+03  1.45450192e-18
 6.75210000e+03  1.45186092e-18
 6.75470000e+03  1.45806600e-18
 6.75740000e+03  1.45513168e-18
 6.76000000e+03  1.46515072e-18
 6.76270000e+03  1.46280335e-18
 6.76530000e+03  1.46253480e-18
 6.76800000e+03  1.48866035e-18
 6.77060000e+03  1.53620511e-18
 6.77330000e+03  1.53705912e-18
 6.77600000e+03  1.50713075e-18
 6.77860000e+03  1.45526952e-18
 6.78130000e+03  1.45527596e-18
 6.78390000e+03  1.45061876e-18
 6.78660000e+03  1.45150515e-18
 6.78920000e+03  1.51239299e-18
 6.79190000e+03  1.51354660e-18
 6.79450000e+03  1.52553894e-18
 6.79720000e+03  1.52201051e-18
 6.79980000e+03  1.52201282e-18
 6.80250000e+03  1.51060408e-18
 6.80510000e+03  1.45485680e-18
 6.80780000e+03  1.45544695e-18
 6.81040000e+03  1.45605802e-18
 6.81310000e+03  1.45664724e-18
 6.81580000e+03  1.45723600e-18
 6.81840000e+03  1.45784567e-18
 6.82110000e+03  1.45843349e-18
 6.82370000e+03  1.45904223e-18
 6.82640000e+03  1.51550010e-18
 6.82900000e+03  1.53092171e-18
 6.83170000e+03  2.52067551e-18
 6.83430000e+03  2.46565412e-18
 6.83700000e+03  2.45160595e-18
 6.83960000e+03  1.50531445e-18
 6.84230000e+03  1.50588172e-18
 6.84490000e+03  1.50647055e-18
 6.84760000e+03  1.46439315e-18
 6.85020000e+03  1.46470729e-18
 6.85290000e+03  1.46528968e-18
 6.85560000e+03  1.46587161e-18
 6.85820000e+03  1.46647447e-18
 6.86090000e+03  2.92079253e-18
 6.86350000e+03  2.92229088e-18
 6.86620000e+03  2.92374552e-18
 6.86880000e+03  1.49949359e-18
 6.87150000e+03  1.50006074e-18
 6.87410000e+03  1.50036030e-18
 6.87680000e+03  1.47001844e-18
 6.87940000e+03  1.52259337e-18
 6.88210000e+03  1.52315058e-18
 6.88470000e+03  1.52690332e-18
 6.88740000e+03  1.47525487e-18
 6.89000000e+03  1.48478897e-18
 6.89270000e+03  1.48218998e-18
 6.89540000e+03  1.49111634e-18
 6.89800000e+03  2.22834413e-18
 6.90070000e+03  2.22977515e-18
 6.90330000e+03  2.23814344e-18
 6.90600000e+03  1.49084111e-18
 6.90860000e+03  1.49143017e-18
 6.91130000e+03  1.47676394e-18
 6.91390000e+03  1.47735785e-18
 6.91660000e+03  1.51296831e-18
 6.91920000e+03  1.51354815e-18
 6.92190000e+03  1.51410569e-18
 6.92450000e+03  1.47911252e-18
 6.92720000e+03  1.47968305e-18
 6.92990000e+03  1.47996649e-18
 6.93250000e+03  1.50462705e-18
 6.93520000e+03  1.53125207e-18
 6.93780000e+03  1.56990436e-18
 6.94050000e+03  1.55068993e-18
 6.94310000e+03  1.52922368e-18
 6.94580000e+03  1.49116423e-18
 6.94840000e+03  1.52719958e-18
 6.95110000e+03  1.54203819e-18
 6.95370000e+03  1.59773811e-18
 6.95640000e+03  1.64109369e-18
 6.95900000e+03  1.66931099e-18
 6.96170000e+03  1.62843075e-18
 6.96430000e+03  1.55451800e-18
 6.96700000e+03  1.68849321e-18
 6.96970000e+03  1.70379975e-18
 6.97230000e+03  1.72681155e-18
 6.97500000e+03  1.55896838e-18
 6.97760000e+03  1.53333484e-18
 6.98030000e+03  1.50257639e-18
 6.98290000e+03  1.49063800e-18
 6.98560000e+03  1.51082035e-18
 6.98820000e+03  1.51793319e-18
 6.99090000e+03  1.51819938e-18
 6.99350000e+03  1.51905516e-18
 6.99620000e+03  1.52471543e-18
 6.99880000e+03  1.56076264e-18
 7.00150000e+03  1.54824464e-18
 7.00410000e+03  1.53660905e-18
 7.00680000e+03  1.50114612e-18
 7.00950000e+03  1.49149930e-18
 7.01210000e+03  1.49179614e-18
 7.01480000e+03  1.49207148e-18
 7.01740000e+03  1.49236788e-18
 7.02010000e+03  1.49235983e-18
 7.02270000e+03  1.49265590e-18
 7.02540000e+03  1.49406151e-18
 7.02800000e+03  1.50368409e-18
 7.03070000e+03  1.50819233e-18
 7.03330000e+03  1.50706993e-18
 7.03600000e+03  1.51016184e-18
 7.03860000e+03  1.62587935e-18
 7.04130000e+03  1.66841927e-18
 7.04390000e+03  1.65736909e-18
 7.04660000e+03  1.54200021e-18
 7.04930000e+03  1.53351938e-18
 7.05190000e+03  1.53295398e-18
 7.05460000e+03  1.52926988e-18
 7.05720000e+03  1.53123977e-18
 7.05990000e+03  1.56695092e-18
 7.06250000e+03  1.56721786e-18
 7.06520000e+03  1.54075230e-18
 7.06780000e+03  1.57419325e-18
 7.07050000e+03  1.63090559e-18
 7.07310000e+03  1.62244243e-18
 7.07580000e+03  1.58139706e-18
 7.07840000e+03  1.54966572e-18
 7.08110000e+03  1.55019695e-18
 7.08370000e+03  1.52326803e-18
 7.08640000e+03  1.49942125e-18
 7.08910000e+03  1.50053143e-18
 7.09170000e+03  1.50082163e-18
 7.09440000e+03  1.51901057e-18
 7.09700000e+03  1.52265257e-18
 7.09970000e+03  1.52291289e-18
 7.10230000e+03  1.50417550e-18
 7.10500000e+03  1.58076913e-18
 7.10760000e+03  1.61037493e-18
 7.11030000e+03  1.61116030e-18
 7.11290000e+03  1.53069909e-18
 7.11560000e+03  1.50164316e-18
 7.11820000e+03  1.50165280e-18
 7.12090000e+03  1.50192031e-18
 7.12350000e+03  1.50192984e-18
 7.12620000e+03  1.50247579e-18
 7.12890000e+03  1.51834691e-18
 7.13150000e+03  1.51890753e-18
 7.13420000e+03  1.51916801e-18
 7.13680000e+03  1.53197481e-18
 7.13950000e+03  1.53223015e-18
 7.14210000e+03  1.53278489e-18
 7.14480000e+03  1.50440297e-18
 7.14740000e+03  1.50468949e-18
 7.15010000e+03  1.50495476e-18
 7.15270000e+03  1.51385018e-18
 7.15540000e+03  1.53881952e-18
 7.15800000e+03  1.53937063e-18
 7.16070000e+03  1.53102274e-18
 7.16330000e+03  1.51909737e-18
 7.16600000e+03  1.51963383e-18
 7.16870000e+03  1.51989278e-18
 7.17130000e+03  1.50770775e-18
 7.17400000e+03  1.50797100e-18
 7.17660000e+03  1.51821968e-18
 7.17930000e+03  1.51847878e-18
 7.18190000e+03  1.51875883e-18
 7.18460000e+03  1.50934050e-18
 7.18720000e+03  1.50990004e-18
 7.18990000e+03  1.51016188e-18
 7.19250000e+03  1.51044452e-18
 7.19520000e+03  1.51098204e-18
 7.19780000e+03  1.51126418e-18
 7.20050000e+03  1.51180100e-18
 7.20320000e+03  1.51233742e-18
 7.20580000e+03  1.51289443e-18
 7.20850000e+03  1.51343004e-18
 7.21110000e+03  1.51371078e-18
 7.21380000e+03  1.51424569e-18
 7.21640000e+03  1.51480120e-18
 7.21910000e+03  1.51533531e-18
 7.22170000e+03  1.52194147e-18
 7.22440000e+03  1.52247253e-18
 7.22700000e+03  1.52907128e-18
 7.22970000e+03  1.52355452e-18
 7.23230000e+03  1.52410545e-18
 7.23500000e+03  1.51859459e-18
 7.23760000e+03  1.83368030e-18
 7.24030000e+03  1.83491702e-18
 7.24300000e+03  2.10081113e-18
 7.24560000e+03  1.81959271e-18
 7.24830000e+03  1.82823284e-18
 7.25090000e+03  1.56293335e-18
 7.25360000e+03  1.54126463e-18
 7.25620000e+03  1.53386841e-18
 7.25890000e+03  1.53439250e-18
 7.26150000e+03  1.52372144e-18
 7.26420000e+03  1.52424892e-18
 7.26680000e+03  1.54721244e-18
 7.26950000e+03  1.54773081e-18
 7.27210000e+03  1.80476720e-18
 7.27480000e+03  1.78334493e-18
 7.27740000e+03  1.78434556e-18
 7.28010000e+03  1.52746854e-18
 7.28280000e+03  1.54517707e-18
 7.28540000e+03  1.54598894e-18
 7.28810000e+03  1.55277533e-18
 7.29070000e+03  1.54105060e-18
 7.29340000e+03  2.03209371e-18
 7.29600000e+03  2.02701332e-18
 7.29870000e+03  2.02326966e-18
 7.30130000e+03  1.60683016e-18
 7.30400000e+03  1.60922781e-18
 7.30660000e+03  1.60974266e-18
 7.30930000e+03  1.60806096e-18
 7.31190000e+03  1.60721748e-18
 7.31460000e+03  1.68320772e-18
 7.31720000e+03  1.70107002e-18
 7.31990000e+03  1.70179945e-18
 7.32260000e+03  1.62684232e-18
 7.32520000e+03  1.53650440e-18
 7.32790000e+03  1.54705254e-18
 7.33050000e+03  1.54731678e-18
 7.33320000e+03  1.54810150e-18
 7.33580000e+03  1.53861681e-18
 7.33850000e+03  6.25425234e-18
 7.34110000e+03  6.29722620e-18
 7.34380000e+03  6.30356675e-18
 7.34640000e+03  1.59182818e-18
 7.34910000e+03  1.55826702e-18
 7.35170000e+03  1.55879674e-18
 7.35440000e+03  1.58469456e-18
 7.35700000e+03  1.58278448e-18
 7.35970000e+03  1.59839833e-18
 7.36240000e+03  1.55895957e-18
 7.36500000e+03  1.57594066e-18
 7.36770000e+03  1.56107351e-18
 7.37030000e+03  1.61496593e-18
 7.37300000e+03  1.60629188e-18
 7.37560000e+03  1.65608972e-18
 7.37830000e+03  1.61483025e-18
 7.38090000e+03  1.66916460e-18
 7.38360000e+03  1.62066602e-18
 7.38620000e+03  1.61148945e-18
 7.38890000e+03  1.55229306e-18
 7.39150000e+03  1.55228453e-18
 7.39420000e+03  1.55118041e-18
 7.39680000e+03  1.56298868e-18
 7.39950000e+03  1.58416336e-18
 7.40220000e+03  1.58546404e-18
 7.40480000e+03  1.57524982e-18
 7.40750000e+03  1.58084349e-18
 7.41010000e+03  1.68001187e-18
 7.41280000e+03  1.68502743e-18
 7.41540000e+03  1.74310259e-18
 7.41810000e+03  1.64365599e-18
 7.42070000e+03  1.66155069e-18
 7.42340000e+03  1.57826029e-18
 7.42600000e+03  1.64163992e-18
 7.42870000e+03  1.61777932e-18
 7.43130000e+03  1.63966718e-18
 7.43400000e+03  1.57707873e-18
 7.43660000e+03  1.62113596e-18
 7.43930000e+03  1.61307102e-18
 7.44200000e+03  1.62022657e-18
 7.44460000e+03  1.57723468e-18
 7.44730000e+03  1.57746305e-18
 7.44990000e+03  1.60730955e-18
 7.45260000e+03  1.60779342e-18
 7.45520000e+03  1.59950562e-18
 7.45790000e+03  1.60052467e-18
 7.46050000e+03  1.60635717e-18
 7.46320000e+03  1.63771588e-18
 7.46580000e+03  1.63209016e-18
 7.46850000e+03  2.13286591e-18
 7.47110000e+03  2.21242062e-18
 7.47380000e+03  2.18397941e-18
 7.47640000e+03  1.94409396e-18
 7.47910000e+03  1.86849305e-18
 7.48180000e+03  1.92516756e-18
 7.48440000e+03  1.66625339e-18
 7.48710000e+03  1.64708040e-18
 7.48970000e+03  1.58975076e-18
 7.49240000e+03  1.59288966e-18
 7.49500000e+03  1.61380502e-18
 7.49770000e+03  1.66329766e-18
 7.50030000e+03  1.69821082e-18
 7.50300000e+03  1.66344650e-18
 7.50560000e+03  1.66075298e-18
 7.50830000e+03  1.84667526e-18
 7.51090000e+03  1.85370579e-18
 7.51360000e+03  1.94953837e-18
 7.51630000e+03  1.73661715e-18
 7.51890000e+03  1.73786600e-18
 7.52160000e+03  2.60322225e-18
 7.52420000e+03  2.60285072e-18
 7.52690000e+03  2.62250225e-18
 7.52950000e+03  1.68872299e-18
 7.53220000e+03  1.73295126e-18
 7.53480000e+03  1.72813510e-18
 7.53750000e+03  1.80078067e-18
 7.54010000e+03  1.78962169e-18
 7.54280000e+03  1.77396976e-18
 7.54540000e+03  1.63014188e-18
 7.54810000e+03  1.65192836e-18
 7.55070000e+03  1.75238264e-18
 7.55340000e+03  1.77489910e-18
 7.55610000e+03  1.71301081e-18
 7.55870000e+03  1.62359431e-18
 7.56140000e+03  1.65086169e-18
 7.56400000e+03  1.68443463e-18
 7.56670000e+03  1.67359511e-18
 7.56930000e+03  3.33344363e-18
 7.57200000e+03  3.52507561e-18
 7.57460000e+03  3.52202987e-18
 7.57730000e+03  1.82251876e-18
 7.57990000e+03  1.61328784e-18
 7.58260000e+03  1.63471922e-18
 7.58520000e+03  1.62499293e-18
 7.58790000e+03  1.60844544e-18
 7.59050000e+03  1.60082855e-18
 7.59320000e+03  1.60156737e-18
 7.59590000e+03  2.11461459e-18
 7.59850000e+03  2.10343398e-18
 7.60120000e+03  2.10399349e-18
 7.60380000e+03  1.59280362e-18
 7.60650000e+03  1.59380515e-18
 7.60910000e+03  1.59456586e-18
 7.61180000e+03  1.61696554e-18
 7.61440000e+03  1.61797870e-18
 7.61710000e+03  1.64869970e-18
 7.61970000e+03  1.67785678e-18
 7.62240000e+03  1.67856549e-18
 7.62500000e+03  1.65428603e-18
 7.62770000e+03  1.60578221e-18
 7.63030000e+03  1.62606197e-18
 7.63300000e+03  1.62262409e-18
 7.63570000e+03  1.62751353e-18
 7.63830000e+03  1.60927520e-18
 7.64100000e+03  1.61026638e-18
 7.64360000e+03  1.68196627e-18
 7.64630000e+03  1.68319089e-18
 7.64890000e+03  1.68417696e-18
 7.65160000e+03  1.61037214e-18
 7.65420000e+03  1.61138226e-18
 7.65690000e+03  1.61263008e-18
 7.65950000e+03  2.13517964e-18
 7.66220000e+03  2.13650127e-18
 7.66480000e+03  2.13759069e-18
 7.66750000e+03  1.61687752e-18
 7.67010000e+03  1.62824277e-18
 7.67280000e+03  1.62948207e-18
 7.67550000e+03  1.63046169e-18
 7.67810000e+03  1.62835728e-18
 7.68080000e+03  1.62933662e-18
 7.68340000e+03  1.63318040e-18
 7.68610000e+03  1.62717931e-18
 7.68870000e+03  1.69096049e-18
 7.69140000e+03  1.68959209e-18
 7.69400000e+03  1.69082840e-18
 7.69670000e+03  1.72146422e-18
 7.69930000e+03  1.73636310e-18
 7.70200000e+03  1.73730188e-18
 7.70460000e+03  1.72408214e-18
 7.70730000e+03  1.76291171e-18
 7.70990000e+03  6.35207141e-18
 7.71260000e+03  7.22297107e-18
 7.71530000e+03  8.15041917e-18
 7.71790000e+03  3.65842275e-18
 7.72060000e+03  2.75790907e-18
 7.72320000e+03  2.72225795e-18
 7.72590000e+03  2.63080206e-18
 7.72850000e+03  2.60292901e-18
 7.73120000e+03  1.72740005e-18
 7.73380000e+03  1.72861729e-18
 7.73650000e+03  1.71106766e-18
 7.73910000e+03  1.65838747e-18
 7.74180000e+03  1.65960521e-18
 7.74440000e+03  1.66982107e-18
 7.74710000e+03  1.70718802e-18
 7.74970000e+03  1.75839302e-18
 7.75240000e+03  1.75060599e-18
 7.75510000e+03  1.70542692e-18
 7.75770000e+03  1.72815691e-18
 7.76040000e+03  1.72934745e-18
 7.76300000e+03  1.73363010e-18
 7.76570000e+03  1.66319466e-18
 7.76830000e+03  1.66468369e-18
 7.77100000e+03  1.82719274e-18
 7.77360000e+03  1.82862590e-18
 7.77630000e+03  1.82977913e-18
 7.77890000e+03  1.66701183e-18
 7.78160000e+03  1.67996299e-18
 7.78420000e+03  1.75748984e-18
 7.78690000e+03  1.78672727e-18
 7.78960000e+03  1.88122764e-18
 7.79220000e+03  1.81508358e-18
 7.79490000e+03  1.78820644e-18
 7.79750000e+03  1.68519899e-18
 7.80020000e+03  1.72026891e-18
 7.80280000e+03  1.72147776e-18
 7.80550000e+03  2.65996179e-18
 7.80810000e+03  2.61786190e-18
 7.81080000e+03  2.61848290e-18
 7.81340000e+03  1.73744730e-18
 7.81610000e+03  1.86315865e-18
 7.81870000e+03  1.16643066e-17
 7.82140000e+03  1.16036434e-17
 7.82400000e+03  1.14720801e-17
 7.82670000e+03  1.70860686e-18
 7.82940000e+03  1.71004737e-18
 7.83200000e+03  1.71125510e-18
 7.83470000e+03  1.69748105e-18
 7.83730000e+03  1.69894560e-18
 7.84000000e+03  1.70064086e-18
 7.84260000e+03  1.69982377e-18
 7.84530000e+03  1.70151759e-18
 7.84790000e+03  1.71740656e-18
 7.85060000e+03  8.91150173e-18
 7.85320000e+03  8.90627483e-18
 7.85590000e+03  8.88677790e-18
 7.85850000e+03  1.70877060e-18
 7.86120000e+03  1.71020523e-18
 7.86380000e+03  1.71166064e-18
 7.86650000e+03  1.71309330e-18
 7.86920000e+03  1.71477742e-18
 7.87180000e+03  1.71622984e-18
 7.87450000e+03  1.71765949e-18
 7.87710000e+03  1.71936215e-18
 7.87980000e+03  1.72078977e-18
 7.88240000e+03  1.72249026e-18
 7.88510000e+03  1.74583322e-18
 7.88770000e+03  1.97065540e-18
 7.89040000e+03  1.97224686e-18
 7.89300000e+03  1.95196678e-18
 7.89570000e+03  1.73065856e-18
 7.89830000e+03  1.73235238e-18
 7.90100000e+03  1.73402314e-18
 7.90360000e+03  1.73571472e-18
 7.90630000e+03  1.73738321e-18
 7.90900000e+03  1.74357149e-18
 7.91160000e+03  1.74525822e-18
 7.91430000e+03  1.74692177e-18
 7.91690000e+03  1.82538536e-18
 7.91960000e+03  1.82727131e-18
 7.92220000e+03  1.82892831e-18
 7.92490000e+03  1.74934768e-18
 7.92750000e+03  1.81392385e-18
 7.93020000e+03  1.81556068e-18
 7.93280000e+03  1.81721931e-18
 7.93550000e+03  1.75627294e-18
 7.93810000e+03  1.75794988e-18
 7.94080000e+03  1.76135466e-18
 7.94340000e+03  1.85580664e-18
 7.94610000e+03  1.92167341e-18
 7.94880000e+03  1.92177038e-18
 7.95140000e+03  1.84369673e-18
 7.95410000e+03  1.78163520e-18
 7.95670000e+03  1.78354958e-18
 7.95940000e+03  1.77246253e-18
 7.96200000e+03  8.40334944e-18
 7.96470000e+03  8.40474065e-18
 7.96730000e+03  8.40648574e-18
 7.97000000e+03  1.78007479e-18
 7.97260000e+03  1.79369635e-18
 7.97530000e+03  1.79557985e-18
 7.97790000e+03  1.79748460e-18
 7.98060000e+03  1.78791574e-18
 7.98320000e+03  1.79007056e-18
 7.98590000e+03  1.79195278e-18
 7.98860000e+03  1.81621314e-18
 7.99120000e+03  1.88199286e-18
 7.99390000e+03  1.88409065e-18
 7.99650000e+03  1.86360490e-18
 7.99920000e+03  1.80536318e-18
 8.00180000e+03  1.81917506e-18
 8.00450000e+03  1.82129126e-18
 8.00710000e+03  1.82020370e-18
 8.00980000e+03  1.81066206e-18
 8.01240000e+03  1.98312368e-18
 8.01510000e+03  1.98542969e-18
 8.01770000e+03  2.26599068e-18
 8.02040000e+03  2.11959545e-18
 8.02300000e+03  5.90313366e-18
 8.02570000e+03  5.88159439e-18
 8.02840000e+03  5.86848215e-18
 8.03100000e+03  2.08958963e-18
 8.03370000e+03  1.84508492e-18
 8.03630000e+03  1.86648737e-18
 8.03900000e+03  1.85696484e-18
 8.04160000e+03  1.85636445e-18
 8.04430000e+03  1.83919651e-18
 8.04690000e+03  1.93759252e-18
 8.04960000e+03  2.48527826e-18
 8.05220000e+03  2.52024671e-18
 8.05490000e+03  2.47649120e-18
 8.05750000e+03  2.01689274e-18
 8.06020000e+03  1.98762879e-18
 8.06290000e+03  1.96971739e-18
 8.06550000e+03  1.95898457e-18
 8.06820000e+03  2.03982346e-18
 8.07080000e+03  2.01258456e-18
 8.07350000e+03  2.00354596e-18
 8.07610000e+03  2.00486868e-18
 8.07880000e+03  2.10722393e-18
 8.08140000e+03  2.27664281e-18
 8.08410000e+03  2.20560578e-18
 8.08670000e+03  2.10811308e-18
 8.08940000e+03  1.88296618e-18
 8.09200000e+03  1.88923468e-18
 8.09470000e+03  1.92811405e-18
 8.09730000e+03  1.93117478e-18
 8.10000000e+03  2.74031428e-18
 8.10270000e+03  2.70605959e-18
 8.10530000e+03  2.79979237e-18
 8.10800000e+03  2.00041072e-18
 8.11060000e+03  2.04091597e-18
 8.11330000e+03  1.96776467e-18
 8.11590000e+03  1.99087598e-18
 8.11860000e+03  2.01027750e-18
 8.12120000e+03  2.00278511e-18
 8.12390000e+03  2.08843459e-18
 8.12650000e+03  2.05427807e-18
 8.12920000e+03  2.11419688e-18
 8.13180000e+03  2.01483130e-18
 8.13450000e+03  2.01977914e-18
 8.13710000e+03  2.02645743e-18
 8.13980000e+03  2.05165361e-18
 8.14250000e+03  2.05609646e-18
 8.14510000e+03  2.13933565e-18
 8.14780000e+03  2.60940741e-18
 8.15040000e+03  2.60321308e-18
 8.15310000e+03  2.52414158e-18
 8.15570000e+03  2.09636686e-18
 8.15840000e+03  2.08471626e-18
 8.16100000e+03  2.02831186e-18
 8.16370000e+03  2.21402925e-18
 8.16630000e+03  2.33275969e-18
 8.16900000e+03  2.41296388e-18
 8.17160000e+03  2.16886162e-18
 8.17430000e+03  2.06024830e-18
 8.17690000e+03  2.02023792e-18
 8.17960000e+03  2.02928521e-18
 8.18230000e+03  2.03419938e-18
 8.18490000e+03  2.28207432e-18
 8.18760000e+03  2.34828388e-18
 8.19020000e+03  2.42321069e-18
 8.19290000e+03  2.37755712e-18
 8.19550000e+03  2.29802854e-18
 8.19820000e+03  2.22094636e-18
 8.20080000e+03  1.98504091e-18
 8.20350000e+03  1.98753548e-18
 8.20610000e+03  2.03628792e-18
 8.20880000e+03  2.08909789e-18
 8.21140000e+03  2.11528878e-18
 8.21410000e+03  2.07783476e-18
 8.21670000e+03  2.04671588e-18
 8.21940000e+03  2.09099560e-18
 8.22210000e+03  2.10118088e-18
 8.22470000e+03  2.11549102e-18
 8.22740000e+03  2.11672832e-18
 8.23000000e+03  2.10833588e-18
 8.23270000e+03  2.13370345e-18
 8.23530000e+03  2.07538036e-18
 8.23800000e+03  2.07397676e-18
 8.24060000e+03  2.02149536e-18
 8.24330000e+03  2.13626123e-18
 8.24590000e+03  2.14474189e-18
 8.24860000e+03  2.20713527e-18
 8.25120000e+03  2.09328903e-18
 8.25390000e+03  2.15277116e-18
 8.25650000e+03  2.20742935e-18
 8.25920000e+03  2.33874942e-18
 8.26190000e+03  2.46781974e-18
 8.26450000e+03  2.39469535e-18
 8.26720000e+03  2.26872720e-18
 8.26980000e+03  2.18129997e-18
 8.27250000e+03  2.14721046e-18
 8.27510000e+03  2.65184312e-18
 8.27780000e+03  2.55474912e-18
 8.28040000e+03  2.55802519e-18
 8.28310000e+03  2.08139022e-18
 8.28570000e+03  9.08725183e-18
 8.28840000e+03  9.24414868e-18
 8.29100000e+03  9.26856311e-18
 8.29370000e+03  3.76968914e-18
 8.29630000e+03  7.29278918e-18
 8.29900000e+03  7.33948528e-18
 8.30170000e+03  5.82411932e-18
 8.30430000e+03  2.24352148e-18
 8.30700000e+03  2.17224917e-18
 8.30960000e+03  2.17515531e-18
 8.31230000e+03  2.14075306e-18
 8.31490000e+03  2.28199143e-18
 8.31760000e+03  2.28507185e-18
 8.32020000e+03  2.23493658e-18
 8.32290000e+03  2.09912302e-18
 8.32550000e+03  2.10156925e-18
 8.32820000e+03  2.10446573e-18
 8.33080000e+03  2.10738563e-18
 8.33350000e+03  2.11027838e-18
 8.33620000e+03  2.18775451e-18
 8.33880000e+03  2.32785876e-18
 8.34150000e+03  4.39463780e-18
 8.34410000e+03  4.35946309e-18
 8.34680000e+03  4.44563282e-18
 8.34940000e+03  2.38247880e-18
 8.35210000e+03  2.38408699e-18
 8.35470000e+03  2.16769322e-18
 8.35740000e+03  2.19242543e-18
 8.36000000e+03  2.16204193e-18
 8.36270000e+03  2.31693025e-18
 8.36530000e+03  2.29887536e-18
 8.36800000e+03  2.30240655e-18
 8.37060000e+03  2.20961425e-18
 8.37330000e+03  2.21293476e-18
 8.37600000e+03  2.21838756e-18
 8.37860000e+03  2.16554032e-18
 8.38130000e+03  2.37957311e-18
 8.38390000e+03  2.38878646e-18
 8.38660000e+03  2.39251774e-18
 8.38920000e+03  2.18435163e-18
 8.39190000e+03  2.18530581e-18
 8.39450000e+03  2.24378811e-18
 8.39720000e+03  2.35945442e-18
 8.39980000e+03  2.35754166e-18
 8.40250000e+03  2.30571926e-18
 8.40510000e+03  2.55576081e-18
 8.40780000e+03  2.70284025e-18
 8.41040000e+03  2.71121607e-18
 8.41310000e+03  2.51838575e-18
 8.41580000e+03  2.40640405e-18
 8.41840000e+03  2.47668623e-18
 8.42110000e+03  2.46952314e-18
 8.42370000e+03  2.59563009e-18
 8.42640000e+03  2.78150506e-18
 8.42900000e+03  2.66092773e-18
 8.43170000e+03  2.71756023e-18
 8.43430000e+03  2.52548031e-18
 8.43700000e+03  2.51996322e-18
 8.43960000e+03  2.32830017e-18
 8.44230000e+03  2.27508436e-18
 8.44490000e+03  2.26403404e-18
 8.44760000e+03  2.26025348e-18
 8.45020000e+03  2.32937583e-18
 8.45290000e+03  2.33098181e-18
 8.45560000e+03  2.33517095e-18
 8.45820000e+03  2.27362583e-18
 8.46090000e+03  2.27759588e-18
 8.46350000e+03  2.28159034e-18
 8.46620000e+03  2.36884990e-18
 8.46880000e+03  2.37515946e-18
 8.47150000e+03  2.37909217e-18
 8.47410000e+03  2.29959919e-18
 8.47680000e+03  2.30144446e-18
 8.47940000e+03  2.30542413e-18
 8.48210000e+03  2.30960832e-18
 8.48470000e+03  2.31358299e-18
 8.48740000e+03  2.31776198e-18
 8.49000000e+03  2.34161953e-18
 8.49270000e+03  2.34578699e-18
 8.49540000e+03  2.49001361e-18
 8.49800000e+03  2.47475900e-18
 8.50070000e+03  2.52047533e-18
 8.50330000e+03  2.44775315e-18
 8.50600000e+03  2.45841937e-18
 8.50860000e+03  2.42148134e-18
 8.51130000e+03  2.47485948e-18
 8.51390000e+03  2.47760347e-18
 8.51660000e+03  2.48894669e-18
 8.51920000e+03  2.45974000e-18
 8.52190000e+03  2.55289955e-18
 8.52450000e+03  2.55025668e-18
 8.52720000e+03  2.47536980e-18
 8.52980000e+03  2.38565395e-18
 8.53250000e+03  2.39002084e-18
 8.53520000e+03  2.39461771e-18
 8.53780000e+03  2.39900711e-18
 8.54050000e+03  2.40336569e-18
 8.54310000e+03  2.40774971e-18
 8.54580000e+03  3.41511176e-18
 8.54840000e+03  3.42011483e-18
 8.55110000e+03  3.42507481e-18
 8.55370000e+03  2.42497016e-18
 8.55640000e+03  2.42954462e-18
 8.55900000e+03  2.43391253e-18
 8.56170000e+03  2.43848133e-18
 8.56430000e+03  2.44307578e-18
 8.56700000e+03  2.44763886e-18
 8.56960000e+03  2.45222769e-18
 8.57230000e+03  2.45678507e-18
 8.57500000e+03  2.46133958e-18
 8.57760000e+03  2.46591997e-18
 8.58030000e+03  2.47070031e-18
 8.58290000e+03  2.47527503e-18
 8.58560000e+03  2.90831439e-18
 8.58820000e+03  2.91344771e-18
 8.59090000e+03  2.91854395e-18
 8.59350000e+03  2.58618210e-18
 8.59620000e+03  2.59091582e-18
 8.59880000e+03  2.59567675e-18
 8.60150000e+03  2.50825880e-18
 8.60410000e+03  2.51304178e-18
 8.60680000e+03  2.51779262e-18
 8.60950000e+03  2.52254047e-18
 8.61210000e+03  2.52754535e-18
 8.61480000e+03  2.53228723e-18
 8.61740000e+03  2.56079869e-18
 8.62010000e+03  3.50804106e-18
 8.62270000e+03  3.51435525e-18
 8.62540000e+03  5.49085739e-18
 8.62800000e+03  4.55330773e-18
 8.63070000e+03  5.11025254e-18
 8.63330000e+03  3.11589419e-18
 8.63600000e+03  3.12159058e-18
 8.63860000e+03  2.57589958e-18
 8.64130000e+03  2.58084169e-18
 8.64390000e+03  3.30373387e-18
 8.64660000e+03  3.51314153e-18
 8.64930000e+03  3.51870515e-18
 8.65190000e+03  3.55644954e-18
 8.65460000e+03  3.35771913e-18
 8.65720000e+03  3.36336493e-18
 8.65990000e+03  2.61589951e-18
 8.66250000e+03  4.39804265e-18
 8.66520000e+03  4.40446656e-18
 8.66780000e+03  6.66556413e-18
 8.67050000e+03  4.89274402e-18
 8.67310000e+03  6.53987318e-18
 8.67580000e+03  4.31551337e-18
 8.67840000e+03  4.90087937e-18
 8.68110000e+03  3.26371967e-18
 8.68370000e+03  3.24261197e-18
 8.68640000e+03  2.66760574e-18
 8.68910000e+03  2.89721927e-18
 8.69170000e+03  2.90275187e-18
 8.69440000e+03  2.90847618e-18
 8.69700000e+03  2.70249822e-18
 8.69970000e+03  2.70782453e-18
 8.70230000e+03  2.71272217e-18
 8.70500000e+03  2.70914243e-18
 8.70760000e+03  2.71472108e-18
 8.71030000e+03  2.72003712e-18
 8.71290000e+03  2.72036539e-18
 8.71560000e+03  2.72567644e-18
 8.71820000e+03  2.73101554e-18
 8.72090000e+03  2.73654785e-18
 8.72350000e+03  2.74210817e-18
 8.72620000e+03  2.74763369e-18
 8.72890000e+03  2.75315579e-18
 8.73150000e+03  2.75870607e-18
 8.73420000e+03  2.76422140e-18
 8.73680000e+03  2.76976502e-18
 8.73950000e+03  2.77550088e-18
 8.74210000e+03  2.93487083e-18
 8.74480000e+03  2.94077939e-18
 8.74740000e+03  3.05208769e-18
 8.75010000e+03  2.91198279e-18
 8.75270000e+03  2.91792635e-18
 8.75540000e+03  3.04725699e-18
 8.75800000e+03  4.22329542e-18
 8.76070000e+03  4.29296504e-18
 8.76330000e+03  7.90606934e-18
 8.76600000e+03  6.94644197e-18
 8.76870000e+03  6.88812158e-18
 8.77130000e+03  3.05826553e-18
 8.77400000e+03  2.85446877e-18
 8.77660000e+03  2.86063952e-18
 8.77930000e+03  2.86609516e-18
 8.78190000e+03  2.87655650e-18
 8.78460000e+03  2.95142532e-18
 8.78720000e+03  2.95733388e-18
 8.78990000e+03  2.95326159e-18
 8.79250000e+03  2.88958113e-18
 8.79520000e+03  2.89546974e-18
 8.79780000e+03  2.90138772e-18
 8.80050000e+03  2.90704344e-18
 8.80310000e+03  2.91340574e-18
 8.80580000e+03  2.91950554e-18
 8.80850000e+03  2.92537608e-18
 8.81110000e+03  2.93150175e-18
 8.81380000e+03  2.93759047e-18
 8.81640000e+03  2.94370885e-18
 8.81910000e+03  2.94979017e-18
 8.82170000e+03  3.02660693e-18
 8.82440000e+03  3.20828874e-17
 8.82700000e+03  3.21438755e-17
 8.82970000e+03  3.21473198e-17
 8.83230000e+03  3.01960097e-18
 8.83500000e+03  3.07848514e-18
 8.83760000e+03  3.05779951e-18
 8.84030000e+03  3.06428082e-18
 8.84290000e+03  3.00542341e-18
 8.84560000e+03  3.01169225e-18
 8.84830000e+03  3.11718638e-18
 8.85090000e+03  3.12412589e-18
 8.85360000e+03  3.13012850e-18
 8.85620000e+03  3.03679795e-18
 8.85890000e+03  3.04215089e-18
 8.86150000e+03  3.04865578e-18
 8.86420000e+03  3.30207793e-18
 8.86680000e+03  3.30872675e-18
 8.86950000e+03  3.31533430e-18
 8.87210000e+03  3.07434402e-18
 8.87480000e+03  3.08079510e-18
 8.87740000e+03  3.08727702e-18
 8.88010000e+03  3.09349662e-18
 8.88270000e+03  8.85376931e-18
 8.88540000e+03  8.86918751e-18
 8.88810000e+03  8.88481985e-18
 8.89070000e+03  3.11997137e-18
 8.89340000e+03  3.12639510e-18
 8.89600000e+03  3.13307344e-18
 8.89870000e+03  3.13971260e-18
 8.90130000e+03  3.15285482e-18
 8.90400000e+03  3.15948403e-18
 8.90660000e+03  3.16636779e-18
 8.90930000e+03  3.16652303e-18
 8.91190000e+03  3.17317775e-18
 8.91460000e+03  3.18001574e-18
 8.91720000e+03  4.33925203e-18
 8.91990000e+03  4.34795999e-18
 8.92260000e+03  4.35666267e-18
 8.92520000e+03  3.20717567e-18
 8.92790000e+03  3.21399320e-18
 8.93050000e+03  3.22039781e-18
 8.93320000e+03  3.22698493e-18
 8.93580000e+03  3.23360426e-18
 8.93850000e+03  3.24040572e-18
 8.94110000e+03  5.79753093e-18
 8.94380000e+03  5.80888482e-18
 8.94640000e+03  5.82029692e-18
 8.94910000e+03  3.31936294e-18
 8.95170000e+03  3.32660940e-18
 8.95440000e+03  3.33381442e-18
 8.95700000e+03  3.31931837e-18
 8.95970000e+03  3.32652133e-18
 8.96240000e+03  3.33371995e-18
 8.96500000e+03  3.31059532e-18
 8.96770000e+03  3.31779448e-18
 8.97030000e+03  3.32502637e-18
 8.97300000e+03  3.43183809e-18
 8.97560000e+03  3.45430349e-18
 8.97830000e+03  3.75239424e-18
 8.98090000e+03  3.67610480e-18
 8.98360000e+03  3.66991422e-18
 8.98620000e+03  3.41972323e-18
 8.98890000e+03  3.41074045e-18
 8.99150000e+03  3.41704472e-18
 8.99420000e+03  3.39017849e-18
 8.99680000e+03  3.39758896e-18
 8.99950000e+03  3.51134843e-18
 9.00220000e+03  3.57252204e-18
 9.00480000e+03  3.58053507e-18
 9.00750000e+03  3.48022221e-18
 9.01010000e+03  3.56343702e-18
 9.01280000e+03  3.58352817e-18
 9.01540000e+03  3.59152860e-18
 9.01810000e+03  3.47701260e-18
 9.02070000e+03  3.47292750e-18
 9.02340000e+03  3.48069408e-18
 9.02600000e+03  3.66874052e-18
 9.02870000e+03  3.67732403e-18
 9.03130000e+03  3.73037339e-18
 9.03400000e+03  3.58897152e-18
 9.03660000e+03  3.80160614e-18
 9.03930000e+03  3.76530957e-18
 9.04200000e+03  4.01529201e-18
 9.04460000e+03  3.83799624e-18
 9.04730000e+03  5.94377051e-18
 9.04990000e+03  5.73595314e-18
 9.05260000e+03  5.82157697e-18
 9.05520000e+03  3.71723700e-18
 9.05790000e+03  3.66612734e-18
 9.06050000e+03  3.58483259e-18
 9.06320000e+03  3.59297008e-18
 9.06580000e+03  3.60114244e-18
 9.06850000e+03  3.60927031e-18
 9.07110000e+03  3.61743323e-18
 9.07380000e+03  3.62555151e-18
 9.07640000e+03  3.63392385e-18
 9.07910000e+03  3.64225128e-18
 9.08180000e+03  3.86864579e-18
 9.08440000e+03  3.87715985e-18
 9.08710000e+03  4.00257761e-18
 9.08970000e+03  4.96147063e-18
 9.09240000e+03  5.02794248e-18
 9.09500000e+03  4.92319685e-18
 9.09770000e+03  3.79856425e-18
 9.10030000e+03  4.39077368e-18
 9.10300000e+03  4.40212805e-18
 9.10560000e+03  4.36727497e-18
 9.10830000e+03  3.73307787e-18
 9.11090000e+03  3.79524114e-18
 9.11360000e+03  3.83204267e-18
 9.11620000e+03  3.84097327e-18
 9.11890000e+03  3.79561483e-18
 9.12160000e+03  3.90512043e-18
 9.12420000e+03  4.29109919e-18
 9.12690000e+03  4.30158271e-18
 9.12950000e+03  4.18155604e-18
 9.13220000e+03  3.91124618e-18
 9.13480000e+03  3.92035352e-18
 9.13750000e+03  3.96767417e-18
 9.14010000e+03  4.02892011e-18
 9.14280000e+03  4.04902266e-18
 9.14540000e+03  4.12259078e-18
 9.14810000e+03  3.98435680e-18
 9.15070000e+03  4.14777234e-18
 9.15340000e+03  4.05388249e-18
 9.15600000e+03  4.21696674e-18
 9.15870000e+03  1.14395178e-17
 9.16140000e+03  1.18435658e-17
 9.16400000e+03  1.17318224e-17
 9.16670000e+03  4.28940716e-18
 9.16930000e+03  4.02280572e-18
 9.17200000e+03  4.02941829e-18
 9.17460000e+03  4.08522004e-18
 9.17730000e+03  4.20479842e-18
 9.17990000e+03  4.28908187e-18
 9.18260000e+03  4.52253571e-18
 9.18520000e+03  4.84889843e-18
 9.18790000e+03  4.97849215e-18
 9.19050000e+03  4.73651856e-18
 9.19320000e+03  4.32479585e-18
 9.19590000e+03  4.49525741e-18
 9.19850000e+03  4.65897507e-18
 9.20000000e+03  6.86230665e-18
 9.20500000e+03  6.91576636e-18
 9.21000000e+03  6.89734539e-18
 9.21500000e+03  6.85544765e-18
 9.22000000e+03  6.84871365e-18
 9.22500000e+03  6.88634552e-18
 9.23000000e+03  6.88153903e-18
 9.23500000e+03  6.84275198e-18
 9.24000000e+03  6.80572678e-18
 9.24500000e+03  6.78292285e-18
 9.25000000e+03  6.77238438e-18
 9.25500000e+03  6.79276472e-18
 9.26000000e+03  6.79467441e-18
 9.26500000e+03  6.79036435e-18
 9.27000000e+03  6.80234479e-18
 9.27500000e+03  6.72607343e-18
 9.28000000e+03  6.58523915e-18
 9.28500000e+03  6.53056099e-18
 9.29000000e+03  6.51721015e-18
 9.29500000e+03  6.41924403e-18
 9.30000000e+03  6.38994766e-18
 9.30500000e+03  8.45344242e-18
 9.31000000e+03  1.25967549e-17
 9.31500000e+03  1.37372912e-17
 9.32000000e+03  1.06198122e-17
 9.32500000e+03  1.12176140e-17
 9.33000000e+03  8.72588378e-18
 9.33500000e+03  6.39280187e-18
 9.34000000e+03  6.43255396e-18
 9.34500000e+03  5.32567295e-18
 9.35000000e+03  5.10314745e-18
 9.35500000e+03  5.11507145e-18
 9.36000000e+03  4.89395734e-18
 9.36500000e+03  5.20315174e-18
 9.37000000e+03  6.41365480e-18
 9.37500000e+03  1.17086944e-17
 9.38000000e+03  1.53722953e-17
 9.38500000e+03  1.17142097e-17
 9.39000000e+03  9.80804981e-18
 9.39500000e+03  8.30247666e-18
 9.40000000e+03  7.14254068e-18
 9.40500000e+03  7.72823527e-18
 9.41000000e+03  6.71359581e-18
 9.41500000e+03  6.56001843e-18
 9.42000000e+03  8.02359630e-18
 9.42500000e+03  7.93587741e-18
 9.43000000e+03  5.86201637e-18
 9.43500000e+03  7.68155547e-18
 9.44000000e+03  1.09260833e-17
 9.44500000e+03  9.50276143e-18
 9.45000000e+03  7.36456396e-18
 9.45500000e+03  6.97871718e-18
 9.46000000e+03  7.93906382e-18
 9.46500000e+03  6.97260323e-18
 9.47000000e+03  6.14204015e-18
 9.47500000e+03  1.04079279e-17
 9.48000000e+03  1.44239435e-17
 9.48500000e+03  9.17848969e-18
 9.49000000e+03  5.83269893e-18
 9.49500000e+03  5.49279991e-18
 9.50000000e+03  6.21694813e-18
 9.50500000e+03  7.67117101e-18
 9.51000000e+03  7.28739452e-18
 9.51500000e+03  8.21488773e-18
 9.52000000e+03  1.06383355e-17
 9.52500000e+03  9.47904836e-18
 9.53000000e+03  6.68033601e-18
 9.53500000e+03  5.79746349e-18
 9.54000000e+03  5.71842366e-18
 9.54500000e+03  5.50502514e-18
 9.55000000e+03  6.39656356e-18
 9.55500000e+03  7.25369767e-18
 9.56000000e+03  6.42810544e-18
 9.56500000e+03  7.45877698e-18
 9.57000000e+03  9.07081322e-18
 9.57500000e+03  7.75429614e-18
 9.58000000e+03  5.84881810e-18
 9.58500000e+03  5.64556815e-18
 9.59000000e+03  5.50446416e-18
 9.59500000e+03  5.45687744e-18
 9.60000000e+03  5.71144559e-18
 9.60500000e+03  6.23233159e-18
 9.61000000e+03  6.70161915e-18
 9.61500000e+03  6.56653085e-18
 9.62000000e+03  6.90155705e-18
 9.62500000e+03  7.27565451e-18
 9.63000000e+03  6.56723528e-18
 9.63500000e+03  5.94511176e-18
 9.64000000e+03  5.75842620e-18
 9.64500000e+03  5.72804886e-18
 9.65000000e+03  5.87288076e-18
 9.65500000e+03  6.16734335e-18
 9.66000000e+03  6.27581161e-18
 9.66500000e+03  6.58538134e-18
 9.67000000e+03  7.28616825e-18
 9.67500000e+03  7.30929936e-18
 9.68000000e+03  8.26324525e-18
 9.68500000e+03  9.43115662e-18
 9.69000000e+03  8.45151723e-18
 9.69500000e+03  8.99750340e-18
 9.70000000e+03  1.11195913e-17
 9.70500000e+03  9.80982885e-18
 9.71000000e+03  8.25878660e-18
 9.71500000e+03  1.00849697e-17
 9.72000000e+03  1.23899449e-17
 9.72500000e+03  1.12930211e-17
 9.73000000e+03  7.75938812e-18
 9.73500000e+03  7.20099365e-18
 9.74000000e+03  8.43525660e-18
 9.74500000e+03  7.39235072e-18
 9.75000000e+03  6.17020634e-18
 9.75500000e+03  5.95383937e-18
 9.76000000e+03  5.86388224e-18
 9.76500000e+03  5.90563325e-18
 9.77000000e+03  6.00040831e-18
 9.77500000e+03  6.03168271e-18
 9.78000000e+03  5.97599274e-18
 9.78500000e+03  7.97623469e-18
 9.79000000e+03  1.85043820e-17
 9.79500000e+03  2.67714896e-17
 9.80000000e+03  1.98640528e-17
 9.80500000e+03  1.10878321e-17
 9.81000000e+03  8.78005004e-18
 9.81500000e+03  8.23884224e-18
 9.82000000e+03  7.07555011e-18
 9.82500000e+03  6.31457262e-18
 9.83000000e+03  6.55001714e-18
 9.83500000e+03  6.31138374e-18
 9.84000000e+03  6.04695104e-18
 9.84500000e+03  7.81099957e-18
 9.85000000e+03  1.00179387e-17
 9.85500000e+03  8.44768589e-18
 9.86000000e+03  6.32056439e-18
 9.86500000e+03  6.19271717e-18
 9.87000000e+03  1.29781127e-17
 9.87500000e+03  1.98727058e-17
 9.88000000e+03  1.27687451e-17
 9.88500000e+03  6.07669553e-18
 9.89000000e+03  7.28336688e-18
 9.89500000e+03  9.88685906e-18
 9.90000000e+03  9.78816164e-18
 9.90500000e+03  7.17567204e-18
 9.91000000e+03  9.75463164e-18
 9.91500000e+03  1.70748191e-17
 9.92000000e+03  1.64854979e-17
 9.92500000e+03  9.18508532e-18
 9.93000000e+03  5.91192683e-18
 9.93500000e+03  6.05331126e-18
 9.94000000e+03  9.79333779e-18
 9.94500000e+03  1.88128105e-17
 9.95000000e+03  2.10193918e-17
 9.95500000e+03  1.63098077e-17
 9.96000000e+03  1.92049024e-17
 9.96500000e+03  1.91231043e-17
 9.97000000e+03  1.13986525e-17
 9.97500000e+03  8.06248077e-18
 9.98000000e+03  6.99555360e-18
 9.98500000e+03  5.91915099e-18
 9.99000000e+03  5.84281522e-18
 9.99500000e+03  6.25089485e-18
 1.00000000e+04  7.25450015e-18
 1.00050000e+04  7.50580689e-18
 1.00100000e+04  1.52603094e-17
 1.00150000e+04  2.48165893e-17
 1.00200000e+04  1.75544715e-17
 1.00250000e+04  1.09188140e-17
 1.00300000e+04  1.09282247e-17
 1.00350000e+04  7.86581079e-18
 1.00400000e+04  6.88944522e-18
 1.00450000e+04  7.94400350e-18
 1.00500000e+04  7.05889947e-18
 1.00550000e+04  6.53462641e-18
 1.00600000e+04  8.27494882e-18
 1.00650000e+04  9.51678268e-18
 1.00700000e+04  8.65770812e-18
 1.00750000e+04  7.49033021e-18
 1.00800000e+04  1.11185787e-17
 1.00850000e+04  1.56536264e-17
 1.00900000e+04  1.07555509e-17
 1.00950000e+04  6.00046349e-18
 1.01000000e+04  7.56245826e-18
 1.01050000e+04  9.53395705e-18
 1.01100000e+04  8.08725125e-18
 1.01150000e+04  6.05360282e-18
 1.01200000e+04  9.90239318e-18
 1.01250000e+04  1.60859930e-17
 1.01300000e+04  1.35484233e-17
 1.01350000e+04  7.75527266e-18
 1.01400000e+04  5.96070879e-18
 1.01450000e+04  6.19175849e-18
 1.01500000e+04  8.40922209e-18
 1.01550000e+04  1.13631352e-17
 1.01600000e+04  1.10627045e-17
 1.01650000e+04  9.03075597e-18
 1.01700000e+04  1.56366687e-17
 1.01750000e+04  2.31751362e-17
 1.01800000e+04  1.59044453e-17
 1.01850000e+04  1.30461804e-17
 1.01900000e+04  1.91051642e-17
 1.01950000e+04  1.75752231e-17
 1.02000000e+04  1.24337876e-17
 1.02050000e+04  1.41272212e-17
 1.02100000e+04  2.22692056e-17
 1.02150000e+04  2.57547611e-17
 1.02200000e+04  1.46258391e-17
 1.02250000e+04  9.58389686e-18
 1.02300000e+04  1.47917397e-17
 1.02350000e+04  1.39542239e-17
 1.02400000e+04  8.17003441e-18
 1.02450000e+04  5.50698236e-18
 1.02500000e+04  5.50235803e-18
 1.02550000e+04  5.49580116e-18
 1.02600000e+04  5.49234845e-18
 1.02650000e+04  5.57404632e-18
 1.02700000e+04  6.18873618e-18
 1.02750000e+04  6.65802508e-18
 1.02800000e+04  8.78210018e-18
 1.02850000e+04  3.72140394e-17
 1.02900000e+04  6.41268727e-17
 1.02950000e+04  4.35159949e-17
 1.03000000e+04  2.34138319e-17
 1.03050000e+04  1.50555437e-17
 1.03100000e+04  1.05545589e-17
 1.03150000e+04  9.88485484e-18
 1.03200000e+04  6.81320120e-18
 1.03250000e+04  6.42338661e-18
 1.03300000e+04  7.15332025e-18
 1.03350000e+04  6.32318285e-18
 1.03400000e+04  5.86443377e-18
 1.03450000e+04  1.13195729e-17
 1.03500000e+04  1.71864990e-17
 1.03550000e+04  1.20080698e-17
 1.03600000e+04  6.24541635e-18
 1.03650000e+04  5.55974852e-18
 1.03700000e+04  2.20897756e-17
 1.03750000e+04  4.11649014e-17
 1.03800000e+04  2.48617665e-17
 1.03850000e+04  6.73536161e-18
 1.03900000e+04  5.76203121e-18
 1.03950000e+04  1.25047672e-17
 1.04000000e+04  1.87625538e-17
 1.04050000e+04  1.16517791e-17
 1.04100000e+04  5.36321290e-18
 1.04150000e+04  2.13473787e-17
 1.04200000e+04  4.13914687e-17
 1.04250000e+04  2.76551368e-17
 1.04300000e+04  8.59542536e-18
 1.04350000e+04  5.46781825e-18
 1.04400000e+04  5.30460950e-18
 1.04450000e+04  6.57191210e-18
 1.04500000e+04  1.18021495e-17
 1.04550000e+04  1.44969695e-17
 1.04600000e+04  9.08523597e-18
 1.04650000e+04  1.38665877e-17
 1.04700000e+04  2.69132104e-17
 1.04750000e+04  2.18188554e-17
 1.04800000e+04  9.07737505e-18
 1.04850000e+04  5.21534389e-18
 1.04900000e+04  5.20831325e-18
 1.04950000e+04  5.21889192e-18
 1.05000000e+04  5.23816305e-18
 1.05050000e+04  7.01638004e-18
 1.05100000e+04  9.91502964e-18
 1.05150000e+04  9.07001906e-18
 1.05200000e+04  8.90048578e-18
 1.05250000e+04  1.40183623e-17
 1.05300000e+04  1.45808519e-17
 1.05350000e+04  8.40114795e-18
 1.05400000e+04  5.15024716e-18
 1.05450000e+04  5.14460270e-18
 1.05500000e+04  5.13877530e-18
 1.05550000e+04  5.13295343e-18
 1.05600000e+04  5.12713706e-18
 1.05650000e+04  5.12959915e-18
 1.05700000e+04  6.17170112e-18
 1.05750000e+04  7.31519241e-18
 1.05800000e+04  6.61309970e-18
 1.05850000e+04  7.69618736e-18
 1.05900000e+04  9.16184829e-18
 1.05950000e+04  6.88815792e-18
 1.06000000e+04  5.09729495e-18
 1.06050000e+04  5.08908502e-18
 1.06100000e+04  5.07395554e-18
 1.06150000e+04  5.06314444e-18
 1.06200000e+04  5.05701971e-18
 1.06250000e+04  5.05052682e-18
 1.06300000e+04  5.04441379e-18
 1.06350000e+04  5.09845089e-18
 1.06400000e+04  5.42538681e-18
 1.06450000e+04  5.65199353e-18
 1.06500000e+04  5.87316489e-18
 1.06550000e+04  6.21251377e-18
 1.06600000e+04  5.62484683e-18
 1.06650000e+04  5.03009432e-18
 1.06700000e+04  4.99720514e-18
 1.06750000e+04  4.98872376e-18
 1.06800000e+04  5.12923375e-18
 1.06850000e+04  6.07330016e-18
 1.06900000e+04  7.25433663e-18
 1.06950000e+04  9.11053334e-18
 1.07000000e+04  1.12748437e-17
 1.07050000e+04  1.07386834e-17
 1.07100000e+04  1.39286762e-17
 1.07150000e+04  1.77078251e-17
 1.07200000e+04  1.38406354e-17
 1.07250000e+04  1.89091121e-17
 1.07300000e+04  2.82271545e-17
 1.07350000e+04  2.01140824e-17
 1.07400000e+04  1.21626342e-17
 1.07450000e+04  1.58806592e-17
 1.07500000e+04  2.64173272e-17
 1.07550000e+04  3.26948112e-17
 1.07600000e+04  1.71312491e-17
 1.07650000e+04  4.98447511e-18
 1.07700000e+04  9.88132299e-18
 1.07750000e+04  1.50285918e-17
 1.07800000e+04  9.99985673e-18
 1.07850000e+04  5.01980477e-18
 1.07900000e+04  4.87645755e-18
 1.07950000e+04  4.88266359e-18
 1.08000000e+04  4.87470127e-18
 1.08050000e+04  4.87189397e-18
 1.08100000e+04  4.84648679e-18
 1.08150000e+04  4.82128677e-18
 1.08200000e+04  4.82328139e-18
 1.08250000e+04  9.83955890e-18
 1.08300000e+04  4.95630155e-17
 1.08350000e+04  8.19988703e-17
 1.08400000e+04  5.49224783e-17
 1.08450000e+04  3.22650455e-17
 1.08500000e+04  1.81475100e-17
 1.08550000e+04  1.03520271e-17
 1.08600000e+04  1.38959751e-17
 1.08650000e+04  8.95006741e-18
 1.08700000e+04  5.06717294e-18
 1.08750000e+04  6.45873452e-18
 1.08800000e+04  7.44132100e-18
 1.08850000e+04  5.93652574e-18
 1.08900000e+04  6.08082259e-18
 1.08950000e+04  1.39084026e-17
 1.09000000e+04  1.96022109e-17
 1.09050000e+04  1.16193874e-17
 1.09100000e+04  4.98013439e-18
 1.09150000e+04  4.72342784e-18
 1.09200000e+04  2.51971194e-17
 1.09250000e+04  5.15077675e-17
 1.09300000e+04  3.56493420e-17
 1.09350000e+04  9.93313742e-18
 1.09400000e+04  4.72643371e-18
 1.09450000e+04  1.25606173e-17
 1.09500000e+04  2.26690658e-17
 1.09550000e+04  1.62301056e-17
 1.09600000e+04  6.37003877e-18
 1.09650000e+04  4.89500831e-18
 1.09700000e+04  3.13317012e-17
 1.09750000e+04  5.97682182e-17
 1.09800000e+04  3.26717873e-17
 1.09850000e+04  5.68447196e-18
 1.09900000e+04  4.56502964e-18
 1.09950000e+04  4.51778666e-18
 1.10000000e+04  5.08150900e-18
