 3.19958616e+03  6.58931058e-18
 3.20063507e+03  6.59908386e-18
 3.20168404e+03  6.65608927e-18
 3.20273306e+03  6.67624092e-18
 3.20378215e+03  6.62997543e-18
 3.20483130e+03  6.60746026e-18
 3.20588050e+03  6.69420182e-18
 3.20692977e+03  6.81158664e-18
 3.20797910e+03  7.03922310e-18
 3.20902848e+03  7.03175658e-18
 3.21007793e+03  7.07805776e-18
 3.21112743e+03  7.07479286e-18
 3.21217700e+03  7.03284253e-18
 3.21322662e+03  7.07322865e-18
 3.21427630e+03  6.91631130e-18
 3.21532604e+03  6.90022738e-18
 3.21637585e+03  6.90534970e-18
 3.21742571e+03  6.87247723e-18
 3.21847563e+03  6.82672353e-18
 3.21952560e+03  6.74219059e-18
 3.22057564e+03  6.83558073e-18
 3.22162574e+03  6.89737010e-18
 3.22267590e+03  6.81140305e-18
 3.22372611e+03  6.79748156e-18
 3.22477639e+03  6.82408058e-18
 3.22582672e+03  6.78138878e-18
 3.22687711e+03  6.71214654e-18
 3.22792756e+03  6.81966451e-18
 3.22897807e+03  6.79396108e-18
 3.23002864e+03  6.82737280e-18
 3.23107926e+03  6.89158548e-18
 3.23212995e+03  6.77468492e-18
 3.23318069e+03  6.78257733e-18
 3.23423150e+03  6.64925338e-18
 3.23528236e+03  6.75575710e-18
 3.23633328e+03  6.67986390e-18
 3.23738426e+03  6.64058226e-18
 3.23843529e+03  6.60595585e-18
 3.23948639e+03  6.64431785e-18
 3.24053754e+03  6.66351679e-18
 3.24158875e+03  6.61831841e-18
 3.24264002e+03  6.78244754e-18
 3.24369135e+03  6.68521683e-18
 3.24474273e+03  6.56595447e-18
 3.24579418e+03  6.59688755e-18
 3.24684568e+03  6.59890317e-18
 3.24789724e+03  6.61943978e-18
 3.24894886e+03  6.54425824e-18
 3.25000053e+03  6.55976155e-18
 3.25105227e+03  6.58709751e-18
 3.25210406e+03  6.61340480e-18
 3.25315591e+03  6.62735334e-18
 3.25420782e+03  6.61996262e-18
 3.25525978e+03  6.82534175e-18
 3.25631180e+03  6.70188476e-18
 3.25736388e+03  6.85259654e-18
 3.25841602e+03  6.83357909e-18
 3.25946822e+03  6.82787394e-18
 3.26052047e+03  6.77659478e-18
 3.26157278e+03  6.91795394e-18
 3.26262515e+03  6.87164282e-18
 3.26367757e+03  6.85452969e-18
 3.26473005e+03  6.79912438e-18
 3.26578259e+03  6.94675700e-18
 3.26683519e+03  6.72614020e-18
 3.26788784e+03  6.75501964e-18
 3.26894056e+03  6.82371904e-18
 3.26999332e+03  6.77381998e-18
 3.27104615e+03  6.72044017e-18
 3.27209903e+03  6.73501782e-18
 3.27315197e+03  6.86013328e-18
 3.27420497e+03  6.69749994e-18
 3.27525802e+03  6.85444747e-18
 3.27631113e+03  6.62139413e-18
 3.27736430e+03  6.71418523e-18
 3.27841752e+03  6.63935579e-18
 3.27947080e+03  6.65701656e-18
 3.28052414e+03  6.66385316e-18
 3.28157754e+03  6.64494621e-18
 3.28263099e+03  6.74539350e-18
 3.28368449e+03  6.80441307e-18
 3.28473806e+03  6.91035805e-18
 3.28579168e+03  6.90048060e-18
 3.28684535e+03  6.95039182e-18
 3.28789909e+03  6.88990933e-18
 3.28895288e+03  6.88367091e-18
 3.29000672e+03  6.95232377e-18
 3.29106062e+03  6.96568037e-18
 3.29211458e+03  7.28089422e-18
 3.29316860e+03  7.35331434e-18
 3.29422267e+03  7.23751831e-18
 3.29527679e+03  7.35974540e-18
 3.29633098e+03  7.11933464e-18
 3.29738522e+03  7.19287852e-18
 3.29843951e+03  7.10833231e-18
 3.29949386e+03  7.01107639e-18
 3.30054827e+03  6.94545474e-18
 3.30160273e+03  6.87970550e-18
 3.30265725e+03  6.79813767e-18
 3.30371182e+03  6.85168136e-18
 3.30476645e+03  6.70525401e-18
 3.30582114e+03  6.85151871e-18
 3.30687588e+03  6.78154319e-18
 3.30793068e+03  6.75498270e-18
 3.30898553e+03  6.74049616e-18
 3.31004044e+03  6.78009147e-18
 3.31109540e+03  6.72951390e-18
 3.31215042e+03  6.95151448e-18
 3.31320549e+03  6.80721798e-18
 3.31426062e+03  6.83470301e-18
 3.31531581e+03  7.11330972e-18
 3.31637105e+03  7.08169942e-18
 3.31742634e+03  7.11159529e-18
 3.31848169e+03  7.09623636e-18
 3.31953710e+03  7.01890653e-18
 3.32059256e+03  7.03341316e-18
 3.32164807e+03  6.91517669e-18
 3.32270364e+03  6.97867577e-18
 3.32375927e+03  6.98015563e-18
 3.32481495e+03  6.98432005e-18
 3.32587069e+03  6.82083370e-18
 3.32692648e+03  6.80479294e-18
 3.32798232e+03  6.76185894e-18
 3.32903822e+03  6.91134923e-18
 3.33009418e+03  6.65867742e-18
 3.33115019e+03  6.78349473e-18
 3.33220625e+03  6.73840175e-18
 3.33326237e+03  6.64793924e-18
 3.33431854e+03  6.63306778e-18
 3.33537477e+03  6.64198925e-18
 3.33643105e+03  6.67633844e-18
 3.33748739e+03  6.71942774e-18
 3.33854378e+03  6.64195700e-18
 3.33960022e+03  6.59817223e-18
 3.34065672e+03  6.69616725e-18
 3.34171327e+03  6.60036798e-18
 3.34276988e+03  6.69939438e-18
 3.34382654e+03  6.63688462e-18
 3.34488326e+03  6.63053901e-18
 3.34594003e+03  6.63553533e-18
 3.34699685e+03  6.66648966e-18
 3.34805373e+03  6.44422335e-18
 3.34911066e+03  6.50862005e-18
 3.35016765e+03  6.60894612e-18
 3.35122469e+03  6.51630246e-18
 3.35228178e+03  6.58868687e-18
 3.35333893e+03  6.56897232e-18
 3.35439613e+03  6.59599674e-18
 3.35545339e+03  6.54869123e-18
 3.35651070e+03  6.54964663e-18
 3.35756806e+03  6.47216933e-18
 3.35862547e+03  6.51002644e-18
 3.35968294e+03  6.44250741e-18
 3.36074047e+03  6.50171865e-18
 3.36179804e+03  6.52132579e-18
 3.36285567e+03  6.61769026e-18
 3.36391335e+03  6.58967788e-18
 3.36497109e+03  6.61638030e-18
 3.36602888e+03  6.86904090e-18
 3.36708672e+03  7.10463186e-18
 3.36814462e+03  7.41815114e-18
 3.36920257e+03  7.50100464e-18
 3.37026057e+03  7.59322335e-18
 3.37131862e+03  7.43120915e-18
 3.37237673e+03  7.42489908e-18
 3.37343489e+03  7.31327467e-18
 3.37449311e+03  7.19047890e-18
 3.37555137e+03  7.28926338e-18
 3.37660969e+03  7.15448073e-18
 3.37766807e+03  7.03385400e-18
 3.37872649e+03  6.98554371e-18
 3.37978497e+03  6.97404843e-18
 3.38084350e+03  6.89804475e-18
 3.38190208e+03  6.90296706e-18
 3.38296072e+03  6.88244799e-18
 3.38401941e+03  6.96758758e-18
 3.38507815e+03  6.93537006e-18
 3.38613694e+03  6.71984675e-18
 3.38719579e+03  6.65033182e-18
 3.38825469e+03  6.78169397e-18
 3.38931364e+03  6.75366894e-18
 3.39037264e+03  6.73081583e-18
 3.39143169e+03  6.99072026e-18
 3.39249080e+03  6.74465701e-18
 3.39354996e+03  6.80130238e-18
 3.39460917e+03  6.79324364e-18
 3.39566843e+03  6.78368096e-18
 3.39672775e+03  6.70541638e-18
 3.39778712e+03  6.82951244e-18
 3.39884654e+03  6.65195668e-18
 3.39990601e+03  6.80685463e-18
 3.40096553e+03  6.69312957e-18
 3.40202511e+03  6.65840865e-18
 3.40308473e+03  6.54445789e-18
 3.40414441e+03  6.69334004e-18
 3.40520414e+03  6.72376748e-18
 3.40626392e+03  6.67089760e-18
 3.40732376e+03  6.57370860e-18
 3.40838364e+03  6.53849806e-18
 3.40944358e+03  6.55087875e-18
 3.41050357e+03  6.44752114e-18
 3.41156361e+03  6.66595023e-18
 3.41262370e+03  6.61154450e-18
 3.41368384e+03  6.59200838e-18
 3.41474403e+03  6.68490272e-18
 3.41580428e+03  6.68534172e-18
 3.41686457e+03  6.82017303e-18
 3.41792492e+03  6.82512165e-18
 3.41898532e+03  6.72172146e-18
 3.42004577e+03  6.72012146e-18
 3.42110627e+03  6.63511858e-18
 3.42216682e+03  6.71916487e-18
 3.42322742e+03  6.75952845e-18
 3.42428807e+03  6.64924240e-18
 3.42534878e+03  6.69769020e-18
 3.42640953e+03  6.65494343e-18
 3.42747034e+03  6.74828133e-18
 3.42853119e+03  6.80606520e-18
 3.42959210e+03  6.71785607e-18
 3.43065306e+03  6.64623521e-18
 3.43171407e+03  6.66487037e-18
 3.43277513e+03  6.76137587e-18
 3.43383624e+03  6.92537913e-18
 3.43489740e+03  6.72892099e-18
 3.43595861e+03  6.71339859e-18
 3.43701987e+03  6.82942877e-18
 3.43808118e+03  6.79949815e-18
 3.43914254e+03  6.67254755e-18
 3.44020395e+03  6.57679874e-18
 3.44126541e+03  6.71787701e-18
 3.44232692e+03  6.59950749e-18
 3.44338849e+03  6.55905367e-18
 3.44445010e+03  6.55295533e-18
 3.44551176e+03  6.50956740e-18
 3.44657347e+03  6.53150109e-18
 3.44763524e+03  6.67434853e-18
 3.44869705e+03  6.79528051e-18
 3.44975891e+03  7.03026799e-18
 3.45082082e+03  7.22248206e-18
 3.45188278e+03  7.28466255e-18
 3.45294480e+03  7.04085948e-18
 3.45400686e+03  7.18240684e-18
 3.45506897e+03  6.94866632e-18
 3.45613113e+03  7.03296884e-18
 3.45719334e+03  7.11004031e-18
 3.45825560e+03  6.99314503e-18
 3.45931791e+03  7.09005253e-18
 3.46038027e+03  6.89114367e-18
 3.46144268e+03  6.86427044e-18
 3.46250513e+03  6.94578224e-18
 3.46356764e+03  6.92904354e-18
 3.46463020e+03  6.79724338e-18
 3.46569280e+03  6.78356272e-18
 3.46675546e+03  6.78001305e-18
 3.46781816e+03  6.89863746e-18
 3.46888091e+03  6.80773635e-18
 3.46994371e+03  6.66076119e-18
 3.47100656e+03  6.73457836e-18
 3.47206946e+03  6.70932156e-18
 3.47313241e+03  6.78186538e-18
 3.47419541e+03  6.70740805e-18
 3.47525846e+03  6.72668074e-18
 3.47632155e+03  6.91197434e-18
 3.47738470e+03  7.01956225e-18
 3.47844789e+03  7.32338693e-18
 3.47951113e+03  7.50988944e-18
 3.48057442e+03  7.85529243e-18
 3.48163776e+03  7.58832296e-18
 3.48270115e+03  7.43598131e-18
 3.48376458e+03  7.41052857e-18
 3.48482807e+03  7.46484498e-18
 3.48589160e+03  7.45353381e-18
 3.48695518e+03  7.27403128e-18
 3.48801881e+03  7.06288553e-18
 3.48908249e+03  7.03703630e-18
 3.49014621e+03  7.06686127e-18
 3.49120999e+03  6.87923366e-18
 3.49227381e+03  6.80468818e-18
 3.49333768e+03  6.90299093e-18
 3.49440160e+03  6.82412578e-18
 3.49546557e+03  6.71478394e-18
 3.49652958e+03  6.65068613e-18
 3.49759364e+03  6.58928678e-18
 3.49865775e+03  6.70126047e-18
 3.49972191e+03  6.56181882e-18
 3.50078612e+03  6.61719299e-18
 3.50185037e+03  6.64284897e-18
 3.50291467e+03  6.62425536e-18
 3.50397902e+03  6.70903536e-18
 3.50504342e+03  6.71003566e-18
 3.50610786e+03  6.63576480e-18
 3.50717236e+03  6.63870893e-18
 3.50823690e+03  6.71434635e-18
 3.50930148e+03  6.84112144e-18
 3.51036612e+03  6.75688997e-18
 3.51143080e+03  6.84772950e-18
 3.51249553e+03  6.86886518e-18
 3.51356030e+03  6.78396961e-18
 3.51462513e+03  6.64838862e-18
 3.51569000e+03  6.72698817e-18
 3.51675492e+03  6.74865670e-18
 3.51781988e+03  6.72762290e-18
 3.51888489e+03  6.87015809e-18
 3.51994995e+03  6.81296046e-18
 3.52101506e+03  6.71344998e-18
 3.52208021e+03  6.66207816e-18
 3.52314541e+03  6.67525706e-18
 3.52421066e+03  6.66458133e-18
 3.52527595e+03  6.58729867e-18
 3.52634130e+03  6.62189671e-18
 3.52740668e+03  6.67196218e-18
 3.52847212e+03  6.72552394e-18
 3.52953760e+03  6.80503218e-18
 3.53060313e+03  6.64082648e-18
 3.53166870e+03  6.60115375e-18
 3.53273432e+03  6.72700093e-18
 3.53379999e+03  6.65664461e-18
 3.53486570e+03  6.68362579e-18
 3.53593146e+03  6.63974154e-18
 3.53699727e+03  6.76777510e-18
 3.53806312e+03  6.84927011e-18
 3.53912902e+03  7.00624304e-18
 3.54019496e+03  7.38812346e-18
 3.54126095e+03  7.43822727e-18
 3.54232699e+03  7.81583448e-18
 3.54339307e+03  7.85633467e-18
 3.54445920e+03  7.96593972e-18
 3.54552538e+03  7.65931572e-18
 3.54659160e+03  7.58511692e-18
 3.54765787e+03  7.31562011e-18
 3.54872418e+03  7.35069000e-18
 3.54979054e+03  7.49495160e-18
 3.55085694e+03  7.20508204e-18
 3.55192339e+03  7.43617063e-18
 3.55298989e+03  7.70538263e-18
 3.55405643e+03  7.77027366e-18
 3.55512302e+03  7.66957140e-18
 3.55618965e+03  7.49129906e-18
 3.55725633e+03  7.36061374e-18
 3.55832306e+03  7.34912477e-18
 3.55938982e+03  7.29801205e-18
 3.56045664e+03  7.17522037e-18
 3.56152350e+03  7.08987776e-18
 3.56259041e+03  7.05128909e-18
 3.56365736e+03  6.87220535e-18
 3.56472435e+03  6.86332445e-18
 3.56579139e+03  6.86315762e-18
 3.56685848e+03  7.04150253e-18
 3.56792561e+03  6.71458510e-18
 3.56899279e+03  6.81681858e-18
 3.57006001e+03  6.78946946e-18
 3.57112728e+03  6.55631175e-18
 3.57219459e+03  6.74564842e-18
 3.57326194e+03  6.78203804e-18
 3.57432934e+03  6.71687029e-18
 3.57539679e+03  6.71533298e-18
 3.57646428e+03  6.64615441e-18
 3.57753182e+03  6.78287775e-18
 3.57859940e+03  6.48985823e-18
 3.57966702e+03  6.53827467e-18
 3.58073469e+03  6.54711656e-18
 3.58180240e+03  6.47805582e-18
 3.58287016e+03  6.53774680e-18
 3.58393796e+03  6.46601745e-18
 3.58500581e+03  6.36388624e-18
 3.58607370e+03  6.43446401e-18
 3.58714164e+03  6.36363300e-18
 3.58820962e+03  6.42671302e-18
 3.58927764e+03  6.68765899e-18
 3.59034571e+03  6.59843237e-18
 3.59141382e+03  6.77598505e-18
 3.59248198e+03  6.57426322e-18
 3.59355018e+03  6.62890528e-18
 3.59461842e+03  6.83099366e-18
 3.59568671e+03  6.58163926e-18
 3.59675504e+03  6.63585300e-18
 3.59782342e+03  6.47924935e-18
 3.59889184e+03  6.66210594e-18
 3.59996030e+03  6.60738744e-18
 3.60102881e+03  6.54071736e-18
 3.60209736e+03  6.67050201e-18
 3.60316596e+03  6.47663534e-18
 3.60423460e+03  6.41841907e-18
 3.60530328e+03  6.44442672e-18
 3.60637201e+03  6.51343420e-18
 3.60744077e+03  6.39138391e-18
 3.60850959e+03  6.40654866e-18
 3.60957844e+03  6.44232016e-18
 3.61064734e+03  6.46982273e-18
 3.61171628e+03  6.42561976e-18
 3.61278527e+03  6.57561367e-18
 3.61385430e+03  6.78938187e-18
 3.61492337e+03  6.99746040e-18
 3.61599249e+03  7.16075894e-18
 3.61706165e+03  7.26579510e-18
 3.61813085e+03  7.20548276e-18
 3.61920009e+03  7.13403232e-18
 3.62026938e+03  7.03145888e-18
 3.62133871e+03  7.08781226e-18
 3.62240808e+03  6.94501770e-18
 3.62347750e+03  7.12370335e-18
 3.62454696e+03  6.92578375e-18
 3.62561646e+03  7.04056694e-18
 3.62668601e+03  6.79493076e-18
 3.62775559e+03  6.96292073e-18
 3.62882522e+03  6.91939978e-18
 3.62989489e+03  7.21531165e-18
 3.63096461e+03  7.21919655e-18
 3.63203437e+03  7.18749457e-18
 3.63310417e+03  7.35871942e-18
 3.63417401e+03  7.55672977e-18
 3.63524389e+03  7.23536683e-18
 3.63631382e+03  7.29801771e-18
 3.63738379e+03  7.28174720e-18
 3.63845380e+03  7.08231975e-18
 3.63952385e+03  7.26091875e-18
 3.64059395e+03  7.13729994e-18
 3.64166409e+03  6.99574568e-18
 3.64273427e+03  6.98798255e-18
 3.64380449e+03  7.04116955e-18
 3.64487475e+03  7.06781604e-18
 3.64594506e+03  7.14648898e-18
 3.64701540e+03  7.45248829e-18
 3.64808579e+03  7.89208332e-18
 3.64915622e+03  8.47906744e-18
 3.65022670e+03  8.82377778e-18
 3.65129721e+03  8.40967477e-18
 3.65236777e+03  8.00288294e-18
 3.65343836e+03  7.96185055e-18
 3.65450900e+03  7.96691931e-18
 3.65557968e+03  7.64731331e-18
 3.65665041e+03  7.39379634e-18
 3.65772117e+03  7.37802574e-18
 3.65879197e+03  7.15012342e-18
 3.65986282e+03  7.22347768e-18
 3.66093371e+03  7.58487559e-18
 3.66200464e+03  7.85842116e-18
 3.66307561e+03  7.84090027e-18
 3.66414662e+03  7.69988255e-18
 3.66521767e+03  7.29429685e-18
 3.66628876e+03  7.15741028e-18
 3.66735990e+03  6.74946212e-18
 3.66843107e+03  6.89802858e-18
 3.66950229e+03  6.86575957e-18
 3.67057355e+03  6.74499547e-18
 3.67164485e+03  6.69167128e-18
 3.67271619e+03  6.79756324e-18
 3.67378757e+03  6.67168798e-18
 3.67485899e+03  6.69771549e-18
 3.67593045e+03  6.79689727e-18
 3.67700195e+03  6.60595968e-18
 3.67807349e+03  6.75086488e-18
 3.67914507e+03  6.65560744e-18
 3.68021670e+03  6.72261112e-18
 3.68128836e+03  6.47108918e-18
 3.68236007e+03  6.60928989e-18
 3.68343181e+03  6.53942219e-18
 3.68450360e+03  6.61075783e-18
 3.68557542e+03  6.59470792e-18
 3.68664729e+03  6.64320080e-18
 3.68771919e+03  6.46251030e-18
 3.68879114e+03  6.55296211e-18
 3.68986312e+03  6.69575161e-18
 3.69093515e+03  6.74274567e-18
 3.69200722e+03  6.57640525e-18
 3.69307932e+03  6.70145850e-18
 3.69415147e+03  6.64866328e-18
 3.69522366e+03  6.84692186e-18
 3.69629588e+03  6.82941786e-18
 3.69736815e+03  7.10413285e-18
 3.69844045e+03  7.20383245e-18
 3.69951280e+03  7.35651736e-18
 3.70058518e+03  7.33603683e-18
 3.70165761e+03  7.26989742e-18
 3.70273007e+03  7.16772964e-18
 3.70380257e+03  7.28483752e-18
 3.70487512e+03  7.08663468e-18
 3.70594770e+03  6.89587780e-18
 3.70702032e+03  7.01867253e-18
 3.70809298e+03  7.03253590e-18
 3.70916568e+03  6.85637893e-18
 3.71023842e+03  6.82796073e-18
 3.71131120e+03  6.74850534e-18
 3.71238402e+03  6.73448454e-18
 3.71345688e+03  6.72941446e-18
 3.71452978e+03  6.71907167e-18
 3.71560271e+03  6.72566959e-18
 3.71667569e+03  6.64590637e-18
 3.71774870e+03  6.56482905e-18
 3.71882175e+03  6.51397249e-18
 3.71989484e+03  6.51180642e-18
 3.72096797e+03  6.57843724e-18
 3.72204114e+03  6.58042948e-18
 3.72311435e+03  6.42992893e-18
 3.72418760e+03  6.64890929e-18
 3.72526088e+03  6.58378714e-18
 3.72633421e+03  6.68028541e-18
 3.72740757e+03  6.59800586e-18
 3.72848097e+03  6.63233296e-18
 3.72955441e+03  6.66271946e-18
 3.73062789e+03  6.97612079e-18
 3.73170140e+03  7.03241955e-18
 3.73277496e+03  7.00116626e-18
 3.73384855e+03  6.99198781e-18
 3.73492218e+03  7.29600968e-18
 3.73599585e+03  7.21479334e-18
 3.73706956e+03  7.30714312e-18
 3.73814330e+03  7.46937466e-18
 3.73921709e+03  7.61555895e-18
 3.74029091e+03  7.51335938e-18
 3.74136477e+03  7.42397510e-18
 3.74243867e+03  7.38620722e-18
 3.74351260e+03  7.20960259e-18
 3.74458658e+03  7.18147245e-18
 3.74566059e+03  7.15210443e-18
 3.74673464e+03  7.07186405e-18
 3.74780872e+03  6.97014766e-18
 3.74888285e+03  6.93540269e-18
 3.74995701e+03  7.02798339e-18
 3.75103121e+03  6.93531055e-18
 3.75210545e+03  7.06888093e-18
 3.75317972e+03  7.03863423e-18
 3.75425404e+03  7.09869821e-18
 3.75532839e+03  7.18881324e-18
 3.75640277e+03  6.90599349e-18
 3.75747720e+03  6.86124849e-18
 3.75855166e+03  6.75853512e-18
 3.75962616e+03  6.78491905e-18
 3.76070069e+03  6.82999934e-18
 3.76177527e+03  6.80812539e-18
 3.76284988e+03  6.66552135e-18
 3.76392453e+03  6.71027918e-18
 3.76499921e+03  6.79424321e-18
 3.76607393e+03  6.60889706e-18
 3.76714869e+03  6.66300961e-18
 3.76822349e+03  6.55014272e-18
 3.76929832e+03  6.71183380e-18
 3.77037319e+03  6.90794293e-18
 3.77144809e+03  7.07642574e-18
 3.77252304e+03  7.08467505e-18
 3.77359802e+03  7.15275069e-18
 3.77467303e+03  6.97843157e-18
 3.77574809e+03  7.07999809e-18
 3.77682317e+03  7.08266393e-18
 3.77789830e+03  7.08814988e-18
 3.77897346e+03  7.04114325e-18
 3.78004866e+03  6.97529019e-18
 3.78112390e+03  6.80177304e-18
 3.78219917e+03  6.96524221e-18
 3.78327447e+03  6.88361012e-18
 3.78434982e+03  6.92688210e-18
 3.78542520e+03  6.89320292e-18
 3.78650061e+03  6.71246664e-18
 3.78757607e+03  6.73866541e-18
 3.78865155e+03  6.97437919e-18
 3.78972708e+03  6.97952488e-18
 3.79080264e+03  7.01137718e-18
 3.79187823e+03  7.10614492e-18
 3.79295387e+03  6.98286320e-18
 3.79402953e+03  6.85105403e-18
 3.79510524e+03  6.85105823e-18
 3.79618098e+03  6.83883341e-18
 3.79725675e+03  6.68214516e-18
 3.79833256e+03  6.40033783e-18
 3.79940841e+03  6.68348754e-18
 3.80048429e+03  6.93970121e-18
 3.80156021e+03  6.80708203e-18
 3.80263616e+03  6.88123639e-18
 3.80371215e+03  6.64641847e-18
 3.80478817e+03  6.75891694e-18
 3.80586423e+03  6.94856159e-18
 3.80694033e+03  6.74143601e-18
 3.80801646e+03  6.65752810e-18
 3.80909262e+03  6.54394161e-18
 3.81016882e+03  6.71116299e-18
 3.81124506e+03  6.76959703e-18
 3.81232133e+03  7.01308762e-18
 3.81339763e+03  7.15005254e-18
 3.81447397e+03  7.05227805e-18
 3.81555035e+03  7.01053488e-18
 3.81662676e+03  7.01120049e-18
 3.81770320e+03  6.90786250e-18
 3.81877968e+03  6.88610007e-18
 3.81985620e+03  6.98899593e-18
 3.82093275e+03  6.72966524e-18
 3.82200933e+03  6.99268173e-18
 3.82308595e+03  6.74004153e-18
 3.82416260e+03  6.70680648e-18
 3.82523929e+03  6.76537719e-18
 3.82631601e+03  6.72877758e-18
 3.82739277e+03  7.04111848e-18
 3.82846956e+03  7.43430948e-18
 3.82954639e+03  7.72473988e-18
 3.83062325e+03  7.65827681e-18
 3.83170014e+03  7.57616624e-18
 3.83277707e+03  7.44999298e-18
 3.83385403e+03  7.47734275e-18
 3.83493103e+03  7.21639177e-18
 3.83600806e+03  6.81692236e-18
 3.83708512e+03  7.03952206e-18
 3.83816222e+03  7.04416277e-18
 3.83923935e+03  6.97608807e-18
 3.84031652e+03  7.08740700e-18
 3.84139372e+03  7.15999717e-18
 3.84247096e+03  7.04103571e-18
 3.84354822e+03  7.00866853e-18
 3.84462553e+03  6.87078854e-18
 3.84570286e+03  7.07428535e-18
 3.84678023e+03  7.01156089e-18
 3.84785763e+03  6.97928000e-18
 3.84893507e+03  6.85093069e-18
 3.85001254e+03  6.91565369e-18
 3.85109004e+03  6.83943385e-18
 3.85216758e+03  6.92848050e-18
 3.85324515e+03  6.92089010e-18
 3.85432276e+03  6.69396945e-18
 3.85540039e+03  6.65340484e-18
 3.85647806e+03  6.67921875e-18
 3.85755577e+03  6.61788767e-18
 3.85863350e+03  6.57409830e-18
 3.85971127e+03  6.45211696e-18
 3.86078908e+03  6.60535824e-18
 3.86186691e+03  6.72411111e-18
 3.86294478e+03  6.72891279e-18
 3.86402268e+03  6.72417281e-18
 3.86510062e+03  6.61400348e-18
 3.86617859e+03  6.58764234e-18
 3.86725659e+03  6.52833713e-18
 3.86833462e+03  6.58202147e-18
 3.86941269e+03  6.32855205e-18
 3.87049078e+03  6.29104603e-18
 3.87156891e+03  6.38337060e-18
 3.87264708e+03  6.50000911e-18
 3.87372528e+03  6.76211331e-18
 3.87480350e+03  6.63040647e-18
 3.87588177e+03  6.57382493e-18
 3.87696006e+03  6.59170431e-18
 3.87803839e+03  6.54438530e-18
 3.87911674e+03  6.53126423e-18
 3.88019513e+03  6.54288326e-18
 3.88127356e+03  6.46087157e-18
 3.88235201e+03  6.40841440e-18
 3.88343050e+03  6.56570333e-18
 3.88450902e+03  6.48001166e-18
 3.88558757e+03  6.46624354e-18
 3.88666615e+03  6.49848968e-18
 3.88774477e+03  6.56383640e-18
 3.88882342e+03  6.61756503e-18
 3.88990210e+03  6.48646801e-18
 3.89098081e+03  6.56581297e-18
 3.89205955e+03  6.57006056e-18
 3.89313832e+03  6.66960414e-18
 3.89421713e+03  6.88641163e-18
 3.89529597e+03  6.77145723e-18
 3.89637484e+03  6.95014596e-18
 3.89745374e+03  6.86925798e-18
 3.89853267e+03  6.86108382e-18
 3.89961164e+03  6.84336674e-18
 3.90069063e+03  6.95447518e-18
 3.90176966e+03  6.98799844e-18
 3.90284872e+03  7.29413766e-18
 3.90392781e+03  7.25002295e-18
 3.90500693e+03  7.61694918e-18
 3.90608608e+03  7.97955160e-18
 3.90716526e+03  8.13407327e-18
 3.90824448e+03  8.33379517e-18
 3.90932372e+03  8.18589385e-18
 3.91040300e+03  8.01383073e-18
 3.91148230e+03  8.37483834e-18
 3.91256164e+03  8.18526356e-18
 3.91364101e+03  8.05994624e-18
 3.91472041e+03  7.88883450e-18
 3.91579984e+03  7.55614100e-18
 3.91687930e+03  7.32863524e-18
 3.91795880e+03  7.34383805e-18
 3.91903832e+03  7.12494053e-18
 3.92011787e+03  6.80797310e-18
 3.92119746e+03  6.86487371e-18
 3.92227707e+03  6.77603282e-18
 3.92335672e+03  6.74445684e-18
 3.92443639e+03  6.70187280e-18
 3.92551610e+03  6.75745664e-18
 3.92659584e+03  6.62810053e-18
 3.92767560e+03  6.76136800e-18
 3.92875540e+03  6.63668396e-18
 3.92983523e+03  6.53607616e-18
 3.93091508e+03  6.44995797e-18
 3.93199497e+03  6.63055633e-18
 3.93307489e+03  6.64676304e-18
 3.93415484e+03  6.51772876e-18
 3.93523481e+03  6.46618146e-18
 3.93631482e+03  6.48255906e-18
 3.93739486e+03  6.66299245e-18
 3.93847493e+03  6.79415109e-18
 3.93955502e+03  7.04258968e-18
 3.94063515e+03  7.17302947e-18
 3.94171531e+03  7.29356032e-18
 3.94279549e+03  7.35630562e-18
 3.94387571e+03  7.31886881e-18
 3.94495595e+03  7.12269296e-18
 3.94603623e+03  7.06604130e-18
 3.94711653e+03  7.13574297e-18
 3.94819687e+03  7.15153491e-18
 3.94927723e+03  7.09097359e-18
 3.95035762e+03  7.07557152e-18
 3.95143805e+03  6.94974065e-18
 3.95251850e+03  6.89788608e-18
 3.95359898e+03  6.79886634e-18
 3.95467949e+03  6.93963094e-18
 3.95576003e+03  6.82581981e-18
 3.95684059e+03  6.80887467e-18
 3.95792119e+03  6.80821804e-18
 3.95900182e+03  6.70568020e-18
 3.96008247e+03  6.91011946e-18
 3.96116316e+03  6.88152616e-18
 3.96224387e+03  6.55614269e-18
 3.96332461e+03  6.62327290e-18
 3.96440538e+03  6.42675685e-18
 3.96548618e+03  6.40338981e-18
 3.96656701e+03  6.26628160e-18
 3.96764786e+03  6.32526710e-18
 3.96872875e+03  6.14333425e-18
 3.96980966e+03  6.22619848e-18
 3.97089060e+03  6.26347583e-18
 3.97197158e+03  6.64577840e-18
 3.97305257e+03  6.53344496e-18
 3.97413360e+03  6.79707983e-18
 3.97521466e+03  6.92594761e-18
 3.97629574e+03  6.83108967e-18
 3.97737685e+03  6.74072960e-18
 3.97845799e+03  6.78862421e-18
 3.97953916e+03  6.98577557e-18
 3.98062036e+03  7.02027559e-18
 3.98170158e+03  6.92982311e-18
 3.98278284e+03  6.97572671e-18
 3.98386412e+03  7.00240707e-18
 3.98494543e+03  6.80358600e-18
 3.98602676e+03  6.80307009e-18
 3.98710813e+03  6.87700939e-18
 3.98818952e+03  7.01246551e-18
 3.98927094e+03  6.79969535e-18
 3.99035239e+03  6.80305311e-18
 3.99143386e+03  6.78937621e-18
 3.99251537e+03  6.84223841e-18
 3.99359690e+03  6.86496497e-18
 3.99467845e+03  7.03232724e-18
 3.99576004e+03  6.98179739e-18
 3.99684165e+03  6.99598330e-18
 3.99792329e+03  6.86612819e-18
 3.99900496e+03  7.09222539e-18
 4.00008666e+03  6.96309755e-18
 4.00116838e+03  6.85365714e-18
 4.00225013e+03  6.79755293e-18
 4.00333190e+03  6.78395537e-18
 4.00441371e+03  6.80129696e-18
 4.00549554e+03  6.86365437e-18
 4.00657740e+03  7.08744792e-18
 4.00765928e+03  7.22744910e-18
 4.00874119e+03  7.32925676e-18
 4.00982313e+03  7.51716824e-18
 4.01090510e+03  7.62613735e-18
 4.01198709e+03  7.46301337e-18
 4.01306911e+03  7.29391665e-18
 4.01415115e+03  7.33233017e-18
 4.01523323e+03  7.16910542e-18
 4.01631532e+03  7.08821154e-18
 4.01739745e+03  7.51328580e-18
 4.01847960e+03  7.47818473e-18
 4.01956178e+03  7.74903562e-18
 4.02064399e+03  7.87857967e-18
 4.02172622e+03  7.91294172e-18
 4.02280848e+03  7.74001259e-18
 4.02389076e+03  7.75163167e-18
 4.02497307e+03  7.63801423e-18
 4.02605541e+03  7.46694150e-18
 4.02713777e+03  7.11856782e-18
 4.02822016e+03  7.29569596e-18
 4.02930257e+03  7.28925574e-18
 4.03038501e+03  7.29048842e-18
 4.03146748e+03  7.18783738e-18
 4.03254997e+03  7.20084241e-18
 4.03363249e+03  7.19408536e-18
 4.03471504e+03  7.24685234e-18
 4.03579761e+03  7.14905429e-18
 4.03688020e+03  7.29157997e-18
 4.03796282e+03  7.46016295e-18
 4.03904547e+03  7.34203614e-18
 4.04012814e+03  7.63710697e-18
 4.04121084e+03  7.87335378e-18
 4.04229357e+03  7.90987701e-18
 4.04337632e+03  8.96965636e-18
 4.04445909e+03  1.25120277e-17
 4.04554189e+03  1.65650439e-17
 4.04662472e+03  1.80513342e-17
 4.04770757e+03  1.52476282e-17
 4.04879045e+03  1.17100506e-17
 4.04987335e+03  9.11017151e-18
 4.05095627e+03  8.33802636e-18
 4.05203923e+03  7.81480058e-18
 4.05312220e+03  8.07804399e-18
 4.05420521e+03  7.84093175e-18
 4.05528823e+03  7.95951778e-18
 4.05637128e+03  7.68142986e-18
 4.05745436e+03  7.58187528e-18
 4.05853746e+03  7.57090190e-18
 4.05962059e+03  7.76000214e-18
 4.06070374e+03  7.65728057e-18
 4.06178692e+03  7.78277592e-18
 4.06287012e+03  7.63372278e-18
 4.06395334e+03  7.91803587e-18
 4.06503659e+03  7.93676787e-18
 4.06611987e+03  7.95013337e-18
 4.06720317e+03  7.83112119e-18
 4.06828649e+03  7.87261251e-18
 4.06936984e+03  7.78561166e-18
 4.07045321e+03  7.60277998e-18
 4.07153661e+03  7.63937440e-18
 4.07262003e+03  7.45367962e-18
 4.07370347e+03  7.47745868e-18
 4.07478694e+03  7.99789929e-18
 4.07587043e+03  8.33751372e-18
 4.07695395e+03  9.13150607e-18
 4.07803749e+03  8.85052797e-18
 4.07912106e+03  8.43637389e-18
 4.08020465e+03  8.25657530e-18
 4.08128826e+03  7.98854601e-18
 4.08237190e+03  7.76272361e-18
 4.08345556e+03  7.79997393e-18
 4.08453924e+03  7.75948879e-18
 4.08562295e+03  7.90485755e-18
 4.08670668e+03  7.83180736e-18
 4.08779044e+03  7.62075522e-18
 4.08887422e+03  7.45659478e-18
 4.08995802e+03  7.32886831e-18
 4.09104185e+03  7.32408032e-18
 4.09212570e+03  7.11679083e-18
 4.09320957e+03  7.25284359e-18
 4.09429347e+03  7.09181340e-18
 4.09537739e+03  7.18208942e-18
 4.09646133e+03  7.23314575e-18
 4.09754529e+03  7.19631672e-18
 4.09862928e+03  7.22698083e-18
 4.09971330e+03  7.14413721e-18
 4.10079733e+03  6.87287723e-18
 4.10188139e+03  6.73785418e-18
 4.10296547e+03  6.71251942e-18
 4.10404958e+03  6.86431741e-18
 4.10513370e+03  6.97352162e-18
 4.10621785e+03  7.01405274e-18
 4.10730203e+03  6.99694638e-18
 4.10838622e+03  7.28512347e-18
 4.10947044e+03  7.05470527e-18
 4.11055468e+03  7.01213144e-18
 4.11163895e+03  6.88806206e-18
 4.11272323e+03  6.97590998e-18
 4.11380754e+03  7.17763628e-18
 4.11489187e+03  7.15936239e-18
 4.11597623e+03  7.04329576e-18
 4.11706060e+03  7.02189886e-18
 4.11814500e+03  6.95393993e-18
 4.11922942e+03  6.92519854e-18
 4.12031387e+03  6.94639347e-18
 4.12139833e+03  7.17684854e-18
 4.12248282e+03  7.15839300e-18
 4.12356733e+03  7.35689045e-18
 4.12465186e+03  7.32617777e-18
 4.12573642e+03  7.40868704e-18
 4.12682099e+03  7.22328514e-18
 4.12790559e+03  7.31319879e-18
 4.12899021e+03  7.51055453e-18
 4.13007485e+03  7.33354371e-18
 4.13115951e+03  7.52041598e-18
 4.13224420e+03  7.33707845e-18
 4.13332891e+03  7.57244129e-18
 4.13441363e+03  7.61215370e-18
 4.13549838e+03  7.56602057e-18
 4.13658316e+03  7.39847034e-18
 4.13766795e+03  7.48164381e-18
 4.13875276e+03  7.58774803e-18
 4.13983760e+03  7.68191952e-18
 4.14092246e+03  7.55972601e-18
 4.14200734e+03  7.35728311e-18
 4.14309224e+03  7.21624584e-18
 4.14417716e+03  7.27659144e-18
 4.14526210e+03  7.28434717e-18
 4.14634706e+03  7.35179281e-18
 4.14743205e+03  7.20535367e-18
 4.14851705e+03  7.25547770e-18
 4.14960208e+03  7.15583424e-18
 4.15068713e+03  7.39701949e-18
 4.15177220e+03  7.43142785e-18
 4.15285729e+03  7.48808875e-18
 4.15394240e+03  7.63311761e-18
 4.15502753e+03  7.66225012e-18
 4.15611268e+03  7.67288630e-18
 4.15719786e+03  7.71240261e-18
 4.15828305e+03  7.63095342e-18
 4.15936826e+03  7.51601855e-18
 4.16045350e+03  7.60245481e-18
 4.16153875e+03  7.69358945e-18
 4.16262403e+03  8.02028957e-18
 4.16370932e+03  8.34770461e-18
 4.16479464e+03  8.34263369e-18
 4.16587998e+03  8.34732292e-18
 4.16696534e+03  8.11220727e-18
 4.16805071e+03  8.34421046e-18
 4.16913611e+03  8.11131430e-18
 4.17022153e+03  8.05039358e-18
 4.17130697e+03  7.92287179e-18
 4.17239242e+03  7.98140480e-18
 4.17347790e+03  7.63374600e-18
 4.17456340e+03  7.79353556e-18
 4.17564892e+03  7.69332813e-18
 4.17673446e+03  7.93613390e-18
 4.17782001e+03  8.03467102e-18
 4.17890559e+03  7.83892947e-18
 4.17999119e+03  7.60473777e-18
 4.18107681e+03  7.50560127e-18
 4.18216244e+03  7.48894109e-18
 4.18324810e+03  7.40485102e-18
 4.18433377e+03  7.40067383e-18
 4.18541947e+03  7.26294091e-18
 4.18650518e+03  7.18085050e-18
 4.18759092e+03  7.27489092e-18
 4.18867667e+03  7.08155711e-18
 4.18976244e+03  7.37571667e-18
 4.19084824e+03  7.47005159e-18
 4.19193405e+03  7.15699275e-18
 4.19301988e+03  7.20906943e-18
 4.19410573e+03  7.21899103e-18
 4.19519160e+03  7.12618135e-18
 4.19627748e+03  7.01706400e-18
 4.19736339e+03  6.88322604e-18
 4.19844932e+03  6.94334028e-18
 4.19953526e+03  7.00420008e-18
 4.20062123e+03  7.04976828e-18
 4.20170721e+03  6.90649335e-18
 4.20279321e+03  6.82756401e-18
 4.20387923e+03  6.93559218e-18
 4.20496527e+03  7.06798635e-18
 4.20605133e+03  7.03061307e-18
 4.20713740e+03  7.34172272e-18
 4.20822350e+03  7.24206933e-18
 4.20930961e+03  7.19441932e-18
 4.21039574e+03  7.08573990e-18
 4.21148189e+03  7.31530098e-18
 4.21256806e+03  7.01060152e-18
 4.21365425e+03  7.21472129e-18
 4.21474045e+03  7.20636699e-18
 4.21582667e+03  7.31105683e-18
 4.21691291e+03  7.27564171e-18
 4.21799917e+03  7.31104752e-18
 4.21908545e+03  7.21352826e-18
 4.22017175e+03  7.17717962e-18
 4.22125806e+03  6.97200875e-18
 4.22234439e+03  7.25353635e-18
 4.22343074e+03  7.18271078e-18
 4.22451711e+03  7.04050288e-18
 4.22560349e+03  6.92635977e-18
 4.22668990e+03  6.89562282e-18
 4.22777632e+03  6.90812084e-18
 4.22886276e+03  7.13238411e-18
 4.22994921e+03  7.20399749e-18
 4.23103569e+03  7.31806353e-18
 4.23212218e+03  7.24579213e-18
 4.23320868e+03  7.18939614e-18
 4.23429521e+03  7.31860769e-18
 4.23538175e+03  7.14837458e-18
 4.23646831e+03  7.28293699e-18
 4.23755489e+03  7.33726093e-18
 4.23864149e+03  7.19993490e-18
 4.23972810e+03  7.14046376e-18
 4.24081473e+03  7.21741697e-18
 4.24190138e+03  7.15090077e-18
 4.24298804e+03  7.12329519e-18
 4.24407472e+03  7.38061935e-18
 4.24516142e+03  8.07751892e-18
 4.24624814e+03  8.38951451e-18
 4.24733487e+03  8.54141388e-18
 4.24842162e+03  7.96406839e-18
 4.24950838e+03  7.61753776e-18
 4.25059516e+03  7.54293429e-18
 4.25168196e+03  7.57297864e-18
 4.25276878e+03  7.78012360e-18
 4.25385561e+03  7.56520975e-18
 4.25494246e+03  7.70911404e-18
 4.25602932e+03  7.81367066e-18
 4.25711621e+03  7.76618222e-18
 4.25820310e+03  7.72115603e-18
 4.25929002e+03  7.47991822e-18
 4.26037695e+03  7.44083834e-18
 4.26146390e+03  7.60125160e-18
 4.26255086e+03  7.43271115e-18
 4.26363784e+03  7.77146288e-18
 4.26472484e+03  7.83248217e-18
 4.26581185e+03  7.74446614e-18
 4.26689888e+03  7.74662273e-18
 4.26798592e+03  7.84802327e-18
 4.26907298e+03  7.95406263e-18
 4.27016006e+03  7.68363165e-18
 4.27124715e+03  7.56163809e-18
 4.27233426e+03  7.65244622e-18
 4.27342138e+03  7.73260294e-18
 4.27450852e+03  7.82786045e-18
 4.27559567e+03  7.95295575e-18
 4.27668284e+03  7.90457581e-18
 4.27777003e+03  7.79257549e-18
 4.27885723e+03  7.79563578e-18
 4.27994445e+03  7.94645263e-18
 4.28103168e+03  7.94369225e-18
 4.28211893e+03  7.79819600e-18
 4.28320619e+03  7.74965840e-18
 4.28429347e+03  7.81491584e-18
 4.28538077e+03  7.96008311e-18
 4.28646808e+03  7.73894163e-18
 4.28755540e+03  7.72262087e-18
 4.28864274e+03  7.57659636e-18
 4.28973009e+03  7.62777293e-18
 4.29081746e+03  7.85117787e-18
 4.29190485e+03  7.82713413e-18
 4.29299225e+03  7.86789351e-18
 4.29407966e+03  7.85115088e-18
 4.29516709e+03  8.03063305e-18
 4.29625454e+03  7.86491688e-18
 4.29734200e+03  7.82094999e-18
 4.29842947e+03  7.61894527e-18
 4.29951696e+03  7.82115977e-18
 4.30060446e+03  7.88153031e-18
 4.30169198e+03  7.80397816e-18
 4.30277951e+03  7.82789636e-18
 4.30386706e+03  7.78848832e-18
 4.30495462e+03  7.59465020e-18
 4.30604220e+03  7.80677225e-18
 4.30712979e+03  7.75561904e-18
 4.30821739e+03  8.02877685e-18
 4.30930501e+03  7.94733379e-18
 4.31039264e+03  8.05481051e-18
 4.31148029e+03  8.20836861e-18
 4.31256795e+03  8.57071535e-18
 4.31365563e+03  8.76455206e-18
 4.31474331e+03  8.61615534e-18
 4.31583102e+03  8.70171834e-18
 4.31691874e+03  8.57382516e-18
 4.31800647e+03  8.60904995e-18
 4.31909421e+03  8.48501143e-18
 4.32018197e+03  8.96084112e-18
 4.32126974e+03  8.70594719e-18
 4.32235753e+03  8.36371964e-18
 4.32344533e+03  8.23758196e-18
 4.32453314e+03  8.03779002e-18
 4.32562097e+03  8.31327684e-18
 4.32670881e+03  8.33123655e-18
 4.32779666e+03  8.06014130e-18
 4.32888453e+03  8.05343741e-18
 4.32997241e+03  8.15113167e-18
 4.33106031e+03  8.28483585e-18
 4.33214821e+03  8.16781829e-18
 4.33323613e+03  8.22247426e-18
 4.33432407e+03  8.30991524e-18
 4.33541201e+03  8.34584748e-18
 4.33649997e+03  8.36416506e-18
 4.33758795e+03  8.27201086e-18
 4.33867593e+03  8.25500678e-18
 4.33976393e+03  8.27850902e-18
 4.34085195e+03  8.30417751e-18
 4.34193997e+03  8.45234527e-18
 4.34302801e+03  8.55609878e-18
 4.34411606e+03  8.67137717e-18
 4.34520412e+03  8.98122600e-18
 4.34629220e+03  8.91514582e-18
 4.34738029e+03  9.32290221e-18
 4.34846839e+03  9.26339515e-18
 4.34955650e+03  9.17098933e-18
 4.35064463e+03  8.91881330e-18
 4.35173277e+03  8.70463548e-18
 4.35282092e+03  8.66555662e-18
 4.35390908e+03  9.09936095e-18
 4.35499726e+03  1.07046685e-17
 4.35608544e+03  1.82867987e-17
 4.35717364e+03  2.71047509e-17
 4.35826186e+03  3.15167278e-17
 4.35935008e+03  2.75278087e-17
 4.36043832e+03  1.86176538e-17
 4.36152657e+03  1.29651708e-17
 4.36261483e+03  1.05150204e-17
 4.36370310e+03  9.85951701e-18
 4.36479138e+03  9.37172639e-18
 4.36587968e+03  9.17425067e-18
 4.36696799e+03  9.42693739e-18
 4.36805631e+03  9.08444411e-18
 4.36914464e+03  9.12050998e-18
 4.37023298e+03  9.13162549e-18
 4.37132134e+03  9.29077767e-18
 4.37240971e+03  9.27272582e-18
 4.37349808e+03  9.45692060e-18
 4.37458647e+03  9.54691853e-18
 4.37567487e+03  9.61405005e-18
 4.37676329e+03  9.17998519e-18
 4.37785171e+03  9.07245524e-18
 4.37894014e+03  9.06088776e-18
 4.38002859e+03  9.38051439e-18
 4.38111705e+03  8.97226677e-18
 4.38220552e+03  8.99633863e-18
 4.38329400e+03  8.87530407e-18
 4.38438249e+03  8.85259698e-18
 4.38547099e+03  8.76516033e-18
 4.38655950e+03  9.13556357e-18
 4.38764802e+03  8.94885889e-18
 4.38873656e+03  8.92239264e-18
 4.38982510e+03  9.08581035e-18
 4.39091366e+03  9.10375985e-18
 4.39200223e+03  9.03315545e-18
 4.39309080e+03  9.01642168e-18
 4.39417939e+03  9.12156814e-18
 4.39526799e+03  9.34948442e-18
 4.39635660e+03  9.07107545e-18
 4.39744522e+03  9.14334906e-18
 4.39853385e+03  9.23179041e-18
 4.39962249e+03  9.44213836e-18
 4.40071114e+03  9.83817673e-18
 4.40179980e+03  9.81761016e-18
 4.40288847e+03  9.79381320e-18
 4.40397716e+03  9.63249427e-18
 4.40506585e+03  9.80754337e-18
 4.40615455e+03  9.98607729e-18
 4.40724326e+03  1.01493010e-17
 4.40833198e+03  1.00373141e-17
 4.40942072e+03  1.00466918e-17
 4.41050946e+03  1.01333454e-17
 4.41159821e+03  1.02837600e-17
 4.41268697e+03  1.01857883e-17
 4.41377574e+03  9.99189104e-18
 4.41486452e+03  1.02312273e-17
 4.41595332e+03  1.02802250e-17
 4.41704212e+03  1.02301797e-17
 4.41813093e+03  9.89718502e-18
 4.41921975e+03  1.01974112e-17
 4.42030858e+03  1.02101254e-17
 4.42139741e+03  1.01071751e-17
 4.42248626e+03  1.00417665e-17
 4.42357512e+03  1.00954446e-17
 4.42466399e+03  1.00221140e-17
 4.42575286e+03  1.02764559e-17
 4.42684175e+03  1.02168162e-17
 4.42793064e+03  1.01735051e-17
 4.42901955e+03  1.00046428e-17
 4.43010846e+03  1.00265488e-17
 4.43119738e+03  9.87597989e-18
 4.43228631e+03  1.01607311e-17
 4.43337525e+03  1.00254402e-17
 4.43446420e+03  9.78630289e-18
 4.43555316e+03  9.82684469e-18
 4.43664212e+03  1.02429669e-17
 4.43773110e+03  1.02326749e-17
 4.43882008e+03  1.03585614e-17
 4.43990908e+03  1.01975350e-17
 4.44099808e+03  1.03068006e-17
 4.44208709e+03  9.92219877e-18
 4.44317611e+03  1.01857124e-17
 4.44426513e+03  1.01357310e-17
 4.44535417e+03  1.02901200e-17
 4.44644321e+03  1.01428890e-17
 4.44753226e+03  1.00322607e-17
 4.44862132e+03  1.01749201e-17
 4.44971039e+03  1.02857314e-17
 4.45079947e+03  1.01239822e-17
 4.45188855e+03  1.01702363e-17
 4.45297765e+03  1.00113317e-17
 4.45406675e+03  9.95670155e-18
 4.45515586e+03  9.94782300e-18
 4.45624497e+03  1.01147130e-17
 4.45733410e+03  1.01320672e-17
 4.45842323e+03  1.01282764e-17
 4.45951237e+03  1.02454360e-17
 4.46060152e+03  1.03676911e-17
 4.46169068e+03  1.04933392e-17
 4.46277984e+03  1.00035921e-17
 4.46386901e+03  1.03312601e-17
 4.46495819e+03  1.03694015e-17
 4.46604738e+03  1.02362499e-17
 4.46713657e+03  1.03577235e-17
 4.46822577e+03  1.04168204e-17
 4.46931498e+03  1.01523573e-17
 4.47040420e+03  9.98904506e-18
 4.47149342e+03  1.03856171e-17
 4.47258266e+03  1.02805987e-17
 4.47367189e+03  1.01483198e-17
 4.47476114e+03  1.05189299e-17
 4.47585039e+03  1.04107502e-17
 4.47693965e+03  1.04148397e-17
 4.47802892e+03  1.02924465e-17
 4.47911819e+03  1.04147480e-17
 4.48020747e+03  1.01700337e-17
 4.48129676e+03  1.01919908e-17
 4.48238605e+03  1.03295385e-17
 4.48347535e+03  1.06544357e-17
 4.48456466e+03  1.05539958e-17
 4.48565398e+03  1.05694251e-17
 4.48674330e+03  1.06722121e-17
 4.48783263e+03  1.03163344e-17
 4.48892196e+03  1.03230455e-17
 4.49001130e+03  1.05313248e-17
 4.49110065e+03  1.05561827e-17
 4.49219000e+03  1.06993029e-17
 4.49327936e+03  1.07654942e-17
 4.49436873e+03  1.06755505e-17
 4.49545810e+03  1.03334190e-17
 4.49654748e+03  1.08456005e-17
 4.49763687e+03  1.07002131e-17
 4.49872626e+03  1.06539335e-17
 4.49981565e+03  1.07271704e-17
 4.50090506e+03  1.05180963e-17
 4.50199447e+03  1.06517443e-17
 4.50308388e+03  1.04867616e-17
 4.50417330e+03  1.07601487e-17
 4.50526273e+03  1.05683407e-17
 4.50635216e+03  1.05213479e-17
 4.50744160e+03  1.07478161e-17
 4.50853105e+03  1.04067944e-17
 4.50962050e+03  1.04556478e-17
 4.51070995e+03  1.06850548e-17
 4.51179941e+03  1.05313840e-17
 4.51288888e+03  1.03048862e-17
 4.51397835e+03  1.02312514e-17
 4.51506783e+03  1.02686333e-17
 4.51615731e+03  1.03931756e-17
 4.51724680e+03  1.03283720e-17
 4.51833630e+03  1.04216425e-17
 4.51942579e+03  1.02324877e-17
 4.52051530e+03  1.03682965e-17
 4.52160481e+03  1.04286942e-17
 4.52269432e+03  1.04872450e-17
 4.52378384e+03  1.04681398e-17
 4.52487337e+03  1.04035455e-17
 4.52596290e+03  1.03633617e-17
 4.52705243e+03  1.01417845e-17
 4.52814197e+03  1.04166083e-17
 4.52923151e+03  1.03164598e-17
 4.53032106e+03  1.04137091e-17
 4.53141062e+03  1.05101025e-17
 4.53250017e+03  1.04658918e-17
 4.53358974e+03  1.03221149e-17
 4.53467930e+03  1.04444373e-17
 4.53576888e+03  1.04757265e-17
 4.53685845e+03  1.02164579e-17
 4.53794803e+03  1.04336256e-17
 4.53903762e+03  1.02591391e-17
 4.54012721e+03  1.02093048e-17
 4.54121680e+03  1.02244643e-17
 4.54230640e+03  1.02237651e-17
 4.54339600e+03  1.01418912e-17
 4.54448561e+03  1.02337786e-17
 4.54557522e+03  1.03514139e-17
 4.54666483e+03  1.02346339e-17
 4.54775445e+03  1.00908193e-17
 4.54884408e+03  1.01528428e-17
 4.54993370e+03  1.01366352e-17
 4.55102333e+03  9.97226226e-18
 4.55211297e+03  9.79191257e-18
 4.55320261e+03  1.00108488e-17
 4.55429225e+03  9.84338875e-18
 4.55538189e+03  9.67163704e-18
 4.55647154e+03  9.89214130e-18
 4.55756119e+03  9.71941532e-18
 4.55865085e+03  9.61208643e-18
 4.55974051e+03  9.85164432e-18
 4.56083017e+03  9.76780322e-18
 4.56191984e+03  9.46450692e-18
 4.56300951e+03  9.74923027e-18
 4.56409918e+03  9.44994380e-18
 4.56518886e+03  9.61546814e-18
 4.56627854e+03  9.55795763e-18
 4.56736822e+03  9.35108144e-18
 4.56845791e+03  9.43264048e-18
 4.56954760e+03  9.43381974e-18
 4.57063729e+03  9.32714872e-18
 4.57172698e+03  9.17241548e-18
 4.57281668e+03  9.36828634e-18
 4.57390638e+03  9.27222408e-18
 4.57499609e+03  9.36687959e-18
 4.57608579e+03  9.50760457e-18
 4.57717550e+03  9.32730637e-18
 4.57826521e+03  9.01832271e-18
 4.57935493e+03  9.34064745e-18
 4.58044465e+03  9.26550981e-18
 4.58153437e+03  9.33590277e-18
 4.58262409e+03  9.07255602e-18
 4.58371381e+03  9.15157109e-18
 4.58480354e+03  9.12732174e-18
 4.58589327e+03  9.03647778e-18
 4.58698300e+03  8.98669658e-18
 4.58807274e+03  9.15549370e-18
 4.58916247e+03  9.20033892e-18
 4.59025221e+03  9.04159743e-18
 4.59134195e+03  8.78293009e-18
 4.59243169e+03  9.03980212e-18
 4.59352144e+03  9.00548509e-18
 4.59461118e+03  8.85557354e-18
 4.59570093e+03  8.90931598e-18
 4.59679068e+03  8.87492573e-18
 4.59788044e+03  8.71147590e-18
 4.59897019e+03  8.65379054e-18
 4.60005995e+03  8.74155658e-18
 4.60114970e+03  8.73553134e-18
 4.60223946e+03  8.65728402e-18
 4.60332922e+03  8.81036558e-18
 4.60441899e+03  8.55863356e-18
 4.60550875e+03  8.56733743e-18
 4.60659851e+03  8.76464860e-18
 4.60768828e+03  8.46041080e-18
 4.60877805e+03  8.71861738e-18
 4.60986782e+03  8.59087601e-18
 4.61095759e+03  8.50644862e-18
 4.61204736e+03  8.66643374e-18
 4.61313713e+03  8.69629531e-18
 4.61422691e+03  8.41834310e-18
 4.61531668e+03  8.57011864e-18
 4.61640646e+03  8.49412462e-18
 4.61749624e+03  8.28060010e-18
 4.61858601e+03  8.33986974e-18
 4.61967579e+03  8.47650139e-18
 4.62076557e+03  8.83786776e-18
 4.62185535e+03  8.92188538e-18
 4.62294514e+03  8.89667132e-18
 4.62403492e+03  9.13076527e-18
 4.62512470e+03  9.27665646e-18
 4.62621448e+03  9.19981953e-18
 4.62730427e+03  8.92017696e-18
 4.62839405e+03  8.56396658e-18
 4.62948384e+03  8.38174519e-18
 4.63057362e+03  8.39010930e-18
 4.63166341e+03  8.30540254e-18
 4.63275319e+03  8.25178061e-18
 4.63384298e+03  8.20573080e-18
 4.63493277e+03  8.10215611e-18
 4.63602255e+03  8.02603682e-18
 4.63711234e+03  8.18916550e-18
 4.63820213e+03  8.07803030e-18
 4.63929191e+03  7.97471601e-18
 4.64038170e+03  8.15698993e-18
 4.64147149e+03  8.07175523e-18
 4.64256127e+03  7.96098522e-18
 4.64365106e+03  8.07752439e-18
 4.64474085e+03  7.85029373e-18
 4.64583063e+03  7.80659103e-18
 4.64692042e+03  7.92104855e-18
 4.64801020e+03  8.01950504e-18
 4.64909999e+03  8.00640355e-18
 4.65018977e+03  8.04324358e-18
 4.65127956e+03  8.16687950e-18
 4.65236934e+03  7.92921179e-18
 4.65345912e+03  8.00951202e-18
 4.65454891e+03  8.03517564e-18
 4.65563869e+03  8.15749992e-18
 4.65672847e+03  8.05913203e-18
 4.65781825e+03  8.16925861e-18
 4.65890803e+03  8.44397501e-18
 4.65999781e+03  8.28520965e-18
 4.66108758e+03  8.33335700e-18
 4.66217736e+03  8.24841108e-18
 4.66326714e+03  8.40737619e-18
 4.66435691e+03  8.26260298e-18
 4.66544668e+03  8.10583074e-18
 4.66653646e+03  8.27948344e-18
 4.66762623e+03  8.44704885e-18
 4.66871600e+03  8.46403153e-18
 4.66980576e+03  8.42161347e-18
 4.67089553e+03  8.25078553e-18
 4.67198530e+03  8.19141289e-18
 4.67307506e+03  8.17096067e-18
 4.67416482e+03  8.42093432e-18
 4.67525459e+03  8.26901080e-18
 4.67634435e+03  8.16854897e-18
 4.67743410e+03  8.10595141e-18
 4.67852386e+03  7.79792309e-18
 4.67961361e+03  7.99902173e-18
 4.68070337e+03  7.81577753e-18
 4.68179312e+03  8.04189793e-18
 4.68288287e+03  7.87189407e-18
 4.68397261e+03  7.83598192e-18
 4.68506236e+03  7.85542496e-18
 4.68615210e+03  7.75859985e-18
 4.68724184e+03  7.71680810e-18
 4.68833158e+03  7.69560184e-18
 4.68942132e+03  7.57127987e-18
 4.69051105e+03  7.50882494e-18
 4.69160079e+03  7.72793444e-18
 4.69269052e+03  7.70393507e-18
 4.69378024e+03  7.63524304e-18
 4.69486997e+03  7.66161229e-18
 4.69595969e+03  7.61071097e-18
 4.69704941e+03  7.42399870e-18
 4.69813913e+03  7.54564663e-18
 4.69922884e+03  7.47555486e-18
 4.70031856e+03  7.55167623e-18
 4.70140827e+03  7.28132350e-18
 4.70249797e+03  7.45581979e-18
 4.70358768e+03  7.58505775e-18
 4.70467738e+03  7.56688801e-18
 4.70576708e+03  7.40662591e-18
 4.70685677e+03  7.43177694e-18
 4.70794647e+03  7.41799485e-18
 4.70903616e+03  7.74378460e-18
 4.71012584e+03  7.46474995e-18
 4.71121553e+03  7.46365501e-18
 4.71230521e+03  7.47056240e-18
 4.71339488e+03  7.47807746e-18
 4.71448456e+03  7.44274556e-18
 4.71557423e+03  7.49252417e-18
 4.71666389e+03  7.38027148e-18
 4.71775356e+03  7.43030058e-18
 4.71884322e+03  7.56915128e-18
 4.71993287e+03  7.29628251e-18
 4.72102253e+03  7.40913590e-18
 4.72211218e+03  7.32371503e-18
 4.72320182e+03  7.31044547e-18
 4.72429147e+03  7.37512234e-18
 4.72538110e+03  7.27481718e-18
 4.72647074e+03  7.31888773e-18
 4.72756037e+03  7.32464874e-18
 4.72865000e+03  7.59342292e-18
 4.72973962e+03  7.45234936e-18
 4.73082924e+03  7.47496211e-18
 4.73191885e+03  7.24154940e-18
 4.73300846e+03  7.31225242e-18
 4.73409807e+03  7.60540712e-18
 4.73518767e+03  7.61373551e-18
 4.73627727e+03  7.52588461e-18
 4.73736687e+03  7.83523647e-18
 4.73845646e+03  7.64552669e-18
 4.73954604e+03  7.83338136e-18
 4.74063562e+03  7.99052810e-18
 4.74172520e+03  8.14451209e-18
 4.74281477e+03  8.12878409e-18
 4.74390434e+03  7.80708657e-18
 4.74499390e+03  7.82773681e-18
 4.74608346e+03  7.41162608e-18
 4.74717301e+03  7.10797665e-18
 4.74826256e+03  7.06586052e-18
 4.74935211e+03  7.13319038e-18
 4.75044165e+03  7.16046350e-18
 4.75153118e+03  7.16435189e-18
 4.75262071e+03  7.24813523e-18
 4.75371023e+03  7.24805858e-18
 4.75479975e+03  7.14648182e-18
 4.75588927e+03  6.98845827e-18
 4.75697878e+03  6.94670805e-18
 4.75806828e+03  7.00984490e-18
 4.75915778e+03  7.09306392e-18
 4.76024727e+03  6.93882606e-18
 4.76133676e+03  6.79553216e-18
 4.76242624e+03  6.77531627e-18
 4.76351572e+03  6.75554999e-18
 4.76460519e+03  6.88112034e-18
 4.76569466e+03  6.65609540e-18
 4.76678412e+03  6.81436900e-18
 4.76787357e+03  6.75965219e-18
 4.76896302e+03  6.79400410e-18
 4.77005247e+03  6.61598337e-18
 4.77114190e+03  6.87878952e-18
 4.77223134e+03  6.64231396e-18
 4.77332076e+03  6.54970351e-18
 4.77441018e+03  6.75870349e-18
 4.77549960e+03  6.82304958e-18
 4.77658901e+03  6.91941919e-18
 4.77767841e+03  7.05671715e-18
 4.77876780e+03  7.01174821e-18
 4.77985719e+03  6.95065095e-18
 4.78094658e+03  6.90129477e-18
 4.78203596e+03  6.71247989e-18
 4.78312533e+03  6.71076616e-18
 4.78421469e+03  6.73580822e-18
 4.78530405e+03  6.78164584e-18
 4.78639340e+03  6.66296479e-18
 4.78748275e+03  6.57007833e-18
 4.78857209e+03  6.67881173e-18
 4.78966142e+03  6.79628666e-18
 4.79075075e+03  6.71955214e-18
 4.79184007e+03  6.88748314e-18
 4.79292938e+03  6.74937565e-18
 4.79401868e+03  6.68877863e-18
 4.79510798e+03  6.85569582e-18
 4.79619728e+03  6.80249235e-18
 4.79728656e+03  6.76923147e-18
 4.79837584e+03  6.85722956e-18
 4.79946511e+03  6.74124592e-18
 4.80055437e+03  6.78113143e-18
 4.80164363e+03  6.81982105e-18
 4.80273288e+03  6.95585155e-18
 4.80382212e+03  6.69261292e-18
 4.80491136e+03  6.76300881e-18
 4.80600059e+03  6.74135538e-18
 4.80708981e+03  6.69322633e-18
 4.80817902e+03  6.78107189e-18
 4.80926823e+03  6.80980045e-18
 4.81035743e+03  6.58562643e-18
 4.81144662e+03  6.82828708e-18
 4.81253580e+03  6.68698372e-18
 4.81362498e+03  6.83568851e-18
 4.81471414e+03  6.95733086e-18
 4.81580330e+03  6.89612700e-18
 4.81689246e+03  7.01041795e-18
 4.81798160e+03  7.03881004e-18
 4.81907074e+03  7.03199905e-18
 4.82015987e+03  7.06355636e-18
 4.82124899e+03  7.14589912e-18
 4.82233810e+03  7.14387169e-18
 4.82342720e+03  7.17575520e-18
 4.82451630e+03  7.03984969e-18
 4.82560539e+03  7.06452402e-18
 4.82669447e+03  7.07778964e-18
 4.82778354e+03  6.93835082e-18
 4.82887260e+03  7.07409199e-18
 4.82996166e+03  6.98598922e-18
 4.83105071e+03  7.22128014e-18
 4.83213974e+03  7.11056059e-18
 4.83322877e+03  7.19250944e-18
 4.83431780e+03  7.11795957e-18
 4.83540681e+03  7.00386474e-18
 4.83649581e+03  7.06334181e-18
 4.83758481e+03  7.00782550e-18
 4.83867379e+03  7.25217830e-18
 4.83976277e+03  7.20019191e-18
 4.84085174e+03  6.99538770e-18
 4.84194070e+03  7.22436159e-18
 4.84302965e+03  7.07915878e-18
 4.84411859e+03  6.92445539e-18
 4.84520753e+03  7.02678102e-18
 4.84629645e+03  7.12744409e-18
 4.84738537e+03  6.93677326e-18
 4.84847427e+03  6.89304146e-18
 4.84956317e+03  7.02743642e-18
 4.85065205e+03  6.94642577e-18
 4.85174093e+03  6.95618882e-18
 4.85282980e+03  7.15886493e-18
 4.85391866e+03  6.89826396e-18
 4.85500751e+03  6.74571434e-18
 4.85609635e+03  6.73724300e-18
 4.85718518e+03  6.70519328e-18
 4.85827400e+03  6.35754769e-18
 4.85936281e+03  6.73308515e-18
 4.86045161e+03  6.77044034e-18
 4.86154040e+03  6.75355251e-18
 4.86262919e+03  6.66517831e-18
 4.86371796e+03  6.86362435e-18
 4.86480672e+03  6.85216179e-18
 4.86589547e+03  6.69646171e-18
 4.86698421e+03  6.68733888e-18
 4.86807295e+03  6.79148552e-18
 4.86916167e+03  6.93989234e-18
 4.87025038e+03  6.75470176e-18
 4.87133908e+03  6.68578400e-18
 4.87242777e+03  6.95593386e-18
 4.87351645e+03  6.73227072e-18
 4.87460512e+03  6.90589648e-18
 4.87569378e+03  6.77846249e-18
 4.87678243e+03  7.02002276e-18
 4.87787107e+03  6.93579333e-18
 4.87895970e+03  7.13276901e-18
 4.88004832e+03  6.97640379e-18
 4.88113693e+03  6.95746564e-18
 4.88222552e+03  7.01885546e-18
 4.88331411e+03  7.00346958e-18
 4.88440268e+03  6.95138453e-18
 4.88549125e+03  6.89090603e-18
 4.88657980e+03  6.96155175e-18
 4.88766834e+03  6.80256401e-18
 4.88875688e+03  6.75849067e-18
 4.88984540e+03  6.78832738e-18
 4.89093390e+03  6.77317888e-18
 4.89202240e+03  6.97220409e-18
 4.89311089e+03  6.79970667e-18
 4.89419937e+03  6.90754401e-18
 4.89528783e+03  6.73609666e-18
 4.89637628e+03  6.89517634e-18
 4.89746473e+03  6.76050127e-18
 4.89855316e+03  6.86676683e-18
 4.89964158e+03  6.64477502e-18
 4.90072998e+03  6.70432767e-18
 4.90181838e+03  6.82276736e-18
 4.90290676e+03  6.72634800e-18
 4.90399514e+03  6.63451896e-18
 4.90508350e+03  6.72103762e-18
 4.90617185e+03  6.69256419e-18
 4.90726018e+03  6.72700076e-18
 4.90834851e+03  6.71021891e-18
 4.90943682e+03  6.76564849e-18
 4.91052512e+03  6.88950024e-18
 4.91161341e+03  6.67962506e-18
 4.91270169e+03  6.68373701e-18
 4.91378996e+03  6.76264542e-18
 4.91487821e+03  6.75163764e-18
 4.91596645e+03  6.78192450e-18
 4.91705468e+03  6.78630396e-18
 4.91814290e+03  6.50366150e-18
 4.91923110e+03  6.57485191e-18
 4.92031929e+03  6.68943274e-18
 4.92140747e+03  6.67454816e-18
 4.92249564e+03  6.56714696e-18
 4.92358379e+03  6.67933796e-18
 4.92467193e+03  6.73660262e-18
 4.92576006e+03  6.87957817e-18
 4.92684818e+03  6.81976486e-18
 4.92793628e+03  6.77232186e-18
 4.92902437e+03  6.65024749e-18
 4.93011245e+03  6.49018577e-18
 4.93120052e+03  6.61246357e-18
 4.93228857e+03  6.71001566e-18
 4.93337661e+03  6.56086586e-18
 4.93446464e+03  6.84424022e-18
 4.93555265e+03  6.63851710e-18
 4.93664065e+03  6.67281071e-18
 4.93772864e+03  6.63319739e-18
 4.93881661e+03  6.80794671e-18
 4.93990457e+03  6.53537841e-18
 4.94099252e+03  6.73922122e-18
 4.94208045e+03  6.75111537e-18
 4.94316837e+03  6.59846042e-18
 4.94425628e+03  6.76011468e-18
 4.94534417e+03  6.69983665e-18
 4.94643205e+03  6.67774636e-18
 4.94751992e+03  6.65185217e-18
 4.94860777e+03  6.69886952e-18
 4.94969561e+03  6.66515232e-18
 4.95078343e+03  6.66121159e-18
 4.95187124e+03  6.73817965e-18
 4.95295904e+03  6.80640788e-18
 4.95404683e+03  6.88804778e-18
 4.95513459e+03  6.80411535e-18
 4.95622235e+03  6.60507978e-18
 4.95731009e+03  6.82153335e-18
 4.95839782e+03  6.63435113e-18
 4.95948553e+03  6.66772186e-18
 4.96057323e+03  6.60622249e-18
 4.96166092e+03  6.85116269e-18
 4.96274859e+03  6.71364318e-18
 4.96383624e+03  6.94598689e-18
 4.96492388e+03  6.69500520e-18
 4.96601151e+03  7.02540605e-18
 4.96709912e+03  6.90907050e-18
 4.96818672e+03  6.87272076e-18
 4.96927431e+03  6.91746339e-18
 4.97036187e+03  7.14501327e-18
 4.97144943e+03  7.11668582e-18
 4.97253697e+03  7.29601661e-18
 4.97362449e+03  7.31181601e-18
 4.97471200e+03  7.42714047e-18
 4.97579950e+03  7.35405483e-18
 4.97688698e+03  7.25831888e-18
 4.97797444e+03  7.69010865e-18
 4.97906189e+03  7.86418509e-18
 4.98014933e+03  7.87722753e-18
 4.98123675e+03  7.93887869e-18
 4.98232415e+03  8.12358208e-18
 4.98341154e+03  8.03919373e-18
 4.98449892e+03  7.85395980e-18
 4.98558628e+03  7.83510559e-18
 4.98667362e+03  7.66803164e-18
 4.98776095e+03  7.75013815e-18
 4.98884826e+03  7.65974865e-18
 4.98993556e+03  7.46808248e-18
 4.99102284e+03  7.47326860e-18
 4.99211010e+03  7.50460767e-18
 4.99319735e+03  7.42834183e-18
 4.99428459e+03  7.13662733e-18
 4.99537181e+03  7.34103573e-18
 4.99645901e+03  6.99043166e-18
 4.99754620e+03  6.95813377e-18
 4.99863337e+03  6.83640737e-18
 4.99972052e+03  6.83802427e-18
 5.00080766e+03  6.87743741e-18
 5.00189479e+03  7.00502897e-18
 5.00298189e+03  6.88108845e-18
 5.00406898e+03  6.84953655e-18
 5.00515606e+03  6.74456672e-18
 5.00624312e+03  6.47505113e-18
 5.00733016e+03  6.66586341e-18
 5.00841719e+03  6.71414842e-18
 5.00950419e+03  6.66107315e-18
 5.01059119e+03  6.56794250e-18
 5.01167816e+03  6.53163883e-18
 5.01276512e+03  6.43011510e-18
 5.01385207e+03  6.55927965e-18
 5.01493899e+03  6.57170737e-18
 5.01602590e+03  6.59543003e-18
 5.01711280e+03  6.74286407e-18
 5.01819967e+03  6.73549818e-18
 5.01928653e+03  6.61386160e-18
 5.02037337e+03  6.64140654e-18
 5.02146020e+03  6.57446865e-18
 5.02254701e+03  6.52605307e-18
 5.02363380e+03  6.63523637e-18
 5.02472058e+03  6.58337987e-18
 5.02580733e+03  6.40955069e-18
 5.02689407e+03  6.37437362e-18
 5.02798080e+03  6.54994312e-18
 5.02906750e+03  6.76072183e-18
 5.03015419e+03  6.68260136e-18
 5.03124086e+03  6.81293085e-18
 5.03232751e+03  6.76761445e-18
 5.03341415e+03  6.63552860e-18
 5.03450077e+03  6.50715177e-18
 5.03558737e+03  6.38540959e-18
 5.03667395e+03  6.38756078e-18
 5.03776052e+03  6.55485938e-18
 5.03884707e+03  6.48969616e-18
 5.03993360e+03  6.37844011e-18
 5.04102011e+03  6.26727133e-18
 5.04210660e+03  6.33591637e-18
 5.04319308e+03  6.48215750e-18
 5.04427954e+03  6.46883340e-18
 5.04536598e+03  6.64337478e-18
 5.04645240e+03  6.44068733e-18
 5.04753881e+03  6.62827049e-18
 5.04862519e+03  6.44807189e-18
 5.04971156e+03  6.45199952e-18
 5.05079791e+03  6.59156668e-18
 5.05188424e+03  6.44860833e-18
 5.05297055e+03  6.59771419e-18
 5.05405685e+03  6.49095597e-18
 5.05514312e+03  6.43036710e-18
 5.05622938e+03  6.36657714e-18
 5.05731562e+03  6.49237923e-18
 5.05840184e+03  6.54462621e-18
 5.05948804e+03  6.54398544e-18
 5.06057423e+03  6.51490310e-18
 5.06166039e+03  6.59323492e-18
 5.06274654e+03  6.71261772e-18
 5.06383266e+03  6.74032253e-18
 5.06491877e+03  6.61332856e-18
 5.06600486e+03  6.74217109e-18
 5.06709093e+03  6.64177784e-18
 5.06817698e+03  6.82582391e-18
 5.06926301e+03  6.72667204e-18
 5.07034902e+03  6.92868800e-18
 5.07143502e+03  6.91652819e-18
 5.07252099e+03  6.66453750e-18
 5.07360695e+03  6.66858050e-18
 5.07469288e+03  6.57523286e-18
 5.07577880e+03  6.65297302e-18
 5.07686469e+03  6.55144258e-18
 5.07795057e+03  6.54168769e-18
 5.07903643e+03  6.65532084e-18
 5.08012226e+03  7.20297735e-18
 5.08120808e+03  7.27403728e-18
 5.08229388e+03  7.54375510e-18
 5.08337966e+03  7.69086805e-18
 5.08446542e+03  7.69399747e-18
 5.08555116e+03  7.68246054e-18
 5.08663688e+03  7.82296229e-18
 5.08772258e+03  7.48128668e-18
 5.08880826e+03  7.20938792e-18
 5.08989391e+03  6.91075000e-18
 5.09097955e+03  6.85289775e-18
 5.09206517e+03  6.74340329e-18
 5.09315077e+03  6.62381564e-18
 5.09423635e+03  6.84910210e-18
 5.09532191e+03  6.66705511e-18
 5.09640745e+03  6.70882603e-18
 5.09749296e+03  6.82628468e-18
 5.09857846e+03  6.90412557e-18
 5.09966394e+03  7.00372173e-18
 5.10074939e+03  6.98595073e-18
 5.10183483e+03  6.83753656e-18
 5.10292024e+03  6.66937002e-18
 5.10400564e+03  6.71489734e-18
 5.10509101e+03  6.75324172e-18
 5.10617636e+03  6.65327736e-18
 5.10726169e+03  6.54877355e-18
 5.10834700e+03  6.48672173e-18
 5.10943229e+03  6.43168429e-18
 5.11051756e+03  6.57836845e-18
 5.11160281e+03  6.63541123e-18
 5.11268804e+03  6.51523187e-18
 5.11377324e+03  6.56631513e-18
 5.11485843e+03  6.69385621e-18
 5.11594359e+03  6.72351821e-18
 5.11702873e+03  6.71177659e-18
 5.11811385e+03  6.55936465e-18
 5.11919895e+03  6.44283084e-18
 5.12028403e+03  6.44430161e-18
 5.12136909e+03  6.48134052e-18
 5.12245412e+03  6.46109784e-18
 5.12353914e+03  6.51573017e-18
 5.12462413e+03  6.36650010e-18
 5.12570910e+03  6.49372623e-18
 5.12679405e+03  6.54044253e-18
 5.12787897e+03  6.48453193e-18
 5.12896388e+03  6.52835377e-18
 5.13004876e+03  6.68227209e-18
 5.13113362e+03  6.69457581e-18
 5.13221846e+03  6.49321992e-18
 5.13330328e+03  6.62041558e-18
 5.13438807e+03  6.55702959e-18
 5.13547284e+03  6.56540579e-18
 5.13655759e+03  6.66110267e-18
 5.13764232e+03  6.56891820e-18
 5.13872703e+03  6.62844207e-18
 5.13981171e+03  6.63696843e-18
 5.14089637e+03  6.55263714e-18
 5.14198101e+03  6.71829079e-18
 5.14306563e+03  6.60493755e-18
 5.14415022e+03  6.52617755e-18
 5.14523479e+03  6.79997572e-18
 5.14631934e+03  6.65890381e-18
 5.14740387e+03  6.85034939e-18
 5.14848837e+03  6.74701974e-18
 5.14957285e+03  6.71934563e-18
 5.15065731e+03  6.94417713e-18
 5.15174174e+03  6.86979651e-18
 5.15282616e+03  7.08065386e-18
 5.15391055e+03  7.12870842e-18
 5.15499491e+03  7.14419773e-18
 5.15607925e+03  6.88555330e-18
 5.15716357e+03  6.92463390e-18
 5.15824787e+03  6.75657230e-18
 5.15933214e+03  6.67511913e-18
 5.16041639e+03  6.71840491e-18
 5.16150062e+03  6.68531965e-18
 5.16258482e+03  6.51035145e-18
 5.16366900e+03  6.62191458e-18
 5.16475316e+03  6.48103114e-18
 5.16583729e+03  6.48320147e-18
 5.16692140e+03  6.47522713e-18
 5.16800549e+03  6.27021676e-18
 5.16908955e+03  6.21151246e-18
 5.17017359e+03  6.29104166e-18
 5.17125761e+03  6.25247709e-18
 5.17234160e+03  6.25073026e-18
 5.17342556e+03  6.20554133e-18
 5.17450951e+03  6.31317014e-18
 5.17559343e+03  6.51958052e-18
 5.17667732e+03  6.28207412e-18
 5.17776119e+03  6.37055982e-18
 5.17884504e+03  6.34545595e-18
 5.17992886e+03  6.38130496e-18
 5.18101266e+03  6.40971198e-18
 5.18209644e+03  6.27780945e-18
 5.18318019e+03  6.10840166e-18
 5.18426391e+03  6.24357733e-18
 5.18534761e+03  6.30178974e-18
 5.18643129e+03  6.47635578e-18
 5.18751494e+03  6.51054780e-18
 5.18859857e+03  6.50301469e-18
 5.18968217e+03  6.52972430e-18
 5.19076575e+03  6.40152308e-18
 5.19184931e+03  6.36197738e-18
 5.19293284e+03  6.37273669e-18
 5.19401634e+03  6.41342240e-18
 5.19509982e+03  6.38342169e-18
 5.19618327e+03  6.29970644e-18
 5.19726670e+03  6.45494078e-18
 5.19835011e+03  6.50561788e-18
 5.19943349e+03  6.46908375e-18
 5.20051684e+03  6.40520224e-18
 5.20160017e+03  6.56761572e-18
 5.20268348e+03  6.55105351e-18
 5.20376676e+03  6.51297681e-18
 5.20485001e+03  6.43895549e-18
 5.20593324e+03  6.33876225e-18
 5.20701644e+03  6.36333285e-18
 5.20809962e+03  6.47252819e-18
 5.20918277e+03  6.44775799e-18
 5.21026590e+03  6.54311209e-18
 5.21134900e+03  6.43354006e-18
 5.21243207e+03  6.35148228e-18
 5.21351512e+03  6.45141573e-18
 5.21459814e+03  6.37453973e-18
 5.21568114e+03  6.18012283e-18
 5.21676411e+03  6.30593754e-18
 5.21784706e+03  6.37271558e-18
 5.21892998e+03  6.35633368e-18
 5.22001288e+03  6.51375737e-18
 5.22109574e+03  6.39748973e-18
 5.22217859e+03  6.51441288e-18
 5.22326140e+03  6.41274499e-18
 5.22434419e+03  6.58155774e-18
 5.22542695e+03  6.15732607e-18
 5.22650969e+03  6.31038547e-18
 5.22759240e+03  6.30426275e-18
 5.22867509e+03  6.18647790e-18
 5.22975774e+03  6.36888110e-18
 5.23084038e+03  6.23982396e-18
 5.23192298e+03  6.27656628e-18
 5.23300556e+03  6.20055934e-18
 5.23408811e+03  6.28232448e-18
 5.23517064e+03  6.17300224e-18
 5.23625313e+03  6.26838259e-18
 5.23733561e+03  6.32644608e-18
 5.23841805e+03  6.44139376e-18
 5.23950047e+03  6.39329358e-18
 5.24058286e+03  6.26825204e-18
 5.24166522e+03  6.27327452e-18
 5.24274756e+03  6.05791636e-18
 5.24382987e+03  6.14026261e-18
 5.24491215e+03  6.19406967e-18
 5.24599441e+03  6.12721220e-18
 5.24707663e+03  6.13556938e-18
 5.24815883e+03  6.28011701e-18
 5.24924101e+03  6.22861147e-18
 5.25032315e+03  6.20523331e-18
 5.25140527e+03  6.07483928e-18
 5.25248736e+03  6.15339603e-18
 5.25356943e+03  6.29330331e-18
 5.25465146e+03  6.47417067e-18
 5.25573347e+03  6.47789450e-18
 5.25681545e+03  6.33628066e-18
 5.25789740e+03  6.47423211e-18
 5.25897933e+03  6.35670382e-18
 5.26006123e+03  6.29852245e-18
 5.26114310e+03  6.16200286e-18
 5.26222494e+03  6.07844919e-18
 5.26330675e+03  6.04278765e-18
 5.26438853e+03  6.11020724e-18
 5.26547029e+03  6.17354428e-18
 5.26655202e+03  6.01634752e-18
 5.26763372e+03  6.00631643e-18
 5.26871539e+03  5.96662949e-18
 5.26979704e+03  5.96878689e-18
 5.27087865e+03  6.16097969e-18
 5.27196024e+03  6.06261036e-18
 5.27304180e+03  6.09516933e-18
 5.27412333e+03  6.23474106e-18
 5.27520483e+03  6.36259143e-18
 5.27628631e+03  6.23043164e-18
 5.27736775e+03  6.14512077e-18
 5.27844917e+03  6.13931209e-18
 5.27953055e+03  6.07354943e-18
 5.28061191e+03  6.09175338e-18
 5.28169324e+03  6.05271312e-18
 5.28277454e+03  6.04116365e-18
 5.28385582e+03  6.11020460e-18
 5.28493706e+03  6.19921451e-18
 5.28601827e+03  6.11491305e-18
 5.28709946e+03  6.10531688e-18
 5.28818061e+03  6.03429023e-18
 5.28926174e+03  6.16216116e-18
 5.29034284e+03  6.02801767e-18
 5.29142390e+03  6.17221519e-18
 5.29250494e+03  6.00001636e-18
 5.29358595e+03  6.28115412e-18
 5.29466693e+03  6.12465841e-18
 5.29574788e+03  5.98564300e-18
 5.29682880e+03  5.98728332e-18
 5.29790969e+03  6.18373759e-18
 5.29899055e+03  6.16807393e-18
 5.30007138e+03  6.00132963e-18
 5.30115219e+03  6.18588744e-18
 5.30223296e+03  6.11415683e-18
 5.30331370e+03  6.10354994e-18
 5.30439441e+03  6.08461101e-18
 5.30547509e+03  6.12790568e-18
 5.30655575e+03  6.08241069e-18
 5.30763637e+03  6.09355990e-18
 5.30871696e+03  5.98880270e-18
 5.30979752e+03  5.95020270e-18
 5.31087806e+03  6.00395176e-18
 5.31195856e+03  6.22624221e-18
 5.31303903e+03  5.99759815e-18
 5.31411947e+03  6.00910413e-18
 5.31519988e+03  6.05067748e-18
 5.31628026e+03  6.07161506e-18
 5.31736061e+03  6.07610792e-18
 5.31844093e+03  5.93015503e-18
 5.31952122e+03  5.89342814e-18
 5.32060147e+03  6.09747406e-18
 5.32168170e+03  5.97693689e-18
 5.32276190e+03  5.98432849e-18
 5.32384206e+03  5.85397027e-18
 5.32492220e+03  5.80754051e-18
 5.32600230e+03  5.80105702e-18
 5.32708237e+03  5.78078284e-18
 5.32816241e+03  5.90846063e-18
 5.32924243e+03  6.05122874e-18
 5.33032241e+03  5.79671110e-18
 5.33140235e+03  6.00600841e-18
 5.33248227e+03  5.95292503e-18
 5.33356216e+03  5.79413942e-18
 5.33464201e+03  5.79257309e-18
 5.33572183e+03  5.83751739e-18
 5.33680163e+03  5.86364676e-18
 5.33788139e+03  5.85763368e-18
 5.33896112e+03  5.73055790e-18
 5.34004081e+03  5.77802691e-18
 5.34112048e+03  5.99068415e-18
 5.34220011e+03  5.82604914e-18
 5.34327971e+03  5.81681216e-18
 5.34435929e+03  5.77468926e-18
 5.34543882e+03  5.75838954e-18
 5.34651833e+03  5.89865556e-18
 5.34759781e+03  5.91127862e-18
 5.34867725e+03  5.83554856e-18
 5.34975666e+03  6.02819318e-18
 5.35083604e+03  6.00727971e-18
 5.35191539e+03  5.76999884e-18
 5.35299470e+03  5.86340101e-18
 5.35407398e+03  5.78089882e-18
 5.35515323e+03  5.84046379e-18
 5.35623245e+03  6.05066775e-18
 5.35731164e+03  5.94797790e-18
 5.35839079e+03  5.81879017e-18
 5.35946991e+03  5.67870334e-18
 5.36054900e+03  5.62388978e-18
 5.36162805e+03  5.68795935e-18
 5.36270708e+03  5.58863813e-18
 5.36378607e+03  5.47404877e-18
 5.36486502e+03  5.58070354e-18
 5.36594395e+03  5.57753609e-18
 5.36702284e+03  5.64269584e-18
 5.36810170e+03  5.57299323e-18
 5.36918052e+03  5.61476464e-18
 5.37025932e+03  5.43457344e-18
 5.37133808e+03  5.44986806e-18
 5.37241680e+03  5.49719498e-18
 5.37349550e+03  5.63053812e-18
 5.37457416e+03  5.58879674e-18
 5.37565279e+03  5.61527845e-18
 5.37673138e+03  5.58947353e-18
 5.37780994e+03  5.46672881e-18
 5.37888847e+03  5.39827445e-18
 5.37996696e+03  5.43743335e-18
 5.38104542e+03  5.42766134e-18
 5.38212385e+03  5.43423228e-18
 5.38320224e+03  5.62625835e-18
 5.38428060e+03  5.48756104e-18
 5.38535893e+03  5.48020708e-18
 5.38643722e+03  5.56534964e-18
 5.38751548e+03  5.48315246e-18
 5.38859371e+03  5.35377349e-18
 5.38967190e+03  5.40592597e-18
 5.39075005e+03  5.51259368e-18
 5.39182818e+03  5.43416422e-18
 5.39290627e+03  5.56090831e-18
 5.39398432e+03  5.38291766e-18
 5.39506234e+03  5.48758655e-18
 5.39614033e+03  5.47106152e-18
 5.39721828e+03  5.36393672e-18
 5.39829620e+03  5.33145372e-18
 5.39937408e+03  5.26559089e-18
 5.40045193e+03  5.38788274e-18
 5.40152975e+03  5.38330886e-18
 5.40260753e+03  5.37796567e-18
 5.40368527e+03  5.47850999e-18
 5.40476298e+03  5.37957957e-18
 5.40584066e+03  5.28761345e-18
 5.40691830e+03  5.49380210e-18
 5.40799591e+03  5.48134452e-18
 5.40907348e+03  5.46480390e-18
 5.41015102e+03  5.42571806e-18
 5.41122852e+03  5.60134783e-18
 5.41230599e+03  5.61299871e-18
 5.41338342e+03  5.57701669e-18
 5.41446082e+03  5.49140615e-18
 5.41553818e+03  5.71136620e-18
 5.41661551e+03  5.66137430e-18
 5.41769280e+03  5.72326418e-18
 5.41877006e+03  5.74509285e-18
 5.41984728e+03  5.63791840e-18
 5.42092447e+03  5.66665947e-18
 5.42200162e+03  5.65948550e-18
 5.42307874e+03  5.57541911e-18
 5.42415582e+03  5.40134298e-18
 5.42523286e+03  5.63430138e-18
 5.42630987e+03  5.65863742e-18
 5.42738684e+03  5.57208055e-18
 5.42846378e+03  5.43446303e-18
 5.42954068e+03  5.36981569e-18
 5.43061755e+03  5.39338830e-18
 5.43169438e+03  5.46556268e-18
 5.43277117e+03  5.48646594e-18
 5.43384793e+03  5.41891781e-18
 5.43492465e+03  5.46383556e-18
 5.43600134e+03  5.55540235e-18
 5.43707799e+03  5.30862117e-18
 5.43815460e+03  5.50325552e-18
 5.43923118e+03  5.43711353e-18
 5.44030772e+03  5.51298489e-18
 5.44138423e+03  5.55628436e-18
 5.44246070e+03  5.40516929e-18
 5.44353713e+03  5.42689075e-18
 5.44461352e+03  5.38028931e-18
 5.44568988e+03  5.36494898e-18
 5.44676621e+03  5.44173584e-18
 5.44784249e+03  5.52491912e-18
 5.44891874e+03  5.35662747e-18
 5.44999495e+03  5.42799238e-18
 5.45107113e+03  5.36675059e-18
 5.45214727e+03  5.44482457e-18
 5.45322337e+03  5.39507927e-18
 5.45429944e+03  5.42861543e-18
 5.45537547e+03  5.40059157e-18
 5.45645146e+03  5.54535511e-18
 5.45752741e+03  6.29193584e-18
 5.45860333e+03  8.36015298e-18
 5.45967921e+03  9.82053505e-18
 5.46075505e+03  1.04574181e-17
 5.46183086e+03  9.29856395e-18
 5.46290662e+03  7.76140147e-18
 5.46398236e+03  6.47598799e-18
 5.46505805e+03  5.82277287e-18
 5.46613370e+03  5.56832292e-18
 5.46720932e+03  5.27423343e-18
 5.46828490e+03  5.39542797e-18
 5.46936045e+03  5.42593174e-18
 5.47043595e+03  5.23629909e-18
 5.47151142e+03  5.18469143e-18
 5.47258685e+03  5.24148583e-18
 5.47366224e+03  5.25724445e-18
 5.47473760e+03  5.14399898e-18
 5.47581291e+03  5.14524041e-18
 5.47688819e+03  5.22387070e-18
 5.47796343e+03  5.02226370e-18
 5.47903863e+03  5.23664320e-18
 5.48011380e+03  5.22379599e-18
 5.48118892e+03  5.20712162e-18
 5.48226401e+03  5.29135088e-18
 5.48333906e+03  5.23564008e-18
 5.48441407e+03  5.27728989e-18
 5.48548904e+03  5.15551405e-18
 5.48656398e+03  5.10066255e-18
 5.48763887e+03  5.04481004e-18
 5.48871373e+03  5.01172007e-18
 5.48978855e+03  4.84725006e-18
 5.49086333e+03  4.98591062e-18
 5.49193807e+03  4.99702585e-18
 5.49301277e+03  4.91569730e-18
 5.49408744e+03  4.92975038e-18
 5.49516206e+03  4.95354620e-18
 5.49623665e+03  4.87844809e-18
 5.49731119e+03  4.86154965e-18
 5.49838570e+03  4.98807907e-18
 5.49946017e+03  4.94854272e-18
 5.50053460e+03  4.85554819e-18
