3201.55242927763  5.492940E-26
3203.5558978679  5.382013E-26
3205.55980498385  5.277679E-26
3207.56415015055  5.178679E-26
3209.5689328931  5.071610E-26
3211.57415273658  4.979899E-26
3213.57980920609  4.875998E-26
3215.58590182671  4.763729E-26
3217.59243012353  4.666936E-26
3219.59939362164  4.569256E-26
3221.60679184613  4.483500E-26
3223.61462432209  4.391219E-26
3225.62289057459  4.305912E-26
3227.63159012874  4.224508E-26
3229.64072250962  4.148629E-26
3231.65028724232  4.060725E-26
3233.66028385193  3.986936E-26
3235.67071186353  3.917194E-26
3237.68157080221  3.843530E-26
3239.69286019307  3.771738E-26
3241.70457956119  3.703068E-26
3243.71672843166  3.631913E-26
3245.72930632957  3.569450E-26
3247.74231278  3.507555E-26
3249.75574730804  3.442000E-26
3251.76960943879  3.389307E-26
3253.78389869733  3.329080E-26
3255.79861460875  3.280337E-26
3257.81375669813  3.233767E-26
3259.82932449057  3.181872E-26
3261.84531751116  3.129916E-26
3263.86173528498  3.075288E-26
3265.87857733712  3.034133E-26
3267.89584319267  2.974833E-26
3269.91353237671  2.934583E-26
3271.93164441434  2.892401E-26
3273.95017883065  2.844937E-26
3275.96913515072  2.803186E-26
3277.98851289964  2.762210E-26
3280.0083116025  2.721444E-26
3282.02853078439  2.682339E-26
3284.04916997039  2.647936E-26
3286.0702286856  2.613104E-26
3288.0917064551  2.578639E-26
3290.11360280398  2.545150E-26
3292.13591725733  2.513026E-26
3294.15864934024  2.484062E-26
3296.18179857779  2.451243E-26
3298.20536449508  2.422907E-26
3300.2293466172  2.387032E-26
3302.25374446922  2.350907E-26
3304.27855757624  2.320271E-26
3306.30378546335  2.292195E-26
3308.32942765564  2.261692E-26
3310.35548367819  2.237372E-26
3312.3819530561  2.218206E-26
3314.40883531445  2.194177E-26
3316.43612997832  2.168207E-26
3318.46383657282  2.146903E-26
3320.49195462302  2.118955E-26
3322.52048365401  2.098386E-26
3324.54942319089  2.073017E-26
3326.57877275874  2.048102E-26
3328.60853188265  2.027013E-26
3330.63870008771  2.004380E-26
3332.669276899  1.983574E-26
3334.70026184162  1.958955E-26
3336.73165444066  1.936737E-26
3338.76345422119  1.920373E-26
3340.79566070831  1.899855E-26
3342.82827342712  1.879144E-26
3344.86129190268  1.863126E-26
3346.89471566011  1.843124E-26
3348.92854422448  1.822119E-26
3350.96277712087  1.807042E-26
3352.99741387439  1.790842E-26
3355.03245401012  1.773174E-26
3357.06789705314  1.754676E-26
3359.10374252855  1.741242E-26
3361.13998996143  1.722542E-26
3363.17663887688  1.703507E-26
3365.21368879997  1.692470E-26
3367.25113925581  1.685029E-26
3369.28898976947  1.675904E-26
3371.32723986604  1.667865E-26
3373.36588907062  1.650340E-26
3375.40493690829  1.632008E-26
3377.44438290414  1.616481E-26
3379.48422658326  1.602742E-26
3381.52446747073  1.587619E-26
3383.56510509165  1.571946E-26
3385.60613897111  1.558465E-26
3387.64756863418  1.543762E-26
3389.68939360597  1.535479E-26
3391.73161341156  1.518929E-26
3393.77422757603  1.504701E-26
3395.81723562448  1.493014E-26
3397.86063708199  1.479752E-26
3399.90443147365  1.471525E-26
3401.94861832456  1.457836E-26
3403.99319715979  1.447873E-26
3406.03816750444  1.432484E-26
3408.0835288836  1.423807E-26
3410.12928082234  1.409382E-26
3412.17542284578  1.400328E-26
3414.22195447898  1.392151E-26
3416.26887524704  1.380926E-26
3418.31618467505  1.374095E-26
3420.36388228809  1.365389E-26
3422.41196761126  1.356506E-26
3424.46044016964  1.347450E-26
3426.50929948832  1.338530E-26
3428.55854509239  1.328547E-26
3430.60817650694  1.319182E-26
3432.65819325705  1.311134E-26
3434.70859486781  1.302621E-26
3436.75938086432  1.297557E-26
3438.81055077166  1.286625E-26
3440.86210411492  1.276759E-26
3442.91404041919  1.268541E-26
3444.96635920955  1.257624E-26
3447.0190600111  1.247549E-26
3449.07214234892  1.240503E-26
3451.12560574809  1.233987E-26
3453.17944973372  1.232891E-26
3455.23367383089  1.220438E-26
3457.28827756468  1.213880E-26
3459.34326046019  1.205543E-26
3461.3986220425  1.197343E-26
3463.4543618367  1.189967E-26
3465.51047936787  1.180154E-26
3467.56697416112  1.174053E-26
3469.62384574152  1.167674E-26
3471.68109363417  1.158926E-26
3473.73871736415  1.149957E-26
3475.79671645655  1.142624E-26
3477.85509043646  1.140006E-26
3479.91383882897  1.139778E-26
3481.97296115916  1.133202E-26
3484.03245695213  1.129632E-26
3486.09232573296  1.122765E-26
3488.15256702675  1.113859E-26
3490.21318035857  1.105011E-26
3492.27416525352  1.099619E-26
3494.33552123668  1.091402E-26
3496.39724783316  1.083903E-26
3498.45934456802  1.076437E-26
3500.52181096636  1.069505E-26
3502.58464655328  1.065946E-26
3504.64785085385  1.060817E-26
3506.71142339317  1.056264E-26
3508.77536369632  1.049500E-26
3510.8396712884  1.045197E-26
3512.90434569449  1.040617E-26
3514.96938643967  1.033660E-26
3517.03479304905  1.030102E-26
3519.1005650477  1.025374E-26
3521.16670196072  1.019264E-26
3523.23320331319  1.016541E-26
3525.3000686302  1.009354E-26
3527.36729743684  1.002972E-26
3529.4348892582  9.992419E-27
3531.50284361936  9.967409E-27
3533.57116004542  9.927397E-27
3535.63983806147  9.877146E-27
3537.70887719258  9.836917E-27
3539.77827696386  9.828395E-27
3541.84803690038  9.813034E-27
3543.91815652724  9.821629E-27
3545.98863536953  9.818431E-27
3548.05947295232  9.759024E-27
3550.13066880072  9.689470E-27
3552.20222243981  9.671237E-27
3554.27413339468  9.615590E-27
3556.34640119042  9.583153E-27
3558.41902535211  9.529446E-27
3560.49200540484  9.480068E-27
3562.56534087371  9.441329E-27
3564.63903128379  9.378578E-27
3566.71307616019  9.327026E-27
3568.78747502798  9.264005E-27
3570.86222741225  9.212862E-27
3572.9373328381  9.170091E-27
3575.01279083061  9.139412E-27
3577.08860091487  9.104279E-27
3579.16476261598  9.050947E-27
3581.241275459  9.027284E-27
3583.31813896904  8.967215E-27
3585.39535267119  8.921863E-27
3587.47291609053  8.892329E-27
3589.55082875215  8.849747E-27
3591.62909018113  8.841475E-27
3593.70769990258  8.814168E-27
3595.78665744157  8.763141E-27
3597.86596232319  8.743008E-27
3599.94561407253  8.728294E-27
3602.02561221469  8.661435E-27
3604.10595627474  8.642426E-27
3606.18664577779  8.581968E-27
3608.2676802489  8.553219E-27
3610.34905921318  8.527683E-27
3612.43078219572  8.502505E-27
3614.51284872159  8.480024E-27
3616.59525831589  8.462562E-27
3618.67801050371  8.450868E-27
3620.76110481014  8.418973E-27
3622.84454076026  8.392463E-27
3624.92831787916  8.354845E-27
3627.01243569193  8.330437E-27
3629.09689372366  8.302803E-27
3631.18169149944  8.277085E-27
3633.26682854435  8.263073E-27
3635.35230438349  8.252588E-27
3637.43811854194  8.216487E-27
3639.5242705448  8.189479E-27
3641.61075991714  8.134284E-27
3643.69758618405  8.113732E-27
3645.78474887064  8.081081E-27
3647.87224750197  8.052885E-27
3649.96008160316  8.017807E-27
3652.04825069927  7.986695E-27
3654.1367543154  7.964240E-27
3656.22559197664  7.942745E-27
3658.31476320807  7.912065E-27
3660.40426753479  7.886478E-27
3662.49410448188  7.862963E-27
3664.58427357443  7.817327E-27
3666.67477433753  7.802453E-27
3668.76560629627  7.760050E-27
3670.85676897573  7.721907E-27
3672.94826190101  7.692636E-27
3675.04008459719  7.666429E-27
3677.13223658937  7.632095E-27
3679.22471740262  7.608714E-27
3681.31752656204  7.578642E-27
3683.41066359272  7.553543E-27
3685.50412801974  7.516794E-27
3687.59791936819  7.500916E-27
3689.69203716316  7.482025E-27
3691.78648092975  7.460182E-27
3693.88125019303  7.435695E-27
3695.9763444781  7.398845E-27
3698.07176331004  7.411214E-27
3700.16750621395  7.398799E-27
3702.2635727149  7.402447E-27
3704.359962338  7.362099E-27
3706.45667460832  7.308742E-27
3708.55370905096  7.290681E-27
3710.65106519101  7.264608E-27
3712.74874255355  7.245586E-27
3714.84674066367  7.233299E-27
3716.94505904646  7.203534E-27
3719.04369722701  7.150125E-27
3721.1426547304  7.133833E-27
3723.24193108173  7.094630E-27
3725.34152580608  7.080785E-27
3727.44143842854  7.070164E-27
3729.5416684742  7.064395E-27
3731.64221546816  7.048419E-27
3733.74307893548  7.013065E-27
3735.84425840128  6.998936E-27
3737.94575339062  6.972485E-27
3740.04756342861  6.969118E-27
3742.14968804033  6.966753E-27
3744.25212675086  6.908978E-27
3746.35487908531  6.891376E-27
3748.45794456874  6.853955E-27
3750.56132272626  6.838627E-27
3752.66501308296  6.787040E-27
3754.76901516391  6.796795E-27
3756.87332849421  6.755595E-27
3758.97795259895  6.731198E-27
3761.08288700321  6.711790E-27
3763.18813123209  6.682616E-27
3765.29368481066  6.658379E-27
3767.39954726403  6.624788E-27
3769.50571811728  6.601542E-27
3771.61219689549  6.595615E-27
3773.71898312376  6.601861E-27
3775.82607632717  6.563688E-27
3777.93347603081  6.559442E-27
3780.04118175978  6.537199E-27
3782.14919303915  6.517516E-27
3784.25750939402  6.495169E-27
3786.36613034948  6.466245E-27
3788.4750554306  6.451776E-27
3790.5842841625  6.424038E-27
3792.69381607024  6.403402E-27
3794.80365067892  6.394212E-27
3796.91378751362  6.354961E-27
3799.02422609944  6.352368E-27
3801.13496596147  6.342007E-27
3803.24600662479  6.300474E-27
3805.35734761448  6.297116E-27
3807.46898845565  6.280750E-27
3809.58092867338  6.265085E-27
3811.69316779275  6.241203E-27
3813.80570533885  6.226396E-27
3815.91854083678  6.221213E-27
3818.03167381161  6.209496E-27
3820.14510378845  6.186827E-27
3822.25883029237  6.156908E-27
3824.37285284847  6.138966E-27
3826.48717098183  6.117866E-27
3828.60178421754  6.114154E-27
3830.7166920807  6.108135E-27
3832.83189409638  6.099130E-27
3834.94738978968  6.072655E-27
3837.06317868569  6.055371E-27
3839.17926030949  6.033577E-27
3841.29563418618  6.011416E-27
3843.41229984083  5.995757E-27
3845.52925679854  5.989247E-27
3847.6465045844  5.957619E-27
3849.7640427235  5.948139E-27
3851.88187074092  5.911531E-27
3853.99998816176  5.906581E-27
3856.11839451109  5.882620E-27
3858.23708931401  5.857325E-27
3860.35607209561  5.834371E-27
3862.47534238098  5.825423E-27
3864.5948996952  5.813245E-27
3866.71474356336  5.816370E-27
3868.83487351056  5.783363E-27
3870.95528906187  5.754324E-27
3873.0759897424  5.744404E-27
3875.19697507721  5.729554E-27
3877.31824459141  5.730001E-27
3879.43979781009  5.703303E-27
3881.56163425833  5.684549E-27
3883.68375346121  5.664724E-27
3885.80615494383  5.647994E-27
3887.92883823128  5.640282E-27
3890.05180284865  5.618066E-27
3892.17504832101  5.617351E-27
3894.29857417347  5.597953E-27
3896.42237993111  5.600263E-27
3898.54646511901  5.586139E-27
3900.67082926227  5.569927E-27
3902.79547188598  5.566604E-27
3904.92039251522  5.565347E-27
3907.04559067508  5.563409E-27
3909.17106589065  5.543428E-27
3911.29681768702  5.546756E-27
3913.42284558927  5.510069E-27
3915.5491491225  5.506941E-27
3917.67572781179  5.483921E-27
3919.80258118223  5.448540E-27
3921.92970875892  5.431265E-27
3924.05711006693  5.404028E-27
3926.18478463135  5.405367E-27
3928.31273197728  5.377178E-27
3930.44095162981  5.359637E-27
3932.56944311402  5.340915E-27
3934.69820595499  5.320816E-27
3936.82723967783  5.312967E-27
3938.95654380761  5.314344E-27
3941.08611786943  5.320583E-27
3943.21596138837  5.326509E-27
3945.34607388952  5.299918E-27
3947.47645489797  5.294909E-27
3949.60710393881  5.285841E-27
3951.73802053712  5.264622E-27
3953.869204218  5.269379E-27
3956.00065450654  5.235233E-27
3958.13237092781  5.223809E-27
3960.26435300692  5.216221E-27
3962.39660026894  5.187401E-27
3964.52911223897  5.165408E-27
3966.6618884421  5.140592E-27
3968.79492840341  5.128551E-27
3970.92823164799  5.121816E-27
3973.06179770093  5.123366E-27
3975.19562608732  5.117511E-27
3977.32971633225  5.121371E-27
3979.4640679608  5.126720E-27
3981.59868049807  5.106086E-27
3983.73355346913  5.108456E-27
3985.86868639909  5.086893E-27
3988.00407881303  5.072574E-27
3990.13973023603  5.072153E-27
3992.27564019319  5.053629E-27
3994.41180820959  5.037114E-27
3996.54823381033  5.036485E-27
3998.68491652048  5.022320E-27
4000.82185586514  5.031442E-27
4002.9590513694  5.012306E-27
4005.09650255835  4.999605E-27
4007.23420895707  5.004430E-27
4009.37217009065  4.992679E-27
4011.51038548418  4.993610E-27
4013.64885466275  4.984440E-27
4015.78757715145  4.971916E-27
4017.92655247536  4.953332E-27
4020.06578015958  4.947292E-27
4022.20525972919  4.935241E-27
4024.34499070928  4.934691E-27
4026.48497262494  4.928425E-27
4028.62520500126  4.900744E-27
4030.76568736332  4.895860E-27
4032.90641923621  4.880266E-27
4035.04740014503  4.875047E-27
4037.18862961486  4.865229E-27
4039.33010717079  4.864569E-27
4041.47183233791  4.870655E-27
4043.6138046413  4.861117E-27
4045.75602360605  4.845989E-27
4047.89848875726  4.837395E-27
4050.04119962001  4.840521E-27
4052.18415571938  4.819026E-27
4054.32735658048  4.806714E-27
4056.47080172838  4.794114E-27
4058.61449068818  4.784999E-27
4060.75842298495  4.777168E-27
4062.9025981438  4.781099E-27
4065.04701568981  4.771061E-27
4067.19167514806  4.782993E-27
4069.33657604365  4.755088E-27
4071.48171790167  4.742584E-27
4073.6271002472  4.743094E-27
4075.77272260532  4.732680E-27
4077.91858450114  4.732810E-27
4080.06468545974  4.711836E-27
4082.2110250062  4.703315E-27
4084.35760266562  4.696618E-27
4086.50441796308  4.694700E-27
4088.65147042367  4.674658E-27
4090.79875957247  4.667659E-27
4092.94628493459  4.654600E-27
4095.09404603511  4.656446E-27
4097.2420423991  4.632560E-27
4099.39027355168  4.619117E-27
4101.53873901791  4.595064E-27
4103.68743832289  4.600563E-27
4105.83637099171  4.597609E-27
4107.98553654945  4.591481E-27
4110.13493452121  4.600168E-27
4112.28456443207  4.587122E-27
4114.43442580713  4.574099E-27
4116.58451817146  4.582621E-27
4118.73484105017  4.568097E-27
4120.88539396832  4.569097E-27
4123.03617645103  4.562721E-27
4125.18718802336  4.563182E-27
4127.33842821042  4.552235E-27
4129.48989653729  4.544651E-27
4131.64159252905  4.539471E-27
4133.7935157108  4.534305E-27
4135.94566560763  4.539183E-27
4138.09804174462  4.516326E-27
4140.25064364686  4.516459E-27
4142.40347083944  4.511642E-27
4144.55652284745  4.499000E-27
4146.70979919598  4.506066E-27
4148.86329941011  4.488307E-27
4151.01702301493  4.476938E-27
4153.17096953554  4.484599E-27
4155.32513849701  4.483376E-27
4157.47952942445  4.466482E-27
4159.63414184293  4.477151E-27
4161.78897527754  4.469633E-27
4163.94402925338  4.481722E-27
4166.09930329553  4.486365E-27
4168.25479692908  4.484681E-27
4170.41050967912  4.468049E-27
4172.56644107074  4.462771E-27
4174.72259062902  4.452403E-27
4176.87895787905  4.436795E-27
4179.03554234593  4.438466E-27
4181.19234355473  4.428146E-27
4183.34936103056  4.417819E-27
4185.50659429849  4.423623E-27
4187.66404288362  4.414101E-27
4189.82170631103  4.405261E-27
4191.97958410581  4.411519E-27
4194.13767579305  4.411209E-27
4196.29598089784  4.394302E-27
4198.45449894527  4.384514E-27
4200.61322946042  4.377464E-27
4202.77217196839  4.381689E-27
4204.93132599426  4.386734E-27
4207.09069106312  4.386961E-27
4209.25026670006  4.384649E-27
4211.41005243016  4.378348E-27
4213.57004777852  4.372653E-27
4215.73025227023  4.363064E-27
4217.89066543037  4.353073E-27
4220.05128678402  4.349657E-27
4222.21211585629  4.357088E-27
4224.37315217225  4.337321E-27
4226.534395257  4.331943E-27
4228.69584463562  4.324441E-27
4230.8574998332  4.329980E-27
4233.01936037484  4.334501E-27
4235.18142578561  4.322747E-27
4237.34369559062  4.316458E-27
4239.50616931493  4.315797E-27
4241.66884648365  4.320998E-27
4243.83172662187  4.320799E-27
4245.99480925466  4.318272E-27
4248.15809390712  4.316329E-27
4250.32158010434  4.319215E-27
4252.48526737141  4.308119E-27
4254.64915523341  4.313471E-27
4256.81324321543  4.299284E-27
4258.97753084257  4.282323E-27
4261.1420176399  4.289576E-27
4263.30670313252  4.283323E-27
4265.47158684551  4.280085E-27
4267.63666830397  4.269777E-27
4269.80194703299  4.253780E-27
4271.96742255764  4.245218E-27
4274.13309440302  4.243549E-27
4276.29896209422  4.241438E-27
4278.46502515633  4.251367E-27
4280.63128311443  4.240400E-27
4282.79773549361  4.225638E-27
4284.96438181897  4.225559E-27
4287.13122161558  4.217271E-27
4289.29825440854  4.215430E-27
4291.46547972294  4.212986E-27
4293.63289708386  4.220433E-27
4295.8005060164  4.202803E-27
4297.96830604563  4.190524E-27
4300.13629669665  4.184005E-27
4302.30447749456  4.181040E-27
4304.47284796443  4.178821E-27
4306.64140763135  4.175864E-27
4308.81015602042  4.181130E-27
4310.97909265671  4.186466E-27
4313.14821706533  4.204766E-27
4315.31752877136  4.195629E-27
4317.48702729987  4.204783E-27
4319.65671217598  4.198634E-27
4321.82658292476  4.186821E-27
4323.9966390713  4.174883E-27
4326.16688014069  4.168829E-27
4328.33730565802  4.189981E-27
4330.50791514837  4.172922E-27
4332.67870813684  4.168118E-27
4334.84968414851  4.170936E-27
4337.02084270847  4.156061E-27
4339.19218334182  4.142244E-27
4341.36370557363  4.143809E-27
4343.53540892899  4.161405E-27
4345.70729293301  4.157997E-27
4347.87935711075  4.159345E-27
4350.05160098732  4.158292E-27
4352.22402408779  4.149638E-27
4354.39662593727  4.153130E-27
4356.56940606083  4.163895E-27
4358.74236398357  4.163069E-27
4360.91549923057  4.161344E-27
4363.08881132692  4.151712E-27
4365.26229979771  4.155185E-27
4367.43596416803  4.143725E-27
4369.60980396296  4.145811E-27
4371.7838187076  4.131563E-27
4373.95800792704  4.139921E-27
4376.13237114636  4.140121E-27
4378.30690789064  4.147607E-27
4380.48161768499  4.122480E-27
4382.65650005448  4.121098E-27
4384.8315545242  4.123436E-27
4387.00678061925  4.131870E-27
4389.18217786472  4.136700E-27
4391.35774578568  4.131675E-27
4393.53348390723  4.130836E-27
4395.70939175446  4.130032E-27
4397.88546885245  4.124469E-27
4400.0617147263  4.142204E-27
4402.23812890108  4.147863E-27
4404.4147109019  4.153090E-27
4406.59146025384  4.145775E-27
4408.76837648198  4.158790E-27
4410.94545911142  4.148742E-27
4413.12270766725  4.149082E-27
4415.30012167454  4.150045E-27
4417.47770065839  4.156004E-27
4419.6554441439  4.165400E-27
4421.83335165614  4.157292E-27
4424.01142272021  4.141961E-27
4426.18965686119  4.151493E-27
4428.36805360417  4.141788E-27
4430.54661247424  4.137405E-27
4432.7253329965  4.128219E-27
4434.90421469601  4.134920E-27
4437.08325709789  4.139684E-27
4439.26245972721  4.131855E-27
4441.44182210906  4.127476E-27
4443.62134376853  4.135793E-27
4445.80102423071  4.133441E-27
4447.98086302069  4.136911E-27
4450.16085966355  4.111987E-27
4452.34101368439  4.124961E-27
4454.52132460829  4.114894E-27
4456.70179196034  4.113861E-27
4458.88241526563  4.114222E-27
4461.06319404924  4.118200E-27
4463.24412783627  4.113148E-27
4465.42521615181  4.111213E-27
4467.60645852094  4.123183E-27
4469.78785446875  4.120751E-27
4471.96940352033  4.122773E-27
4474.15110520076  4.122518E-27
4476.33295903515  4.120323E-27
4478.51496454856  4.124226E-27
4480.6971212661  4.119476E-27
4482.87942871285  4.110792E-27
4485.0618864139  4.119211E-27
4487.24449389434  4.112248E-27
4489.42725067925  4.111587E-27
4491.61015629373  4.109322E-27
4493.79321026286  4.118756E-27
4495.97641211173  4.120707E-27
4498.15976136543  4.110809E-27
4500.34325754904  4.115884E-27
4502.52690018767  4.109142E-27
4504.71068880638  4.127938E-27
4506.89462293028  4.122522E-27
4509.07870208446  4.139789E-27
4511.26292579399  4.115539E-27
4513.44729358397  4.126086E-27
4515.63180497948  4.112722E-27
4517.81645950562  4.115934E-27
4520.00125668747  4.117069E-27
4522.18619605013  4.121594E-27
4524.37127711867  4.121103E-27
4526.55649941819  4.123928E-27
4528.74186247378  4.116199E-27
4530.92736581052  4.121367E-27
4533.11300895351  4.125027E-27
4535.29879142782  4.132622E-27
4537.48471275856  4.123027E-27
4539.67077247081  4.135514E-27
4541.85697008964  4.128014E-27
4544.04330514017  4.133449E-27
4546.22977714747  4.136465E-27
4548.41638563663  4.137291E-27
4550.60313013274  4.126613E-27
4552.79001016089  4.131443E-27
4554.97702524616  4.130774E-27
4557.16417491365  4.129133E-27
4559.35145868844  4.135980E-27
4561.53887609562  4.137942E-27
4563.72642666029  4.124998E-27
4565.91410990752  4.134131E-27
4568.10192536241  4.134783E-27
4570.28987255004  4.128567E-27
4572.47795099551  4.129752E-27
4574.66616022389  4.143622E-27
4576.85449976029  4.140209E-27
4579.04296912979  4.141455E-27
4581.23156785747  4.145231E-27
4583.42029546843  4.138949E-27
4585.60915148775  4.143389E-27
4587.79813544052  4.143194E-27
4589.98724685184  4.147179E-27
4592.17648524678  4.142744E-27
4594.36585015044  4.155177E-27
4596.5553410879  4.134922E-27
4598.74495758426  4.141377E-27
4600.9346991646  4.142730E-27
4603.12456535401  4.136407E-27
4605.31455567757  4.145827E-27
4607.50466966039  4.150149E-27
4609.69490682754  4.149746E-27
4611.88526670411  4.159668E-27
4614.07574881519  4.148022E-27
4616.26635268588  4.154818E-27
4618.45707784125  4.142546E-27
4620.64792380641  4.157455E-27
4622.83889010642  4.156086E-27
4625.02997626639  4.158332E-27
4627.2211818114  4.150416E-27
4629.41250626655  4.159170E-27
4631.60394915691  4.155325E-27
4633.79551000758  4.156103E-27
4635.98718834364  4.156205E-27
4638.17898369019  4.163657E-27
4640.37089557231  4.159736E-27
4642.56292351509  4.159541E-27
4644.75506704362  4.166147E-27
4646.94732568298  4.159665E-27
4649.13969895827  4.168241E-27
4651.33218639458  4.160833E-27
4653.52478751699  4.172119E-27
4655.71750185059  4.175590E-27
4657.91032892046  4.181982E-27
4660.10326825171  4.192905E-27
4662.29631936941  4.176567E-27
4664.48948179865  4.175829E-27
4666.68275506453  4.170319E-27
4668.87613869213  4.175413E-27
4671.06963220653  4.190627E-27
4673.26323513284  4.187814E-27
4675.45694699613  4.187724E-27
4677.65076732149  4.190275E-27
4679.84469563402  4.194794E-27
4682.0387314588  4.190242E-27
4684.23287432091  4.195722E-27
4686.42712374545  4.198144E-27
4688.62147925752  4.192606E-27
4690.81594038218  4.191635E-27
4693.01050664453  4.208425E-27
4695.20517756967  4.201231E-27
4697.39995268268  4.188973E-27
4699.59483150864  4.189075E-27
4701.78981357265  4.200632E-27
4703.9848983998  4.185298E-27
4706.18008551516  4.183133E-27
4708.37537444384  4.199284E-27
4710.57076471092  4.209320E-27
4712.76625584148  4.200587E-27
4714.96184736062  4.201405E-27
4717.15753879343  4.198328E-27
4719.35332966499  4.214856E-27
4721.54921950039  4.206993E-27
4723.74520782472  4.212776E-27
4725.94129416306  4.210010E-27
4728.13747804052  4.200389E-27
4730.33375898216  4.200906E-27
4732.53013651309  4.204524E-27
4734.7266101584  4.209299E-27
4736.92317944316  4.207969E-27
4739.11984389247  4.218355E-27
4741.31660303141  4.217725E-27
4743.51345638508  4.219479E-27
4745.71040347856  4.215264E-27
4747.90744383695  4.219914E-27
4750.10457698532  4.213678E-27
4752.30180244877  4.225478E-27
4754.49911975239  4.216551E-27
4756.69652842127  4.237461E-27
4758.89402798048  4.229881E-27
4761.09161795513  4.232536E-27
4763.2892978703  4.236471E-27
4765.48706725107  4.232872E-27
4767.68492562255  4.229006E-27
4769.8828725098  4.243880E-27
4772.08090743793  4.246099E-27
4774.27902993202  4.248114E-27
4776.47723951716  4.242533E-27
4778.67553571844  4.253484E-27
4780.87391806095  4.255999E-27
4783.07238606977  4.264240E-27
4785.27093926999  4.251819E-27
4787.46957718671  4.257893E-27
4789.668299345  4.252607E-27
4791.86710526997  4.266108E-27
4794.06599448669  4.269648E-27
4796.26496652026  4.270708E-27
4798.46402089575  4.273887E-27
4800.66315713828  4.269963E-27
4802.86237477291  4.266961E-27
4805.06167332474  4.271534E-27
4807.26105231885  4.280474E-27
4809.46051128035  4.281774E-27
4811.6600497343  4.288355E-27
4813.85966720581  4.276524E-27
4816.05936321995  4.298788E-27
4818.25913730183  4.316569E-27
4820.45898897652  4.305674E-27
4822.65891776912  4.292049E-27
4824.85892320471  4.308680E-27
4827.05900480839  4.300094E-27
4829.25916210523  4.302263E-27
4831.45939462033  4.299518E-27
4833.65970187878  4.309883E-27
4835.86008340567  4.313808E-27
4838.06053872607  4.302190E-27
4840.26106736509  4.313460E-27
4842.46166884782  4.313850E-27
4844.66234269932  4.306016E-27
4846.86308844471  4.312109E-27
4849.06390560906  4.320184E-27
4851.26479371747  4.322441E-27
4853.46575229502  4.319574E-27
4855.66678086679  4.308163E-27
4857.86787895789  4.305039E-27
4860.0690460934  4.306149E-27
4862.2702817984  4.308926E-27
4864.47158559798  4.318856E-27
4866.67295701724  4.324777E-27
4868.87439558125  4.325913E-27
4871.07590081512  4.329602E-27
4873.27747224392  4.320665E-27
4875.47910939275  4.330773E-27
4877.68081178669  4.324202E-27
4879.88257895084  4.343212E-27
4882.08441041028  4.345226E-27
4884.28630569009  4.346132E-27
4886.48826431537  4.350253E-27
4888.69028581121  4.355081E-27
4890.8923697027  4.356992E-27
4893.09451551491  4.346826E-27
4895.29672277295  4.358543E-27
4897.49899100189  4.361871E-27
4899.70131972683  4.355638E-27
4901.90370847286  4.353539E-27
4904.10615676506  4.362440E-27
4906.30866412853  4.364725E-27
4908.51123008834  4.365801E-27
4910.7138541696  4.370577E-27
4912.91653589738  4.364873E-27
4915.11927479678  4.371223E-27
4917.32207039288  4.382761E-27
4919.52492221078  4.367656E-27
4921.72782977555  4.371390E-27
4923.9307926123  4.386719E-27
4926.1338102461  4.383441E-27
4928.33688220206  4.397668E-27
4930.54000800524  4.402248E-27
4932.74318718075  4.404334E-27
4934.94641925367  4.399295E-27
4937.14970374908  4.408795E-27
4939.35304019209  4.414724E-27
4941.55642810777  4.421199E-27
4943.75986702121  4.413818E-27
4945.96335645751  4.415901E-27
4948.16689594176  4.431459E-27
4950.37048499902  4.430982E-27
4952.57412315441  4.431266E-27
4954.77780993301  4.423153E-27
4956.9815448599  4.427539E-27
4959.18532746017  4.434204E-27
4961.38915725891  4.441903E-27
4963.59303378121  4.434348E-27
4965.79695655216  4.453695E-27
4968.00092509685  4.459727E-27
4970.20493894036  4.454429E-27
4972.40899760779  4.469862E-27
4974.61310062421  4.468771E-27
4976.81724751473  4.476737E-27
4979.02143780443  4.472659E-27
4981.22567101839  4.461926E-27
4983.4299466817  4.467415E-27
4985.63426431946  4.472774E-27
4987.83862345675  4.481207E-27
4990.04302361866  4.490241E-27
4992.24746433028  4.502850E-27
4994.45194511669  4.494540E-27
4996.65646550299  4.495362E-27
4998.86102501427  4.497384E-27
5001.0656231756  4.497504E-27
5003.27025951209  4.498836E-27
5005.47493354881  4.505655E-27
5007.67964481086  4.516872E-27
5009.88439282333  4.509521E-27
5012.08917711129  4.514381E-27
5014.29399719986  4.510031E-27
5016.4988526141  4.516498E-27
5018.70374287911  4.524415E-27
5020.90866751997  4.534375E-27
5023.11362606178  4.527882E-27
5025.31861802963  4.542248E-27
5027.52364294859  4.546208E-27
5029.72870034377  4.546326E-27
5031.93378974024  4.563134E-27
5034.1389106631  4.564744E-27
5036.34406263744  4.549186E-27
5038.54924518834  4.555279E-27
5040.7544578409  4.562298E-27
5042.95970012019  4.565147E-27
5045.16497155131  4.577837E-27
5047.37027165935  4.579329E-27
5049.57559996939  4.576576E-27
5051.78095600653  4.595896E-27
5053.98633929585  4.592540E-27
5056.19174936244  4.598372E-27
5058.39718573139  4.599253E-27
5060.60264792779  4.605199E-27
5062.80813547672  4.594121E-27
5065.01364790327  4.622810E-27
5067.21918473254  4.616176E-27
5069.42474548961  4.616329E-27
5071.63032969956  4.630977E-27
5073.8359368875  4.637339E-27
5076.0415665785  4.640872E-27
5078.24721829765  4.641324E-27
5080.45289157005  4.646698E-27
5082.65858592077  4.653317E-27
5084.86430087492  4.663790E-27
5087.07003595757  4.662877E-27
5089.27579069382  4.670869E-27
5091.48156460875  4.672238E-27
5093.68735722746  4.670249E-27
5095.89316807502  4.684898E-27
5098.09899667654  4.680040E-27
5100.30484255709  4.676567E-27
5102.51070524177  4.699937E-27
5104.71658425566  4.708755E-27
5106.92247912385  4.700542E-27
5109.12838937144  4.712707E-27
5111.3343145235  4.713457E-27
5113.54025410514  4.713084E-27
5115.74620764142  4.736299E-27
5117.95217465746  4.736063E-27
5120.15815467832  4.739083E-27
5122.3641472291  4.733355E-27
5124.5701518349  4.740097E-27
5126.77616802079  4.745007E-27
5128.98219531187  4.756406E-27
5131.18823323322  4.759320E-27
5133.39428130994  4.780493E-27
5135.60033906711  4.776576E-27
5137.80640602981  4.786583E-27
5140.01248172315  4.779583E-27
5142.21856567219  4.794417E-27
5144.42465740205  4.800912E-27
5146.6307564378  4.803602E-27
5148.83686230452  4.803090E-27
5151.04297452732  4.808404E-27
5153.24909263128  4.815354E-27
5155.45521614148  4.822675E-27
5157.66134458301  4.826466E-27
5159.86747748097  4.828611E-27
5162.07361436045  4.834918E-27
5164.27975474651  4.828242E-27
5166.48589816427  4.840273E-27
5168.69204413881  4.838952E-27
5170.89819219521  4.847159E-27
5173.10434185856  4.849855E-27
5175.31049265395  4.875740E-27
5177.51664410647  4.879081E-27
5179.72279574121  4.875116E-27
5181.92894708326  4.875750E-27
5184.1350976577  4.882642E-27
5186.34124698963  4.901013E-27
5188.54739460412  4.908511E-27
5190.75354002628  4.928043E-27
5192.95968278118  4.939091E-27
5195.16582239393  4.944280E-27
5197.37195838959  4.962946E-27
5199.57809029327  4.972344E-27
5201.78421763005  4.979585E-27
5203.99033992502  4.963831E-27
5206.19645670327  4.958747E-27
5208.40256748989  4.972749E-27
5210.60867180996  4.979817E-27
5212.81476918857  4.975295E-27
5215.02085915081  4.998740E-27
5217.22694122178  5.007536E-27
5219.43301492655  5.013384E-27
5221.63907979022  5.037336E-27
5223.84513533788  5.030564E-27
5226.05118109461  5.037801E-27
5228.2572165855  5.047590E-27
5230.46324133564  5.055599E-27
5232.66925487012  5.054950E-27
5234.87525671403  5.064693E-27
5237.08124639245  5.090111E-27
5239.28722343047  5.083159E-27
5241.49318735319  5.098536E-27
5243.69913768568  5.093451E-27
5245.90507395305  5.098113E-27
5248.11099568037  5.121037E-27
5250.31690239274  5.122156E-27
5252.52279361524  5.130107E-27
5254.72866887296  5.135711E-27
5256.934527691  5.157626E-27
5259.14036959443  5.153889E-27
5261.34619410835  5.155752E-27
5263.55200075784  5.152099E-27
5265.757789068  5.161899E-27
5267.96355856391  5.163242E-27
5270.16930877066  5.183300E-27
5272.37503921334  5.194359E-27
5274.58074941704  5.206574E-27
5276.78643890684  5.225864E-27
5278.99210720784  5.233812E-27
5281.19775384511  5.234902E-27
5283.40337834376  5.246848E-27
5285.60898022887  5.257672E-27
5287.81455902552  5.269578E-27
5290.02011425882  5.270636E-27
5292.22564545383  5.299905E-27
5294.43115213566  5.290170E-27
5296.63663382938  5.307935E-27
5298.8420900601  5.321195E-27
5301.04752035289  5.319602E-27
5303.25292423285  5.350737E-27
5305.45830122506  5.358341E-27
5307.66365085462  5.381503E-27
5309.86897264661  5.383738E-27
5312.07426612611  5.399488E-27
5314.27953081823  5.399595E-27
5316.48476624803  5.413593E-27
5318.68997194063  5.432903E-27
5320.89514742109  5.442899E-27
5323.10029221452  5.443813E-27
5325.30540584599  5.456524E-27
5327.5104878406  5.468515E-27
5329.71553772344  5.474132E-27
5331.9205550196  5.492882E-27
5334.12553925415  5.504772E-27
5336.3304899522  5.512568E-27
5338.53540663883  5.520417E-27
5340.74028883912  5.520259E-27
5342.94513607817  5.543223E-27
5345.14994788106  5.560562E-27
5347.35472377289  5.580715E-27
5349.55946327873  5.570755E-27
5351.76416592369  5.592697E-27
5353.96883123285  5.610523E-27
5356.17345873129  5.618882E-27
5358.3780479441  5.635893E-27
5360.58259839638  5.654771E-27
5362.78710961321  5.659325E-27
5364.99158111968  5.667779E-27
5367.19601244088  5.690071E-27
5369.40040310189  5.677415E-27
5371.6047526278  5.710013E-27
5373.80906054371  5.735934E-27
5376.01332637471  5.748451E-27
5378.21754964587  5.761341E-27
5380.42172988228  5.760524E-27
5382.62586660905  5.792200E-27
5384.82995935125  5.810244E-27
5387.03400763397  5.819143E-27
5389.23801098231  5.839653E-27
5391.44196892134  5.838003E-27
5393.64588097616  5.850315E-27
5395.84974667186  5.875337E-27
5398.05356553353  5.892637E-27
5400.25733708624  5.905004E-27
5402.4610608551  5.920276E-27
5404.66473636519  5.942450E-27
5406.86836314159  5.960384E-27
5409.0719407094  5.964111E-27
5411.27546859371  5.988635E-27
5413.4789463196  6.016870E-27
5415.68237341217  6.018105E-27
5417.88574939649  6.038608E-27
5420.08907379766  6.072655E-27
5422.29234614076  6.074224E-27
5424.49556595089  6.103329E-27
5426.69873275314  6.117984E-27
5428.90184607259  6.132845E-27
5431.10490543432  6.150678E-27
5433.30791036344  6.174150E-27
5435.51086038502  6.194888E-27
5437.71375502416  6.216214E-27
5439.91659380594  6.245719E-27
5442.11937625545  6.251886E-27
5444.32210189778  6.281600E-27
5446.52477025802  6.274674E-27
5448.72738086126  6.312470E-27
5450.92993323258  6.334405E-27
5453.13242689708  6.359861E-27
5455.33486137984  6.382885E-27
5457.53723620594  6.415065E-27
5459.73955090049  6.432757E-27
5461.94180498856  6.455127E-27
5464.14399799525  6.478393E-27
5466.34612944565  6.493296E-27
5468.54819886483  6.524514E-27
5470.7502057779  6.537842E-27
5472.95214970993  6.554443E-27
5475.15403018602  6.572565E-27
5477.35584673126  6.604175E-27
5479.55759887073  6.622746E-27
5481.75928612952  6.660936E-27
5483.96090803272  6.694167E-27
5486.16246410542  6.700281E-27
5488.36395387271  6.732939E-27
5490.56537685967  6.756195E-27
5492.7667325914  6.783983E-27
5494.96802059298  6.814022E-27
5497.1692403895  6.848129E-27
5499.37039150605  6.879630E-27
5501.57147346772  6.899130E-27
5503.77248579959  6.926125E-27
5505.97342802676  6.950408E-27
5508.1742996743  6.965796E-27
5510.37510026732  6.990774E-27
5512.5758293309  7.036069E-27
5514.77648639013  7.054386E-27
5516.97707097009  7.097570E-27
5519.17758259587  7.113671E-27
5521.37802079257  7.152455E-27
5523.57838508527  7.172623E-27
5525.77867499906  7.206066E-27
5527.97889005902  7.232650E-27
5530.17902979025  7.276412E-27
5532.37909371784  7.313213E-27
5534.57908136686  7.323534E-27
5536.77899226242  7.370649E-27
5538.9788259296  7.402407E-27
5541.17858189348  7.462110E-27
5543.37825967916  7.500909E-27
5545.57785881173  7.532293E-27
5547.77737881627  7.563817E-27
5549.97681921786  7.581238E-27
5552.17617954161  7.622276E-27
5554.3754593126  7.639815E-27
5556.57465805591  7.703509E-27
5558.77377529663  7.731667E-27
5560.97281055986  7.778518E-27
5563.17176337068  7.830578E-27
5565.37063325418  7.869376E-27
5567.56941973545  7.896579E-27
5569.76812233957  7.950167E-27
5571.96674059164  8.060714E-27
5574.16527401674  9.967434E-27
5576.36372213996  1.108335E-26
5578.56208448639  1.121109E-26
5580.76036058112  9.889768E-27
5582.95854994923  8.298388E-27
5585.15665211582  8.235604E-27
5587.35466660598  8.271208E-27
5589.55259294478  8.292157E-27
5591.75043065732  8.333212E-27
5593.94817926869  8.374421E-27
5596.14583830398  8.402137E-27
5598.34340728827  8.453156E-27
5600.54088574666  8.493590E-27
