 3.20756085e+03  1.62340018e-16
 3.20869776e+03  1.62253595e-16
 3.20983485e+03  1.62117800e-16
 3.21097215e+03  1.62070016e-16
 3.21210964e+03  1.62012048e-16
 3.21324732e+03  1.61936455e-16
 3.21438520e+03  1.61857938e-16
 3.21552328e+03  1.61722599e-16
 3.21666154e+03  1.61698678e-16
 3.21780001e+03  1.61610880e-16
 3.21893867e+03  1.61522631e-16
 3.22007752e+03  1.61463280e-16
 3.22121656e+03  1.61338121e-16
 3.22235580e+03  1.61271874e-16
 3.22349524e+03  1.61217855e-16
 3.22463486e+03  1.61120684e-16
 3.22577468e+03  1.61091092e-16
 3.22691470e+03  1.60962682e-16
 3.22805490e+03  1.60946552e-16
 3.22919530e+03  1.60841308e-16
 3.23033589e+03  1.60769192e-16
 3.23147668e+03  1.60688759e-16
 3.23261766e+03  1.60609320e-16
 3.23375882e+03  1.60595976e-16
 3.23490019e+03  1.60447932e-16
 3.23604174e+03  1.60349860e-16
 3.23718348e+03  1.60313619e-16
 3.23832542e+03  1.60238581e-16
 3.23946755e+03  1.60107489e-16
 3.24060986e+03  1.60065037e-16
 3.24175237e+03  1.59981048e-16
 3.24289507e+03  1.59924895e-16
 3.24403797e+03  1.59851211e-16
 3.24518105e+03  1.59779416e-16
 3.24632432e+03  1.59663474e-16
 3.24746778e+03  1.59614012e-16
 3.24861143e+03  1.59616557e-16
 3.24975528e+03  1.59408412e-16
 3.25089931e+03  1.59342370e-16
 3.25204353e+03  1.59255474e-16
 3.25318794e+03  1.59225496e-16
 3.25433254e+03  1.59096419e-16
 3.25547733e+03  1.59071219e-16
 3.25662231e+03  1.58946867e-16
 3.25776748e+03  1.58891330e-16
 3.25891283e+03  1.58828845e-16
 3.26005838e+03  1.58766495e-16
 3.26120411e+03  1.58702173e-16
 3.26235003e+03  1.58555005e-16
 3.26349614e+03  1.58446148e-16
 3.26464243e+03  1.58426604e-16
 3.26578892e+03  1.58302380e-16
 3.26693559e+03  1.58291022e-16
 3.26808245e+03  1.58245408e-16
 3.26922949e+03  1.58140638e-16
 3.27037673e+03  1.58128917e-16
 3.27152414e+03  1.58017792e-16
 3.27267175e+03  1.57967456e-16
 3.27381954e+03  1.57846199e-16
 3.27496752e+03  1.57766470e-16
 3.27611569e+03  1.57714906e-16
 3.27726404e+03  1.57598731e-16
 3.27841257e+03  1.57540282e-16
 3.27956130e+03  1.57475176e-16
 3.28071021e+03  1.57430112e-16
 3.28185930e+03  1.57330397e-16
 3.28300858e+03  1.57170231e-16
 3.28415804e+03  1.57167733e-16
 3.28530769e+03  1.57083470e-16
 3.28645752e+03  1.56973782e-16
 3.28760754e+03  1.56896755e-16
 3.28875774e+03  1.56839563e-16
 3.28990813e+03  1.56725255e-16
 3.29105870e+03  1.56683264e-16
 3.29220945e+03  1.56599925e-16
 3.29336039e+03  1.56494426e-16
 3.29451151e+03  1.56471871e-16
 3.29566281e+03  1.56420451e-16
 3.29681430e+03  1.56342358e-16
 3.29796597e+03  1.56230531e-16
 3.29911783e+03  1.56098847e-16
 3.30026986e+03  1.56109272e-16
 3.30142208e+03  1.56068711e-16
 3.30257448e+03  1.55962845e-16
 3.30372707e+03  1.55970728e-16
 3.30487983e+03  1.55843326e-16
 3.30603278e+03  1.55799355e-16
 3.30718591e+03  1.55723888e-16
 3.30833922e+03  1.55642970e-16
 3.30949271e+03  1.55593782e-16
 3.31064639e+03  1.55439138e-16
 3.31180024e+03  1.55409142e-16
 3.31295428e+03  1.55347495e-16
 3.31410849e+03  1.55242858e-16
 3.31526289e+03  1.55106605e-16
 3.31641747e+03  1.55048789e-16
 3.31757222e+03  1.55008779e-16
 3.31872716e+03  1.54945712e-16
 3.31988228e+03  1.54801516e-16
 3.32103758e+03  1.54777208e-16
 3.32219305e+03  1.54720565e-16
 3.32334871e+03  1.54666830e-16
 3.32450455e+03  1.54556763e-16
 3.32566056e+03  1.54512294e-16
 3.32681676e+03  1.54437256e-16
 3.32797313e+03  1.54334179e-16
 3.32912968e+03  1.54321991e-16
 3.33028641e+03  1.54223372e-16
 3.33144332e+03  1.54171438e-16
 3.33260040e+03  1.54078089e-16
 3.33375767e+03  1.53978566e-16
 3.33491511e+03  1.53942985e-16
 3.33607273e+03  1.53901616e-16
 3.33723053e+03  1.53760431e-16
 3.33838850e+03  1.53666997e-16
 3.33954665e+03  1.53624947e-16
 3.34070498e+03  1.53531378e-16
 3.34186349e+03  1.53443779e-16
 3.34302217e+03  1.53408787e-16
 3.34418103e+03  1.53285222e-16
 3.34534006e+03  1.53224610e-16
 3.34649928e+03  1.53136096e-16
 3.34765866e+03  1.53111163e-16
 3.34881823e+03  1.52999198e-16
 3.34997796e+03  1.52981296e-16
 3.35113788e+03  1.52860320e-16
 3.35229797e+03  1.52802398e-16
 3.35345823e+03  1.52720625e-16
 3.35461867e+03  1.52657916e-16
 3.35577929e+03  1.52560059e-16
 3.35694008e+03  1.52545081e-16
 3.35810104e+03  1.52428848e-16
 3.35926218e+03  1.52419565e-16
 3.36042349e+03  1.52262965e-16
 3.36158498e+03  1.52236784e-16
 3.36274664e+03  1.52184083e-16
 3.36390848e+03  1.52098430e-16
 3.36507049e+03  1.51966077e-16
 3.36623267e+03  1.51877883e-16
 3.36739502e+03  1.51866017e-16
 3.36855755e+03  1.51786135e-16
 3.36972025e+03  1.51679005e-16
 3.37088312e+03  1.51663091e-16
 3.37204617e+03  1.51531546e-16
 3.37320939e+03  1.51503255e-16
 3.37437278e+03  1.51406632e-16
 3.37553634e+03  1.51379714e-16
 3.37670008e+03  1.51255926e-16
 3.37786399e+03  1.51212452e-16
 3.37902806e+03  1.51165161e-16
 3.38019231e+03  1.51127483e-16
 3.38135673e+03  1.51069072e-16
 3.38252133e+03  1.50926542e-16
 3.38368609e+03  1.50941294e-16
 3.38485102e+03  1.50837445e-16
 3.38601613e+03  1.50806494e-16
 3.38718140e+03  1.50694480e-16
 3.38834685e+03  1.50616661e-16
 3.38951247e+03  1.50540907e-16
 3.39067825e+03  1.50424918e-16
 3.39184421e+03  1.50391536e-16
 3.39301033e+03  1.50262946e-16
 3.39417663e+03  1.50251607e-16
 3.39534309e+03  1.50168476e-16
 3.39650972e+03  1.50073865e-16
 3.39767653e+03  1.49981684e-16
 3.39884350e+03  1.49963201e-16
 3.40001064e+03  1.49876755e-16
 3.40117795e+03  1.49820473e-16
 3.40234542e+03  1.49731490e-16
 3.40351307e+03  1.49630855e-16
 3.40468088e+03  1.49573782e-16
 3.40584886e+03  1.49483844e-16
 3.40701701e+03  1.49540924e-16
 3.40818532e+03  1.49340642e-16
 3.40935381e+03  1.49404576e-16
 3.41052246e+03  1.49202791e-16
 3.41169128e+03  1.49164124e-16
 3.41286026e+03  1.49099292e-16
 3.41402941e+03  1.49080283e-16
 3.41519873e+03  1.48942090e-16
 3.41636821e+03  1.48915296e-16
 3.41753786e+03  1.48896470e-16
 3.41870768e+03  1.48714930e-16
 3.41987766e+03  1.48752683e-16
 3.42104781e+03  1.48594621e-16
 3.42221812e+03  1.48526449e-16
 3.42338860e+03  1.48542566e-16
 3.42455925e+03  1.48449179e-16
 3.42573006e+03  1.48379492e-16
 3.42690103e+03  1.48258681e-16
 3.42807217e+03  1.48253825e-16
 3.42924348e+03  1.48220150e-16
 3.43041494e+03  1.48057354e-16
 3.43158658e+03  1.48006751e-16
 3.43275837e+03  1.47975407e-16
 3.43393033e+03  1.47953169e-16
 3.43510246e+03  1.47887682e-16
 3.43627475e+03  1.47773148e-16
 3.43744720e+03  1.47714573e-16
 3.43861981e+03  1.47631034e-16
 3.43979259e+03  1.47551337e-16
 3.44096553e+03  1.47506806e-16
 3.44213863e+03  1.47497460e-16
 3.44331190e+03  1.47327029e-16
 3.44448533e+03  1.47291011e-16
 3.44565892e+03  1.47232374e-16
 3.44683267e+03  1.47152260e-16
 3.44800659e+03  1.47112975e-16
 3.44918067e+03  1.47109879e-16
 3.45035490e+03  1.46938802e-16
 3.45152930e+03  1.46956937e-16
 3.45270387e+03  1.46781176e-16
 3.45387859e+03  1.46698181e-16
 3.45505347e+03  1.46666008e-16
 3.45622852e+03  1.46643967e-16
 3.45740372e+03  1.46545457e-16
 3.45857909e+03  1.46492042e-16
 3.45975461e+03  1.46475159e-16
 3.46093030e+03  1.46370862e-16
 3.46210615e+03  1.46278605e-16
 3.46328215e+03  1.46284547e-16
 3.46445832e+03  1.46211039e-16
 3.46563465e+03  1.46185990e-16
 3.46681113e+03  1.46066300e-16
 3.46798777e+03  1.46023232e-16
 3.46916458e+03  1.45877095e-16
 3.47034154e+03  1.45806501e-16
 3.47151866e+03  1.45821450e-16
 3.47269594e+03  1.45727924e-16
 3.47387338e+03  1.45653860e-16
 3.47505097e+03  1.45606029e-16
 3.47622873e+03  1.45563117e-16
 3.47740664e+03  1.45530262e-16
 3.47858471e+03  1.45398901e-16
 3.47976294e+03  1.45281716e-16
 3.48094132e+03  1.45248013e-16
 3.48211986e+03  1.45231256e-16
 3.48329856e+03  1.45200827e-16
 3.48447742e+03  1.45053858e-16
 3.48565643e+03  1.44975336e-16
 3.48683560e+03  1.44925252e-16
 3.48801493e+03  1.44912856e-16
 3.48919441e+03  1.44822086e-16
 3.49037405e+03  1.44918471e-16
 3.49155384e+03  1.44809844e-16
 3.49273379e+03  1.44725593e-16
 3.49391390e+03  1.44608368e-16
 3.49509416e+03  1.44545273e-16
 3.49627458e+03  1.44466851e-16
 3.49745515e+03  1.44404427e-16
 3.49863587e+03  1.44376688e-16
 3.49981676e+03  1.44255417e-16
 3.50099779e+03  1.44152067e-16
 3.50217898e+03  1.44102138e-16
 3.50336033e+03  1.44040850e-16
 3.50454183e+03  1.44031809e-16
 3.50572348e+03  1.43951009e-16
 3.50690529e+03  1.43820451e-16
 3.50808725e+03  1.43794789e-16
 3.50926936e+03  1.43738940e-16
 3.51045163e+03  1.43648208e-16
 3.51163405e+03  1.43628147e-16
 3.51281662e+03  1.43566369e-16
 3.51399935e+03  1.43449207e-16
 3.51518223e+03  1.43346280e-16
 3.51636526e+03  1.43326942e-16
 3.51754844e+03  1.43271432e-16
 3.51873178e+03  1.43216988e-16
 3.51991527e+03  1.43130622e-16
 3.52109891e+03  1.43088500e-16
 3.52228270e+03  1.42928008e-16
 3.52346664e+03  1.42870259e-16
 3.52465074e+03  1.42831552e-16
 3.52583498e+03  1.42744090e-16
 3.52701938e+03  1.42724247e-16
 3.52820393e+03  1.42697298e-16
 3.52938863e+03  1.42647793e-16
 3.53057347e+03  1.42510404e-16
 3.53175847e+03  1.42393286e-16
 3.53294362e+03  1.42357417e-16
 3.53412892e+03  1.42312393e-16
 3.53531437e+03  1.42206931e-16
 3.53649997e+03  1.42225824e-16
 3.53768572e+03  1.42119967e-16
 3.53887162e+03  1.42023383e-16
 3.54005767e+03  1.42029890e-16
 3.54124387e+03  1.41978728e-16
 3.54243021e+03  1.41901203e-16
 3.54361671e+03  1.41798287e-16
 3.54480335e+03  1.41829343e-16
 3.54599014e+03  1.41732768e-16
 3.54717708e+03  1.41590831e-16
 3.54836417e+03  1.41540422e-16
 3.54955141e+03  1.41484059e-16
 3.55073879e+03  1.41488203e-16
 3.55192632e+03  1.41490879e-16
 3.55311400e+03  1.41399397e-16
 3.55430183e+03  1.41387605e-16
 3.55548980e+03  1.41413015e-16
 3.55667792e+03  1.41264045e-16
 3.55786619e+03  1.41231200e-16
 3.55905460e+03  1.41114476e-16
 3.56024316e+03  1.40975614e-16
 3.56143187e+03  1.41009859e-16
 3.56262072e+03  1.40906340e-16
 3.56380972e+03  1.40875799e-16
 3.56499886e+03  1.40801074e-16
 3.56618815e+03  1.40721915e-16
 3.56737759e+03  1.40620247e-16
 3.56856717e+03  1.40583942e-16
 3.56975690e+03  1.40530139e-16
 3.57094677e+03  1.40464879e-16
 3.57213679e+03  1.40375288e-16
 3.57332695e+03  1.40311484e-16
 3.57451725e+03  1.40243975e-16
 3.57570770e+03  1.40152566e-16
 3.57689830e+03  1.40155998e-16
 3.57808903e+03  1.39907611e-16
 3.57927992e+03  1.39969829e-16
 3.58047094e+03  1.39860268e-16
 3.58166211e+03  1.39761217e-16
 3.58285342e+03  1.39703799e-16
 3.58404488e+03  1.39722377e-16
 3.58523648e+03  1.39633527e-16
 3.58642822e+03  1.39589270e-16
 3.58762010e+03  1.39536381e-16
 3.58881213e+03  1.39423701e-16
 3.59000430e+03  1.39389981e-16
 3.59119661e+03  1.39334242e-16
 3.59238907e+03  1.39164152e-16
 3.59358166e+03  1.39130208e-16
 3.59477440e+03  1.39069820e-16
 3.59596728e+03  1.39037068e-16
 3.59716030e+03  1.38903312e-16
 3.59835346e+03  1.38948556e-16
 3.59954676e+03  1.38887975e-16
 3.60074021e+03  1.38763433e-16
 3.60193379e+03  1.38801432e-16
 3.60312752e+03  1.38640002e-16
 3.60432138e+03  1.38664249e-16
 3.60551539e+03  1.38599833e-16
 3.60670954e+03  1.38517079e-16
 3.60790382e+03  1.38431727e-16
 3.60909825e+03  1.38424680e-16
 3.61029281e+03  1.38338344e-16
 3.61148752e+03  1.38300089e-16
 3.61268236e+03  1.38212525e-16
 3.61387735e+03  1.38154584e-16
 3.61507247e+03  1.38083560e-16
 3.61626773e+03  1.38081515e-16
 3.61746313e+03  1.37928259e-16
 3.61865867e+03  1.37879394e-16
 3.61985434e+03  1.37862454e-16
 3.62105016e+03  1.37707498e-16
 3.62224611e+03  1.37673855e-16
 3.62344220e+03  1.37715069e-16
 3.62463843e+03  1.37607770e-16
 3.62583480e+03  1.37579732e-16
 3.62703130e+03  1.37577493e-16
 3.62822794e+03  1.37488272e-16
 3.62942472e+03  1.37393892e-16
 3.63062163e+03  1.37391361e-16
 3.63181868e+03  1.37321547e-16
 3.63301587e+03  1.37260844e-16
 3.63421319e+03  1.37163581e-16
 3.63541065e+03  1.37120889e-16
 3.63660825e+03  1.37095337e-16
 3.63780598e+03  1.37044528e-16
 3.63900385e+03  1.37045341e-16
 3.64020185e+03  1.36910194e-16
 3.64139999e+03  1.36865535e-16
 3.64259827e+03  1.36849439e-16
 3.64379667e+03  1.36713474e-16
 3.64499522e+03  1.36717985e-16
 3.64619390e+03  1.36743328e-16
 3.64739271e+03  1.36589862e-16
 3.64859166e+03  1.36557560e-16
 3.64979074e+03  1.36486314e-16
 3.65098996e+03  1.36459034e-16
 3.65218931e+03  1.36339851e-16
 3.65338879e+03  1.36352489e-16
 3.65458841e+03  1.36238015e-16
 3.65578816e+03  1.36130564e-16
 3.65698804e+03  1.36021098e-16
 3.65818806e+03  1.36095449e-16
 3.65938821e+03  1.35927684e-16
 3.66058849e+03  1.35939340e-16
 3.66178891e+03  1.35839754e-16
 3.66298945e+03  1.35785309e-16
 3.66419013e+03  1.35813822e-16
 3.66539095e+03  1.35723051e-16
 3.66659189e+03  1.35588203e-16
 3.66779297e+03  1.35601977e-16
 3.66899417e+03  1.35542035e-16
 3.67019551e+03  1.35483297e-16
 3.67139698e+03  1.35431621e-16
 3.67259858e+03  1.35364138e-16
 3.67380032e+03  1.35265912e-16
 3.67500218e+03  1.35285921e-16
 3.67620417e+03  1.35184515e-16
 3.67740630e+03  1.35179823e-16
 3.67860855e+03  1.35107534e-16
 3.67981094e+03  1.35019052e-16
 3.68101345e+03  1.35021560e-16
 3.68221610e+03  1.34849882e-16
 3.68341887e+03  1.34831158e-16
 3.68462178e+03  1.34770609e-16
 3.68582481e+03  1.34743071e-16
 3.68702797e+03  1.34684331e-16
 3.68823126e+03  1.34649897e-16
 3.68943468e+03  1.34600561e-16
 3.69063823e+03  1.34517615e-16
 3.69184191e+03  1.34520241e-16
 3.69304572e+03  1.34429698e-16
 3.69424965e+03  1.34351432e-16
 3.69545371e+03  1.34270585e-16
 3.69665790e+03  1.34220051e-16
 3.69786222e+03  1.34080530e-16
 3.69906667e+03  1.34083048e-16
 3.70027124e+03  1.34040679e-16
 3.70147594e+03  1.34063638e-16
 3.70268077e+03  1.33928600e-16
 3.70388572e+03  1.33927419e-16
 3.70509080e+03  1.33799865e-16
 3.70629601e+03  1.33723696e-16
 3.70750134e+03  1.33805309e-16
 3.70870680e+03  1.33764977e-16
 3.70991239e+03  1.33734549e-16
 3.71111810e+03  1.33660693e-16
 3.71232394e+03  1.33667571e-16
 3.71352990e+03  1.33530942e-16
 3.71473599e+03  1.33428430e-16
 3.71594221e+03  1.33411776e-16
 3.71714854e+03  1.33321945e-16
 3.71835501e+03  1.33224867e-16
 3.71956160e+03  1.33285851e-16
 3.72076831e+03  1.33163032e-16
 3.72197515e+03  1.33197662e-16
 3.72318211e+03  1.33103009e-16
 3.72438920e+03  1.33066074e-16
 3.72559641e+03  1.32993936e-16
 3.72680374e+03  1.32884830e-16
 3.72801120e+03  1.32844740e-16
 3.72921878e+03  1.32727875e-16
 3.73042649e+03  1.32704487e-16
 3.73163431e+03  1.32593277e-16
 3.73284226e+03  1.32559506e-16
 3.73405034e+03  1.32578595e-16
 3.73525853e+03  1.32552839e-16
 3.73646685e+03  1.32526425e-16
 3.73767529e+03  1.32605182e-16
 3.73888386e+03  1.32456826e-16
 3.74009254e+03  1.32429445e-16
 3.74130135e+03  1.32418309e-16
 3.74251028e+03  1.32289303e-16
 3.74371933e+03  1.32243418e-16
 3.74492850e+03  1.32122424e-16
 3.74613779e+03  1.32028708e-16
 3.74734721e+03  1.32011218e-16
 3.74855674e+03  1.31986619e-16
 3.74976640e+03  1.31995687e-16
 3.75097617e+03  1.32028098e-16
 3.75218607e+03  1.31870269e-16
 3.75339609e+03  1.31813741e-16
 3.75460622e+03  1.31712922e-16
 3.75581648e+03  1.31651696e-16
 3.75702686e+03  1.31550484e-16
 3.75823735e+03  1.31483521e-16
 3.75944797e+03  1.31477498e-16
 3.76065870e+03  1.31427604e-16
 3.76186955e+03  1.31410208e-16
 3.76308053e+03  1.31315009e-16
 3.76429162e+03  1.31369988e-16
 3.76550283e+03  1.31273849e-16
 3.76671416e+03  1.31134499e-16
 3.76792560e+03  1.31136927e-16
 3.76913717e+03  1.31007423e-16
 3.77034885e+03  1.31026582e-16
 3.77156065e+03  1.30982339e-16
 3.77277257e+03  1.30861559e-16
 3.77398460e+03  1.30811412e-16
 3.77519676e+03  1.30723915e-16
 3.77640902e+03  1.30652763e-16
 3.77762141e+03  1.30663526e-16
 3.77883391e+03  1.30600381e-16
 3.78004653e+03  1.30588423e-16
 3.78125927e+03  1.30547495e-16
 3.78247212e+03  1.30465382e-16
 3.78368509e+03  1.30470473e-16
 3.78489818e+03  1.30442575e-16
 3.78611138e+03  1.30399841e-16
 3.78732469e+03  1.30331402e-16
 3.78853813e+03  1.30267243e-16
 3.78975167e+03  1.30252636e-16
 3.79096534e+03  1.30160845e-16
 3.79217911e+03  1.30071945e-16
 3.79339300e+03  1.30114940e-16
 3.79460701e+03  1.30065429e-16
 3.79582113e+03  1.29974074e-16
 3.79703537e+03  1.29861223e-16
 3.79824972e+03  1.29796908e-16
 3.79946418e+03  1.29717000e-16
 3.80067876e+03  1.29723666e-16
 3.80189345e+03  1.29618249e-16
 3.80310825e+03  1.29682381e-16
 3.80432317e+03  1.29602128e-16
 3.80553820e+03  1.29509670e-16
 3.80675335e+03  1.29485881e-16
 3.80796861e+03  1.29434549e-16
 3.80918398e+03  1.29373249e-16
 3.81039946e+03  1.29358785e-16
 3.81161505e+03  1.29261553e-16
 3.81283076e+03  1.29340460e-16
 3.81404658e+03  1.29176365e-16
 3.81526251e+03  1.29147128e-16
 3.81647855e+03  1.29172477e-16
 3.81769471e+03  1.29048980e-16
 3.81891097e+03  1.29023661e-16
 3.82012735e+03  1.28954403e-16
 3.82134384e+03  1.29004296e-16
 3.82256044e+03  1.28975661e-16
 3.82377715e+03  1.28768329e-16
 3.82499397e+03  1.28725456e-16
 3.82621090e+03  1.28700851e-16
 3.82742794e+03  1.28646229e-16
 3.82864509e+03  1.28611859e-16
 3.82986235e+03  1.28627313e-16
 3.83107972e+03  1.28536413e-16
 3.83229720e+03  1.28473962e-16
 3.83351479e+03  1.28412169e-16
 3.83473249e+03  1.28362529e-16
 3.83595030e+03  1.28319794e-16
 3.83716821e+03  1.28217931e-16
 3.83838624e+03  1.28278805e-16
 3.83960437e+03  1.28245667e-16
 3.84082262e+03  1.28318925e-16
 3.84204097e+03  1.28116037e-16
 3.84325943e+03  1.28092926e-16
 3.84447800e+03  1.28011536e-16
 3.84569667e+03  1.28013142e-16
 3.84691545e+03  1.27891107e-16
 3.84813434e+03  1.27837775e-16
 3.84935334e+03  1.27766586e-16
 3.85057245e+03  1.27825065e-16
 3.85179166e+03  1.27827554e-16
 3.85301098e+03  1.27717117e-16
 3.85423040e+03  1.27638764e-16
 3.85544993e+03  1.27679894e-16
 3.85666957e+03  1.27548760e-16
 3.85788932e+03  1.27612479e-16
 3.85910917e+03  1.27528649e-16
 3.86032912e+03  1.27464406e-16
 3.86154918e+03  1.27336757e-16
 3.86276935e+03  1.27325899e-16
 3.86398962e+03  1.27247292e-16
 3.86521000e+03  1.27193955e-16
 3.86643048e+03  1.27219631e-16
 3.86765107e+03  1.27135944e-16
 3.86887177e+03  1.27015498e-16
 3.87009256e+03  1.26882665e-16
 3.87131346e+03  1.26945967e-16
 3.87253447e+03  1.27010177e-16
 3.87375558e+03  1.26933844e-16
 3.87497679e+03  1.26774441e-16
 3.87619811e+03  1.26726236e-16
 3.87741953e+03  1.26713439e-16
 3.87864106e+03  1.26515902e-16
 3.87986268e+03  1.26538134e-16
 3.88108441e+03  1.26358025e-16
 3.88230625e+03  1.26414143e-16
 3.88352818e+03  1.26342905e-16
 3.88475022e+03  1.26435758e-16
 3.88597236e+03  1.26279672e-16
 3.88719461e+03  1.26351670e-16
 3.88841695e+03  1.26222657e-16
 3.88963940e+03  1.26212308e-16
 3.89086195e+03  1.26051152e-16
 3.89208460e+03  1.26055125e-16
 3.89330735e+03  1.25929945e-16
 3.89453021e+03  1.25877862e-16
 3.89575316e+03  1.25871892e-16
 3.89697622e+03  1.25823661e-16
 3.89819937e+03  1.25764454e-16
 3.89942263e+03  1.25783595e-16
 3.90064599e+03  1.25665929e-16
 3.90186945e+03  1.25765755e-16
 3.90309300e+03  1.25604542e-16
 3.90431666e+03  1.25671153e-16
 3.90554042e+03  1.25557743e-16
 3.90676428e+03  1.25426211e-16
 3.90798823e+03  1.25433674e-16
 3.90921229e+03  1.25488472e-16
 3.91043645e+03  1.25381095e-16
 3.91166070e+03  1.25337184e-16
 3.91288505e+03  1.25243222e-16
 3.91410951e+03  1.25225214e-16
 3.91533406e+03  1.25140820e-16
 3.91655871e+03  1.25248377e-16
 3.91778345e+03  1.25096295e-16
 3.91900830e+03  1.25070499e-16
 3.92023324e+03  1.25057195e-16
 3.92145828e+03  1.24976169e-16
 3.92268342e+03  1.25041340e-16
 3.92390865e+03  1.24898266e-16
 3.92513399e+03  1.24854930e-16
 3.92635942e+03  1.24753348e-16
 3.92758494e+03  1.24687641e-16
 3.92881057e+03  1.24526634e-16
 3.93003629e+03  1.24599688e-16
 3.93126210e+03  1.24510232e-16
 3.93248801e+03  1.24480251e-16
 3.93371402e+03  1.24454845e-16
 3.93494013e+03  1.24399180e-16
 3.93616633e+03  1.24194282e-16
 3.93739262e+03  1.24142094e-16
 3.93861901e+03  1.24109268e-16
 3.93984550e+03  1.23963423e-16
 3.94107208e+03  1.23978725e-16
 3.94229876e+03  1.23857464e-16
 3.94352553e+03  1.23862064e-16
 3.94475239e+03  1.23750772e-16
 3.94597935e+03  1.23843764e-16
 3.94720641e+03  1.23758921e-16
 3.94843356e+03  1.23837529e-16
 3.94966080e+03  1.23834803e-16
 3.95088814e+03  1.23750606e-16
 3.95211557e+03  1.23688900e-16
 3.95334309e+03  1.23627482e-16
 3.95457071e+03  1.23689877e-16
 3.95579842e+03  1.23868477e-16
 3.95702622e+03  1.23567856e-16
 3.95825411e+03  1.23484466e-16
 3.95948210e+03  1.23464954e-16
 3.96071018e+03  1.23469498e-16
 3.96193835e+03  1.23378584e-16
 3.96316662e+03  1.23365278e-16
 3.96439498e+03  1.23308653e-16
 3.96562342e+03  1.23182453e-16
 3.96685196e+03  1.23174105e-16
 3.96808060e+03  1.23188539e-16
 3.96930932e+03  1.22989033e-16
 3.97053813e+03  1.22878502e-16
 3.97176704e+03  1.22872905e-16
 3.97299604e+03  1.22790028e-16
 3.97422512e+03  1.22804506e-16
 3.97545430e+03  1.22643351e-16
 3.97668357e+03  1.22645933e-16
 3.97791293e+03  1.22523479e-16
 3.97914237e+03  1.22462532e-16
 3.98037191e+03  1.22474103e-16
 3.98160154e+03  1.22432523e-16
 3.98283126e+03  1.22603505e-16
 3.98406106e+03  1.22435916e-16
 3.98529096e+03  1.22459723e-16
 3.98652094e+03  1.22472116e-16
 3.98775102e+03  1.22537729e-16
 3.98898118e+03  1.22367990e-16
 3.99021143e+03  1.22382260e-16
 3.99144177e+03  1.22297702e-16
 3.99267219e+03  1.22176092e-16
 3.99390271e+03  1.22213944e-16
 3.99513331e+03  1.22134829e-16
 3.99636400e+03  1.22167427e-16
 3.99759478e+03  1.22095488e-16
 3.99882565e+03  1.22021500e-16
 4.00005660e+03  1.22106977e-16
 4.00128764e+03  1.21937326e-16
 4.00251877e+03  1.21953896e-16
 4.00374998e+03  1.21813579e-16
 4.00498128e+03  1.21861769e-16
 4.00621267e+03  1.21820442e-16
 4.00744414e+03  1.21743735e-16
 4.00867570e+03  1.21687302e-16
 4.00990735e+03  1.21676439e-16
 4.01113908e+03  1.21628166e-16
 4.01237090e+03  1.21589946e-16
 4.01360280e+03  1.21493108e-16
 4.01483479e+03  1.21558726e-16
 4.01606686e+03  1.21473177e-16
 4.01729902e+03  1.21411999e-16
 4.01853126e+03  1.21388955e-16
 4.01976359e+03  1.21420510e-16
 4.02099600e+03  1.21400899e-16
 4.02222849e+03  1.21325873e-16
 4.02346107e+03  1.21238898e-16
 4.02469374e+03  1.21116707e-16
 4.02592648e+03  1.21217540e-16
 4.02715932e+03  1.21091616e-16
 4.02839223e+03  1.21102947e-16
 4.02962523e+03  1.21033114e-16
 4.03085831e+03  1.21025026e-16
 4.03209147e+03  1.20955913e-16
 4.03332472e+03  1.20870986e-16
 4.03455805e+03  1.20847575e-16
 4.03579146e+03  1.20873192e-16
 4.03702496e+03  1.20799533e-16
 4.03825853e+03  1.20700721e-16
 4.03949219e+03  1.20630187e-16
 4.04072593e+03  1.20613153e-16
 4.04195976e+03  1.20535057e-16
 4.04319366e+03  1.20481193e-16
 4.04442765e+03  1.20534868e-16
 4.04566171e+03  1.20467440e-16
 4.04689586e+03  1.20498760e-16
 4.04813009e+03  1.20302838e-16
 4.04936440e+03  1.20353386e-16
 4.05059879e+03  1.20441392e-16
 4.05183326e+03  1.20382145e-16
 4.05306781e+03  1.20233261e-16
 4.05430244e+03  1.20127106e-16
 4.05553715e+03  1.20096744e-16
 4.05677194e+03  1.20147981e-16
 4.05800681e+03  1.20162851e-16
 4.05924176e+03  1.20021485e-16
 4.06047679e+03  1.19951960e-16
 4.06171189e+03  1.19979851e-16
 4.06294708e+03  1.19853518e-16
 4.06418234e+03  1.19750629e-16
 4.06541769e+03  1.19695106e-16
 4.06665311e+03  1.19668886e-16
 4.06788861e+03  1.19639395e-16
 4.06912419e+03  1.19685056e-16
 4.07035985e+03  1.19684541e-16
 4.07159558e+03  1.19630026e-16
 4.07283139e+03  1.19639878e-16
 4.07406728e+03  1.19492511e-16
 4.07530325e+03  1.19493554e-16
 4.07653929e+03  1.19398344e-16
 4.07777541e+03  1.19409139e-16
 4.07901161e+03  1.19360304e-16
 4.08024788e+03  1.19302043e-16
 4.08148423e+03  1.19185972e-16
 4.08272066e+03  1.19206551e-16
 4.08395716e+03  1.19108314e-16
 4.08519374e+03  1.19089206e-16
 4.08643040e+03  1.18965355e-16
 4.08766713e+03  1.19066567e-16
 4.08890393e+03  1.19045911e-16
 4.09014081e+03  1.19062384e-16
 4.09137777e+03  1.19010167e-16
 4.09261480e+03  1.18865301e-16
 4.09385191e+03  1.18826029e-16
 4.09508909e+03  1.18851470e-16
 4.09632635e+03  1.18857661e-16
 4.09756367e+03  1.18700403e-16
 4.09880108e+03  1.18696523e-16
 4.10003856e+03  1.18588473e-16
 4.10127611e+03  1.18520984e-16
 4.10251373e+03  1.18620256e-16
 4.10375143e+03  1.18489916e-16
 4.10498921e+03  1.18370961e-16
 4.10622705e+03  1.18425481e-16
 4.10746497e+03  1.18337493e-16
 4.10870296e+03  1.18237644e-16
 4.10994103e+03  1.18103139e-16
 4.11117916e+03  1.18111726e-16
 4.11241737e+03  1.18136321e-16
 4.11365565e+03  1.18104196e-16
 4.11489401e+03  1.18120963e-16
 4.11613243e+03  1.18045665e-16
 4.11737093e+03  1.17936703e-16
 4.11860950e+03  1.18065371e-16
 4.11984814e+03  1.17903853e-16
 4.12108685e+03  1.17882395e-16
 4.12232563e+03  1.17880993e-16
 4.12356449e+03  1.17859028e-16
 4.12480341e+03  1.17891418e-16
 4.12604241e+03  1.17734861e-16
 4.12728147e+03  1.17621341e-16
 4.12852061e+03  1.17613985e-16
 4.12975981e+03  1.17638382e-16
 4.13099909e+03  1.17627805e-16
 4.13223843e+03  1.17614227e-16
 4.13347785e+03  1.17428923e-16
 4.13471733e+03  1.17466056e-16
 4.13595689e+03  1.17457183e-16
 4.13719651e+03  1.17467504e-16
 4.13843620e+03  1.17332290e-16
 4.13967596e+03  1.17291963e-16
 4.14091579e+03  1.17201482e-16
 4.14215569e+03  1.17192985e-16
 4.14339566e+03  1.17188990e-16
 4.14463569e+03  1.17183257e-16
 4.14587579e+03  1.17152886e-16
 4.14711596e+03  1.17200408e-16
 4.14835620e+03  1.17025493e-16
 4.14959651e+03  1.17003648e-16
 4.15083688e+03  1.16873212e-16
 4.15207732e+03  1.16840324e-16
 4.15331782e+03  1.16860486e-16
 4.15455840e+03  1.16800275e-16
 4.15579904e+03  1.16778161e-16
 4.15703975e+03  1.16681100e-16
 4.15828052e+03  1.16686840e-16
 4.15952136e+03  1.16623003e-16
 4.16076226e+03  1.16610110e-16
 4.16200323e+03  1.16521173e-16
 4.16324427e+03  1.16606898e-16
 4.16448537e+03  1.16516957e-16
 4.16572654e+03  1.16483831e-16
 4.16696777e+03  1.16541583e-16
 4.16820907e+03  1.16425338e-16
 4.16945044e+03  1.16398389e-16
 4.17069186e+03  1.16349977e-16
 4.17193336e+03  1.16350493e-16
 4.17317491e+03  1.16416050e-16
 4.17441653e+03  1.16261714e-16
 4.17565822e+03  1.16206627e-16
 4.17689997e+03  1.16264881e-16
 4.17814178e+03  1.16188728e-16
 4.17938366e+03  1.15961471e-16
 4.18062560e+03  1.16036016e-16
 4.18186760e+03  1.16050679e-16
 4.18310966e+03  1.15958412e-16
 4.18435179e+03  1.15921477e-16
 4.18559398e+03  1.15875389e-16
 4.18683624e+03  1.15838258e-16
 4.18807856e+03  1.15819959e-16
 4.18932093e+03  1.15754817e-16
 4.19056338e+03  1.15628308e-16
 4.19180588e+03  1.15668834e-16
 4.19304844e+03  1.15615223e-16
 4.19429107e+03  1.15591475e-16
 4.19553376e+03  1.15481947e-16
 4.19677651e+03  1.15514641e-16
 4.19801932e+03  1.15529656e-16
 4.19926219e+03  1.15390409e-16
 4.20050512e+03  1.15289215e-16
 4.20174811e+03  1.15362004e-16
 4.20299117e+03  1.15300659e-16
 4.20423428e+03  1.15178929e-16
 4.20547745e+03  1.15165011e-16
 4.20672069e+03  1.15104526e-16
 4.20796398e+03  1.15070681e-16
 4.20920733e+03  1.14999927e-16
 4.21045075e+03  1.14994718e-16
 4.21169422e+03  1.14926206e-16
 4.21293775e+03  1.15000112e-16
 4.21418134e+03  1.14987271e-16
 4.21542499e+03  1.14863275e-16
 4.21666870e+03  1.14978312e-16
 4.21791246e+03  1.14861602e-16
 4.21915629e+03  1.14850367e-16
 4.22040017e+03  1.14764314e-16
 4.22164411e+03  1.14796859e-16
 4.22288811e+03  1.14619429e-16
 4.22413217e+03  1.14696568e-16
 4.22537628e+03  1.14616766e-16
 4.22662045e+03  1.14551832e-16
 4.22786468e+03  1.14621147e-16
 4.22910896e+03  1.14427041e-16
 4.23035331e+03  1.14454411e-16
 4.23159771e+03  1.14328451e-16
 4.23284216e+03  1.14239130e-16
 4.23408667e+03  1.14293766e-16
 4.23533124e+03  1.14192862e-16
 4.23657587e+03  1.14287735e-16
 4.23782055e+03  1.14264227e-16
 4.23906528e+03  1.14157130e-16
 4.24031007e+03  1.14083604e-16
 4.24155492e+03  1.14096252e-16
 4.24279982e+03  1.14027392e-16
 4.24404478e+03  1.14001724e-16
 4.24528979e+03  1.14039833e-16
 4.24653486e+03  1.13940692e-16
 4.24777998e+03  1.13935460e-16
 4.24902516e+03  1.13934385e-16
 4.25027039e+03  1.13847040e-16
 4.25151567e+03  1.13860348e-16
 4.25276101e+03  1.13760638e-16
 4.25400641e+03  1.13772396e-16
 4.25525185e+03  1.13699793e-16
 4.25649735e+03  1.13656935e-16
 4.25774290e+03  1.13647711e-16
 4.25898851e+03  1.13525090e-16
 4.26023417e+03  1.13602571e-16
 4.26147988e+03  1.13495368e-16
 4.26272564e+03  1.13531393e-16
 4.26397146e+03  1.13470383e-16
 4.26521733e+03  1.13450674e-16
 4.26646325e+03  1.13340377e-16
 4.26770922e+03  1.13244750e-16
 4.26895525e+03  1.13168428e-16
 4.27020133e+03  1.13302206e-16
 4.27144745e+03  1.13283114e-16
 4.27269363e+03  1.13210319e-16
 4.27393986e+03  1.13151933e-16
 4.27518615e+03  1.13101930e-16
 4.27643248e+03  1.13022550e-16
 4.27767886e+03  1.13001951e-16
 4.27892530e+03  1.12892013e-16
 4.28017178e+03  1.12918950e-16
 4.28141831e+03  1.12916025e-16
 4.28266490e+03  1.12852947e-16
 4.28391153e+03  1.12868116e-16
 4.28515822e+03  1.12818847e-16
 4.28640495e+03  1.12724976e-16
 4.28765173e+03  1.12716233e-16
 4.28889856e+03  1.12672771e-16
 4.29014545e+03  1.12724855e-16
 4.29139238e+03  1.12620836e-16
 4.29263935e+03  1.12676442e-16
 4.29388638e+03  1.12575311e-16
 4.29513346e+03  1.12404218e-16
 4.29638058e+03  1.12402076e-16
 4.29762775e+03  1.12284128e-16
 4.29887497e+03  1.12285980e-16
 4.30012224e+03  1.12444609e-16
 4.30136956e+03  1.12412907e-16
 4.30261692e+03  1.12311962e-16
 4.30386433e+03  1.12269615e-16
 4.30511179e+03  1.12185393e-16
 4.30635929e+03  1.12073147e-16
 4.30760684e+03  1.11922916e-16
 4.30885444e+03  1.11951420e-16
 4.31010208e+03  1.11960738e-16
 4.31134977e+03  1.11917662e-16
 4.31259751e+03  1.11925597e-16
 4.31384529e+03  1.11866033e-16
 4.31509312e+03  1.11809755e-16
 4.31634099e+03  1.11751595e-16
 4.31758891e+03  1.11707096e-16
 4.31883688e+03  1.11870309e-16
 4.32008489e+03  1.11773856e-16
 4.32133294e+03  1.11777155e-16
 4.32258104e+03  1.11919332e-16
 4.32382918e+03  1.11789092e-16
 4.32507737e+03  1.11771127e-16
 4.32632560e+03  1.11717537e-16
 4.32757388e+03  1.11609060e-16
 4.32882220e+03  1.11566189e-16
 4.33007057e+03  1.11461024e-16
 4.33131898e+03  1.11443353e-16
 4.33256743e+03  1.11357541e-16
 4.33381592e+03  1.11324823e-16
 4.33506446e+03  1.11515864e-16
 4.33631304e+03  1.11408242e-16
 4.33756167e+03  1.11354611e-16
 4.33881033e+03  1.11334794e-16
 4.34005904e+03  1.11311059e-16
 4.34130780e+03  1.11260448e-16
 4.34255659e+03  1.11228847e-16
 4.34380543e+03  1.11136616e-16
 4.34505430e+03  1.10995982e-16
 4.34630322e+03  1.10926686e-16
 4.34755218e+03  1.11067670e-16
 4.34880119e+03  1.10852570e-16
 4.35005023e+03  1.10971736e-16
 4.35129932e+03  1.10993271e-16
 4.35254844e+03  1.10976296e-16
 4.35379761e+03  1.10929891e-16
 4.35504682e+03  1.10872059e-16
 4.35629606e+03  1.10828063e-16
 4.35754535e+03  1.10701357e-16
 4.35879468e+03  1.10649726e-16
 4.36004405e+03  1.10657105e-16
 4.36129345e+03  1.10628132e-16
 4.36254290e+03  1.10611666e-16
 4.36379239e+03  1.10717628e-16
 4.36504191e+03  1.10665461e-16
 4.36629148e+03  1.10675250e-16
 4.36754108e+03  1.10534125e-16
 4.36879072e+03  1.10481791e-16
 4.37004041e+03  1.10509416e-16
 4.37129013e+03  1.10434461e-16
 4.37253988e+03  1.10477174e-16
 4.37378968e+03  1.10345235e-16
 4.37503951e+03  1.10248133e-16
 4.37628939e+03  1.10241012e-16
 4.37753929e+03  1.10262721e-16
 4.37878924e+03  1.10198837e-16
 4.38003923e+03  1.10106312e-16
 4.38128925e+03  1.10117200e-16
 4.38253931e+03  1.10024218e-16
 4.38378940e+03  1.10030019e-16
 4.38503953e+03  1.10051977e-16
 4.38628970e+03  1.10052101e-16
 4.38753990e+03  1.09908481e-16
 4.38879015e+03  1.09861248e-16
 4.39004042e+03  1.09803560e-16
 4.39129074e+03  1.09691052e-16
 4.39254108e+03  1.09810054e-16
 4.39379147e+03  1.09780810e-16
 4.39504189e+03  1.09798690e-16
 4.39629234e+03  1.09706000e-16
 4.39754283e+03  1.09721208e-16
 4.39879335e+03  1.09668523e-16
 4.40004391e+03  1.09634217e-16
 4.40129451e+03  1.09583606e-16
 4.40254513e+03  1.09587804e-16
 4.40379580e+03  1.09531345e-16
 4.40504649e+03  1.09497018e-16
 4.40629722e+03  1.09397812e-16
 4.40754799e+03  1.09472354e-16
 4.40879878e+03  1.09467823e-16
 4.41004961e+03  1.09314294e-16
 4.41130048e+03  1.09320839e-16
 4.41255137e+03  1.09308554e-16
 4.41380230e+03  1.09303719e-16
 4.41505327e+03  1.09258550e-16
 4.41630426e+03  1.09305590e-16
 4.41755529e+03  1.09181654e-16
 4.41880635e+03  1.09241675e-16
 4.42005744e+03  1.09073495e-16
 4.42130856e+03  1.09116212e-16
 4.42255972e+03  1.09080397e-16
 4.42381091e+03  1.09096759e-16
 4.42506212e+03  1.09059778e-16
 4.42631337e+03  1.09077276e-16
 4.42756465e+03  1.08986174e-16
 4.42881597e+03  1.08951984e-16
 4.43006731e+03  1.08870328e-16
 4.43131868e+03  1.08912235e-16
 4.43257009e+03  1.08886850e-16
 4.43382152e+03  1.08870456e-16
 4.43507298e+03  1.08794846e-16
 4.43632448e+03  1.08755687e-16
 4.43757600e+03  1.08735033e-16
 4.43882755e+03  1.08710053e-16
 4.44007914e+03  1.08601104e-16
 4.44133075e+03  1.08657698e-16
 4.44258239e+03  1.08546581e-16
 4.44383406e+03  1.08538865e-16
 4.44508576e+03  1.08624201e-16
 4.44633749e+03  1.08549486e-16
 4.44758924e+03  1.08405624e-16
 4.44884103e+03  1.08270996e-16
 4.45009284e+03  1.08417347e-16
 4.45134468e+03  1.08325486e-16
 4.45259655e+03  1.08327265e-16
 4.45384845e+03  1.08307382e-16
 4.45510037e+03  1.08283190e-16
 4.45635232e+03  1.08276100e-16
 4.45760430e+03  1.08168317e-16
 4.45885631e+03  1.08116489e-16
 4.46010834e+03  1.08056350e-16
 4.46136040e+03  1.08087218e-16
 4.46261248e+03  1.07967148e-16
 4.46386459e+03  1.07853296e-16
 4.46511673e+03  1.07940932e-16
 4.46636890e+03  1.07855722e-16
 4.46762109e+03  1.07778212e-16
 4.46887330e+03  1.07724212e-16
 4.47012554e+03  1.07791196e-16
 4.47137781e+03  1.07799432e-16
 4.47263010e+03  1.07799146e-16
 4.47388242e+03  1.07710444e-16
 4.47513476e+03  1.07644722e-16
 4.47638713e+03  1.07683719e-16
 4.47763952e+03  1.07687326e-16
 4.47889193e+03  1.07612740e-16
 4.48014437e+03  1.07579629e-16
 4.48139684e+03  1.07626008e-16
 4.48264932e+03  1.07560403e-16
 4.48390184e+03  1.07548791e-16
 4.48515437e+03  1.07470516e-16
 4.48640693e+03  1.07424656e-16
 4.48765951e+03  1.07371237e-16
 4.48891212e+03  1.07398727e-16
 4.49016474e+03  1.07376550e-16
 4.49141739e+03  1.07322980e-16
 4.49267007e+03  1.07295669e-16
 4.49392276e+03  1.07326843e-16
 4.49517548e+03  1.07139179e-16
 4.49642822e+03  1.07156785e-16
 4.49768098e+03  1.07104419e-16
 4.49893377e+03  1.07153313e-16
 4.50018657e+03  1.07137739e-16
 4.50143940e+03  1.06990535e-16
 4.50269225e+03  1.07136946e-16
 4.50394512e+03  1.06932531e-16
 4.50519801e+03  1.07031003e-16
 4.50645092e+03  1.07020927e-16
 4.50770385e+03  1.06933844e-16
 4.50895680e+03  1.06934521e-16
 4.51020978e+03  1.06854800e-16
 4.51146277e+03  1.06815108e-16
 4.51271578e+03  1.06912025e-16
 4.51396881e+03  1.06755258e-16
 4.51522187e+03  1.06816696e-16
 4.51647494e+03  1.06828952e-16
 4.51772803e+03  1.06710510e-16
 4.51898114e+03  1.06565648e-16
 4.52023427e+03  1.06604050e-16
 4.52148742e+03  1.06551234e-16
 4.52274058e+03  1.06609426e-16
 4.52399377e+03  1.06486227e-16
 4.52524697e+03  1.06559594e-16
 4.52650020e+03  1.06522407e-16
 4.52775344e+03  1.06466089e-16
 4.52900669e+03  1.06337283e-16
 4.53025997e+03  1.06350273e-16
 4.53151326e+03  1.06357428e-16
 4.53276657e+03  1.06359794e-16
 4.53401990e+03  1.06204465e-16
 4.53527325e+03  1.06265879e-16
 4.53652661e+03  1.06182655e-16
 4.53777999e+03  1.06261111e-16
 4.53903338e+03  1.06176974e-16
 4.54028680e+03  1.06063318e-16
 4.54154022e+03  1.06116256e-16
 4.54279367e+03  1.06123427e-16
 4.54404713e+03  1.06031681e-16
 4.54530060e+03  1.06041857e-16
 4.54655409e+03  1.06011555e-16
 4.54780760e+03  1.06044777e-16
 4.54906112e+03  1.05937539e-16
 4.55031466e+03  1.05993945e-16
 4.55156821e+03  1.05933550e-16
 4.55282178e+03  1.05899546e-16
 4.55407536e+03  1.05840027e-16
 4.55532896e+03  1.05715300e-16
 4.55658257e+03  1.05720685e-16
 4.55783619e+03  1.05761984e-16
 4.55908983e+03  1.05673417e-16
 4.56034348e+03  1.05589631e-16
 4.56159715e+03  1.05656278e-16
 4.56285083e+03  1.05582839e-16
 4.56410452e+03  1.05588428e-16
 4.56535822e+03  1.05620393e-16
 4.56661194e+03  1.05536217e-16
 4.56786567e+03  1.05546760e-16
 4.56911942e+03  1.05508989e-16
 4.57037318e+03  1.05451096e-16
 4.57162694e+03  1.05438845e-16
 4.57288073e+03  1.05461513e-16
 4.57413452e+03  1.05328847e-16
 4.57538832e+03  1.05369244e-16
 4.57664214e+03  1.05220201e-16
 4.57789597e+03  1.05266114e-16
 4.57914981e+03  1.05211970e-16
 4.58040366e+03  1.05199069e-16
 4.58165752e+03  1.05208154e-16
 4.58291139e+03  1.05079237e-16
 4.58416528e+03  1.05120644e-16
 4.58541917e+03  1.05033738e-16
 4.58667307e+03  1.05087620e-16
 4.58792699e+03  1.05023612e-16
 4.58918091e+03  1.04957796e-16
 4.59043485e+03  1.04915026e-16
 4.59168879e+03  1.04995191e-16
 4.59294275e+03  1.04845405e-16
 4.59419671e+03  1.04864498e-16
 4.59545068e+03  1.04829900e-16
 4.59670466e+03  1.04811423e-16
 4.59795865e+03  1.04708358e-16
 4.59921265e+03  1.04805432e-16
 4.60046666e+03  1.04755549e-16
 4.60172068e+03  1.04629833e-16
 4.60297470e+03  1.04645388e-16
 4.60422873e+03  1.04596409e-16
 4.60548277e+03  1.04648046e-16
 4.60673682e+03  1.04533303e-16
 4.60799088e+03  1.04560786e-16
 4.60924494e+03  1.04561576e-16
 4.61049901e+03  1.04567871e-16
 4.61175309e+03  1.04483359e-16
 4.61300717e+03  1.04426062e-16
 4.61426126e+03  1.04500660e-16
 4.61551536e+03  1.04460360e-16
 4.61676946e+03  1.04504890e-16
 4.61802358e+03  1.04367591e-16
 4.61927769e+03  1.04319590e-16
 4.62053181e+03  1.04350340e-16
 4.62178594e+03  1.04303512e-16
 4.62304008e+03  1.04328411e-16
 4.62429422e+03  1.04230568e-16
 4.62554836e+03  1.04221783e-16
 4.62680251e+03  1.04195484e-16
 4.62805667e+03  1.04213950e-16
 4.62931083e+03  1.04167172e-16
 4.63056499e+03  1.04097930e-16
 4.63181916e+03  1.04064975e-16
 4.63307333e+03  1.04111124e-16
 4.63432751e+03  1.03930548e-16
 4.63558169e+03  1.04020433e-16
 4.63683588e+03  1.03937234e-16
 4.63809007e+03  1.03940763e-16
 4.63934426e+03  1.03854808e-16
 4.64059846e+03  1.03826083e-16
 4.64185266e+03  1.03768858e-16
 4.64310686e+03  1.03843759e-16
 4.64436106e+03  1.03769604e-16
 4.64561527e+03  1.03727530e-16
 4.64686948e+03  1.03673967e-16
 4.64812369e+03  1.03699793e-16
 4.64937791e+03  1.03636462e-16
 4.65063213e+03  1.03621743e-16
 4.65188634e+03  1.03557435e-16
 4.65314056e+03  1.03471266e-16
 4.65439479e+03  1.03598272e-16
 4.65564901e+03  1.03489112e-16
 4.65690324e+03  1.03390513e-16
 4.65815746e+03  1.03421276e-16
 4.65941169e+03  1.03433955e-16
 4.66066592e+03  1.03419815e-16
 4.66192014e+03  1.03303372e-16
 4.66317437e+03  1.03381075e-16
 4.66442860e+03  1.03367913e-16
 4.66568283e+03  1.03298537e-16
 4.66693706e+03  1.03253312e-16
 4.66819129e+03  1.03310360e-16
 4.66944552e+03  1.03225356e-16
 4.67069974e+03  1.03212897e-16
 4.67195397e+03  1.03059458e-16
 4.67320820e+03  1.03067214e-16
 4.67446242e+03  1.02960898e-16
 4.67571664e+03  1.03164986e-16
 4.67697087e+03  1.03102228e-16
 4.67822509e+03  1.02979361e-16
 4.67947931e+03  1.03007545e-16
 4.68073352e+03  1.02948127e-16
 4.68198774e+03  1.03035195e-16
 4.68324195e+03  1.02973102e-16
 4.68449616e+03  1.02870398e-16
 4.68575037e+03  1.02901128e-16
 4.68700458e+03  1.02823145e-16
 4.68825878e+03  1.02779102e-16
 4.68951298e+03  1.02797641e-16
 4.69076717e+03  1.02834574e-16
 4.69202137e+03  1.02795236e-16
 4.69327556e+03  1.02715781e-16
 4.69452974e+03  1.02667788e-16
 4.69578393e+03  1.02647319e-16
 4.69703810e+03  1.02658121e-16
 4.69829228e+03  1.02677277e-16
 4.69954645e+03  1.02662394e-16
 4.70080061e+03  1.02604822e-16
 4.70205477e+03  1.02558017e-16
 4.70330893e+03  1.02574185e-16
 4.70456308e+03  1.02481334e-16
 4.70581723e+03  1.02410211e-16
 4.70707137e+03  1.02418353e-16
 4.70832550e+03  1.02411227e-16
 4.70957963e+03  1.02358633e-16
 4.71083375e+03  1.02405401e-16
 4.71208787e+03  1.02444311e-16
 4.71334198e+03  1.02417130e-16
 4.71459609e+03  1.02299528e-16
 4.71585019e+03  1.02337051e-16
 4.71710428e+03  1.02190343e-16
 4.71835836e+03  1.02291733e-16
 4.71961244e+03  1.02202354e-16
 4.72086651e+03  1.02130409e-16
 4.72212058e+03  1.02124669e-16
 4.72337463e+03  1.02261560e-16
 4.72462868e+03  1.02125950e-16
 4.72588273e+03  1.02097069e-16
 4.72713676e+03  1.02069733e-16
 4.72839078e+03  1.02057876e-16
 4.72964480e+03  1.02056795e-16
 4.73089881e+03  1.01976715e-16
 4.73215281e+03  1.02063816e-16
 4.73340680e+03  1.02024946e-16
 4.73466078e+03  1.01943274e-16
 4.73591476e+03  1.01836483e-16
 4.73716872e+03  1.01945536e-16
 4.73842268e+03  1.01800092e-16
 4.73967662e+03  1.01713132e-16
 4.74093056e+03  1.01801327e-16
 4.74218449e+03  1.01702908e-16
 4.74343840e+03  1.01697868e-16
 4.74469231e+03  1.01699316e-16
 4.74594620e+03  1.01718580e-16
 4.74720009e+03  1.01674821e-16
 4.74845396e+03  1.01557325e-16
 4.74970782e+03  1.01569527e-16
 4.75096168e+03  1.01550790e-16
 4.75221552e+03  1.01580938e-16
 4.75346935e+03  1.01622683e-16
 4.75472317e+03  1.01557085e-16
 4.75597697e+03  1.01523533e-16
 4.75723077e+03  1.01463722e-16
 4.75848455e+03  1.01438577e-16
 4.75973832e+03  1.01371876e-16
 4.76099208e+03  1.01392791e-16
 4.76224583e+03  1.01403496e-16
 4.76349956e+03  1.01404517e-16
 4.76475328e+03  1.01333808e-16
 4.76600699e+03  1.01320434e-16
 4.76726068e+03  1.01257428e-16
 4.76851436e+03  1.01235741e-16
 4.76976803e+03  1.01188419e-16
 4.77102168e+03  1.01136060e-16
 4.77227532e+03  1.01147249e-16
 4.77352895e+03  1.01103596e-16
 4.77478256e+03  1.01166179e-16
 4.77603616e+03  1.01072207e-16
 4.77728974e+03  1.01018840e-16
 4.77854331e+03  1.00977243e-16
 4.77979687e+03  1.01075684e-16
 4.78105041e+03  1.01036794e-16
 4.78230393e+03  1.01074351e-16
 4.78355744e+03  1.00904140e-16
 4.78481093e+03  1.00875579e-16
 4.78606441e+03  1.00882507e-16
 4.78731787e+03  1.00824115e-16
 4.78857132e+03  1.00725922e-16
 4.78982475e+03  1.00757406e-16
 4.79107816e+03  1.00741295e-16
 4.79233156e+03  1.00676410e-16
 4.79358494e+03  1.00693284e-16
 4.79483831e+03  1.00655312e-16
 4.79609165e+03  1.00663797e-16
 4.79734498e+03  1.00626394e-16
 4.79859830e+03  1.00582528e-16
 4.79985159e+03  1.00574857e-16
 4.80110487e+03  1.00513306e-16
 4.80235813e+03  1.00526696e-16
 4.80361138e+03  1.00494625e-16
 4.80486460e+03  1.00446017e-16
 4.80611781e+03  1.00485538e-16
 4.80737099e+03  1.00335760e-16
 4.80862416e+03  1.00368135e-16
 4.80987732e+03  1.00388014e-16
 4.81113045e+03  1.00305628e-16
 4.81238356e+03  1.00269666e-16
 4.81363665e+03  1.00193295e-16
 4.81488973e+03  1.00280234e-16
 4.81614278e+03  1.00284348e-16
 4.81739582e+03  1.00196340e-16
 4.81864884e+03  1.00137061e-16
 4.81990183e+03  1.00190947e-16
 4.82115481e+03  1.00121911e-16
 4.82240776e+03  1.00136549e-16
 4.82366070e+03  1.00113297e-16
 4.82491361e+03  1.00095649e-16
 4.82616650e+03  1.00116181e-16
 4.82741938e+03  9.99644711e-17
 4.82867223e+03  9.99574137e-17
 4.82992506e+03  9.99521852e-17
 4.83117787e+03  1.00039697e-16
 4.83243065e+03  9.98892780e-17
 4.83368342e+03  9.99511736e-17
 4.83493616e+03  9.97759156e-17
 4.83618888e+03  9.97554552e-17
 4.83744158e+03  9.97681309e-17
 4.83869426e+03  9.97435383e-17
 4.83994691e+03  9.97327386e-17
 4.84119954e+03  9.97467977e-17
 4.84245215e+03  9.97187037e-17
 4.84370474e+03  9.96493669e-17
 4.84495730e+03  9.96613952e-17
 4.84620984e+03  9.96596357e-17
 4.84746235e+03  9.96558085e-17
 4.84871484e+03  9.95381147e-17
 4.84996731e+03  9.95426748e-17
 4.85121975e+03  9.95111699e-17
 4.85247217e+03  9.94271175e-17
 4.85372457e+03  9.94930001e-17
 4.85497694e+03  9.93832765e-17
 4.85622928e+03  9.94604884e-17
 4.85748160e+03  9.93430000e-17
 4.85873390e+03  9.93218356e-17
 4.85998617e+03  9.92706813e-17
 4.86123841e+03  9.91983299e-17
 4.86249063e+03  9.91861199e-17
 4.86374283e+03  9.91439832e-17
 4.86499499e+03  9.90801989e-17
 4.86624713e+03  9.91368819e-17
 4.86749925e+03  9.90962137e-17
 4.86875134e+03  9.90476500e-17
 4.87000340e+03  9.91168342e-17
 4.87125544e+03  9.90169870e-17
 4.87250745e+03  9.90893074e-17
 4.87375943e+03  9.89937800e-17
 4.87501138e+03  9.89409960e-17
 4.87626331e+03  9.89009108e-17
 4.87751521e+03  9.89550694e-17
 4.87876708e+03  9.89353665e-17
 4.88001893e+03  9.89455888e-17
 4.88127075e+03  9.89299738e-17
 4.88252253e+03  9.88464675e-17
 4.88377429e+03  9.88531156e-17
 4.88502603e+03  9.88872588e-17
 4.88627773e+03  9.88316175e-17
 4.88752940e+03  9.88302692e-17
 4.88878105e+03  9.87840655e-17
 4.89003267e+03  9.87226538e-17
 4.89128425e+03  9.87093025e-17
 4.89253581e+03  9.86564107e-17
 4.89378734e+03  9.86823872e-17
 4.89503884e+03  9.86487307e-17
 4.89629030e+03  9.85800192e-17
 4.89754174e+03  9.86547346e-17
 4.89879315e+03  9.86039612e-17
 4.90004453e+03  9.86211477e-17
 4.90129588e+03  9.85237437e-17
 4.90254719e+03  9.84868685e-17
 4.90379848e+03  9.85119460e-17
 4.90504973e+03  9.83954930e-17
 4.90630095e+03  9.84053194e-17
 4.90755214e+03  9.84378112e-17
 4.90880330e+03  9.84249114e-17
 4.91005443e+03  9.83912632e-17
 4.91130553e+03  9.83533459e-17
 4.91255659e+03  9.82607725e-17
 4.91380763e+03  9.82761448e-17
 4.91505863e+03  9.82494305e-17
 4.91630959e+03  9.81341870e-17
 4.91756053e+03  9.82715073e-17
 4.91881143e+03  9.82164932e-17
 4.92006230e+03  9.81689165e-17
 4.92131313e+03  9.81745163e-17
 4.92256393e+03  9.80656567e-17
 4.92381470e+03  9.80830345e-17
 4.92506544e+03  9.80593595e-17
 4.92631614e+03  9.80089361e-17
 4.92756680e+03  9.80528992e-17
 4.92881744e+03  9.79882599e-17
 4.93006804e+03  9.79560268e-17
 4.93131860e+03  9.80473184e-17
 4.93256913e+03  9.79186202e-17
 4.93381962e+03  9.80396528e-17
 4.93507008e+03  9.79964305e-17
 4.93632051e+03  9.79468230e-17
 4.93757089e+03  9.78694406e-17
 4.93882125e+03  9.79081095e-17
 4.94007157e+03  9.77784771e-17
 4.94132185e+03  9.77726914e-17
 4.94257209e+03  9.77326781e-17
 4.94382230e+03  9.77008819e-17
 4.94507248e+03  9.77198457e-17
 4.94632261e+03  9.76988674e-17
 4.94757271e+03  9.76580574e-17
 4.94882278e+03  9.76285009e-17
 4.95007280e+03  9.76175937e-17
 4.95132279e+03  9.76618758e-17
 4.95257275e+03  9.77057446e-17
 4.95382266e+03  9.76463537e-17
 4.95507254e+03  9.76611952e-17
 4.95632238e+03  9.76491881e-17
 4.95757218e+03  9.75301595e-17
 4.95882194e+03  9.75016198e-17
 4.96007167e+03  9.74099539e-17
 4.96132135e+03  9.73415054e-17
 4.96257100e+03  9.74099581e-17
 4.96382061e+03  9.74834245e-17
 4.96507018e+03  9.74240188e-17
 4.96631971e+03  9.73887467e-17
 4.96756920e+03  9.73706198e-17
 4.96881866e+03  9.73721163e-17
 4.97006807e+03  9.72781356e-17
 4.97131744e+03  9.72771028e-17
 4.97256678e+03  9.72298987e-17
 4.97381607e+03  9.72455957e-17
 4.97506532e+03  9.72094822e-17
 4.97631454e+03  9.72241672e-17
 4.97756371e+03  9.71672232e-17
 4.97881284e+03  9.71579466e-17
 4.98006193e+03  9.71251065e-17
 4.98131098e+03  9.72008790e-17
 4.98255999e+03  9.71242257e-17
 4.98380896e+03  9.70492011e-17
 4.98505788e+03  9.70232894e-17
 4.98630677e+03  9.69248376e-17
 4.98755561e+03  9.69877880e-17
 4.98880441e+03  9.68979874e-17
 4.99005317e+03  9.70255736e-17
 4.99130188e+03  9.69616252e-17
 4.99255055e+03  9.69099811e-17
 4.99379918e+03  9.68904643e-17
 4.99504777e+03  9.68761080e-17
 4.99629632e+03  9.68803338e-17
 4.99754482e+03  9.68021933e-17
 4.99879328e+03  9.68899963e-17
 5.00004169e+03  9.68577945e-17
 5.00129006e+03  9.67782694e-17
 5.00253839e+03  9.67170194e-17
 5.00378667e+03  9.66915799e-17
 5.00503491e+03  9.66389519e-17
 5.00628311e+03  9.66541363e-17
 5.00753126e+03  9.66817843e-17
 5.00877936e+03  9.66278891e-17
 5.01002742e+03  9.66091337e-17
 5.01127544e+03  9.65846948e-17
 5.01252341e+03  9.65386725e-17
 5.01377133e+03  9.66354274e-17
 5.01501921e+03  9.65381165e-17
 5.01626705e+03  9.65809848e-17
 5.01751484e+03  9.63941175e-17
 5.01876258e+03  9.64107752e-17
 5.02001028e+03  9.63224496e-17
 5.02125793e+03  9.65134221e-17
 5.02250553e+03  9.64070236e-17
 5.02375309e+03  9.62815386e-17
 5.02500060e+03  9.63551686e-17
 5.02624806e+03  9.62320191e-17
 5.02749548e+03  9.63128737e-17
 5.02874285e+03  9.62788820e-17
 5.02999017e+03  9.62668234e-17
 5.03123745e+03  9.61962983e-17
 5.03248467e+03  9.62245893e-17
 5.03373185e+03  9.61420469e-17
 5.03497898e+03  9.61872407e-17
 5.03622607e+03  9.61603455e-17
 5.03747310e+03  9.61758871e-17
 5.03872009e+03  9.60260366e-17
 5.03996702e+03  9.61180531e-17
 5.04121391e+03  9.60800344e-17
 5.04246075e+03  9.59695894e-17
 5.04370754e+03  9.59657465e-17
 5.04495428e+03  9.59652269e-17
 5.04620097e+03  9.59484179e-17
 5.04744761e+03  9.59337750e-17
 5.04869420e+03  9.59811318e-17
 5.04994074e+03  9.59800460e-17
 5.05118724e+03  9.58923406e-17
 5.05243368e+03  9.58741237e-17
 5.05368007e+03  9.59034013e-17
 5.05492641e+03  9.57542101e-17
 5.05617270e+03  9.59457330e-17
 5.05741893e+03  9.58142824e-17
 5.05866512e+03  9.57842748e-17
 5.05991126e+03  9.57449351e-17
 5.06115734e+03  9.57821831e-17
 5.06240337e+03  9.57128184e-17
 5.06364935e+03  9.57659459e-17
 5.06489528e+03  9.58407552e-17
 5.06614116e+03  9.56643410e-17
 5.06738698e+03  9.56230746e-17
 5.06863275e+03  9.55495289e-17
 5.06987847e+03  9.56503253e-17
 5.07112414e+03  9.56312888e-17
 5.07236975e+03  9.55137535e-17
 5.07361531e+03  9.55942639e-17
 5.07486082e+03  9.54989566e-17
 5.07610627e+03  9.55452845e-17
 5.07735167e+03  9.54245907e-17
 5.07859702e+03  9.54349096e-17
 5.07984231e+03  9.54661642e-17
 5.08108755e+03  9.54599343e-17
 5.08233273e+03  9.53962146e-17
 5.08357786e+03  9.53075397e-17
 5.08482294e+03  9.53477350e-17
 5.08606796e+03  9.53371580e-17
 5.08731292e+03  9.53134668e-17
 5.08855783e+03  9.52962777e-17
 5.08980269e+03  9.53349973e-17
 5.09104749e+03  9.53211235e-17
 5.09229223e+03  9.52351355e-17
 5.09353692e+03  9.52593959e-17
 5.09478155e+03  9.52464787e-17
 5.09602613e+03  9.52016349e-17
 5.09727065e+03  9.51411862e-17
 5.09851511e+03  9.51656856e-17
 5.09975952e+03  9.50783307e-17
 5.10100387e+03  9.51326610e-17
 5.10224816e+03  9.50948679e-17
 5.10349240e+03  9.50979106e-17
 5.10473658e+03  9.51170300e-17
 5.10598070e+03  9.51033316e-17
 5.10722477e+03  9.49589075e-17
 5.10846877e+03  9.49563326e-17
 5.10971272e+03  9.50355695e-17
 5.11095661e+03  9.50061796e-17
 5.11220045e+03  9.49749607e-17
 5.11344422e+03  9.49515468e-17
 5.11468794e+03  9.49721599e-17
 5.11593159e+03  9.49472854e-17
 5.11717519e+03  9.49413374e-17
 5.11841873e+03  9.48353571e-17
 5.11966221e+03  9.49319237e-17
 5.12090563e+03  9.48463646e-17
 5.12214900e+03  9.49344946e-17
 5.12339230e+03  9.47994548e-17
 5.12463554e+03  9.47841094e-17
 5.12587872e+03  9.46808035e-17
 5.12712184e+03  9.47312169e-17
 5.12836491e+03  9.46819520e-17
 5.12960791e+03  9.47463491e-17
 5.13085085e+03  9.47119825e-17
 5.13209373e+03  9.46849588e-17
 5.13333655e+03  9.46504287e-17
 5.13457930e+03  9.46236791e-17
 5.13582200e+03  9.46175632e-17
 5.13706464e+03  9.45955725e-17
 5.13830721e+03  9.46074986e-17
 5.13954972e+03  9.45927232e-17
 5.14079217e+03  9.46024330e-17
 5.14203456e+03  9.45136152e-17
 5.14327688e+03  9.45626445e-17
 5.14451915e+03  9.44738120e-17
 5.14576135e+03  9.44713781e-17
 5.14700349e+03  9.44366083e-17
 5.14824556e+03  9.43482939e-17
 5.14948757e+03  9.44592116e-17
 5.15072952e+03  9.43675316e-17
 5.15197141e+03  9.43671760e-17
 5.15321323e+03  9.43645969e-17
 5.15445499e+03  9.43632640e-17
 5.15569668e+03  9.43907451e-17
 5.15693831e+03  9.43653876e-17
 5.15817988e+03  9.43426007e-17
 5.15942138e+03  9.42653468e-17
 5.16066281e+03  9.43440807e-17
 5.16190419e+03  9.43492519e-17
 5.16314549e+03  9.42764293e-17
 5.16438674e+03  9.42132074e-17
 5.16562791e+03  9.41472199e-17
 5.16686902e+03  9.41785636e-17
 5.16811007e+03  9.41157502e-17
 5.16935105e+03  9.40212592e-17
 5.17059197e+03  9.40372829e-17
 5.17183281e+03  9.39932781e-17
 5.17307360e+03  9.39614338e-17
 5.17431431e+03  9.39590781e-17
 5.17555496e+03  9.38752009e-17
 5.17679555e+03  9.39727963e-17
 5.17803606e+03  9.39749067e-17
 5.17927651e+03  9.39723956e-17
 5.18051689e+03  9.40047143e-17
 5.18175721e+03  9.39905119e-17
 5.18299746e+03  9.39043261e-17
 5.18423764e+03  9.39360756e-17
 5.18547775e+03  9.37778109e-17
 5.18671779e+03  9.37634190e-17
 5.18795777e+03  9.37282974e-17
 5.18919767e+03  9.39261855e-17
 5.19043751e+03  9.38401593e-17
 5.19167728e+03  9.38704974e-17
 5.19291699e+03  9.38277194e-17
 5.19415662e+03  9.37662924e-17
 5.19539618e+03  9.37814895e-17
 5.19663568e+03  9.37642360e-17
 5.19787510e+03  9.36838395e-17
 5.19911446e+03  9.36720505e-17
 5.20035374e+03  9.37507656e-17
 5.20159296e+03  9.37820329e-17
 5.20283210e+03  9.37351031e-17
 5.20407118e+03  9.37100415e-17
 5.20531018e+03  9.36728041e-17
 5.20654912e+03  9.36057093e-17
 5.20778798e+03  9.35230172e-17
 5.20902677e+03  9.35185457e-17
 5.21026549e+03  9.35590725e-17
 5.21150415e+03  9.34857986e-17
 5.21274272e+03  9.35267842e-17
 5.21398123e+03  9.35081924e-17
 5.21521967e+03  9.35180369e-17
 5.21645803e+03  9.35392487e-17
 5.21769632e+03  9.35223661e-17
 5.21893454e+03  9.33896081e-17
 5.22017269e+03  9.34158804e-17
 5.22141076e+03  9.34101197e-17
 5.22264877e+03  9.34352812e-17
 5.22388670e+03  9.34130811e-17
 5.22512455e+03  9.34029407e-17
 5.22636233e+03  9.34827893e-17
 5.22760004e+03  9.33720780e-17
 5.22883768e+03  9.31869017e-17
 5.23007524e+03  9.32273267e-17
 5.23131273e+03  9.31544061e-17
 5.23255015e+03  9.32038396e-17
 5.23378749e+03  9.32492361e-17
 5.23502475e+03  9.32052090e-17
 5.23626194e+03  9.32039873e-17
 5.23749906e+03  9.31453994e-17
 5.23873610e+03  9.31826432e-17
 5.23997307e+03  9.32054519e-17
 5.24120996e+03  9.31941088e-17
 5.24244678e+03  9.32157699e-17
 5.24368352e+03  9.31746036e-17
 5.24492018e+03  9.30638401e-17
 5.24615677e+03  9.30297651e-17
 5.24739329e+03  9.30436222e-17
 5.24862973e+03  9.29904110e-17
 5.24986609e+03  9.30200631e-17
 5.25110237e+03  9.29556085e-17
 5.25233858e+03  9.29762429e-17
 5.25357471e+03  9.29449996e-17
 5.25481077e+03  9.30209142e-17
 5.25604674e+03  9.29171162e-17
 5.25728264e+03  9.29466752e-17
 5.25851847e+03  9.29404334e-17
 5.25975421e+03  9.28598410e-17
 5.26098988e+03  9.29069520e-17
 5.26222547e+03  9.28467407e-17
 5.26346098e+03  9.27701013e-17
 5.26469641e+03  9.26707771e-17
 5.26593177e+03  9.26966558e-17
 5.26716704e+03  9.26964964e-17
 5.26840224e+03  9.26747606e-17
 5.26963736e+03  9.26670816e-17
 5.27087240e+03  9.25496370e-17
 5.27210736e+03  9.26516943e-17
 5.27334224e+03  9.26685422e-17
 5.27457704e+03  9.26162325e-17
 5.27581176e+03  9.25858731e-17
 5.27704641e+03  9.26818819e-17
 5.27828097e+03  9.27238360e-17
 5.27951545e+03  9.26965847e-17
 5.28074985e+03  9.25801587e-17
 5.28198417e+03  9.25326279e-17
 5.28321841e+03  9.25646029e-17
 5.28445257e+03  9.25400051e-17
 5.28568665e+03  9.24686429e-17
 5.28692064e+03  9.24893760e-17
 5.28815456e+03  9.24583922e-17
 5.28938839e+03  9.25306123e-17
 5.29062215e+03  9.24278062e-17
 5.29185582e+03  9.25455850e-17
 5.29308941e+03  9.24029880e-17
 5.29432291e+03  9.23870596e-17
 5.29555634e+03  9.24126305e-17
 5.29678968e+03  9.23588820e-17
 5.29802294e+03  9.23977729e-17
 5.29925611e+03  9.23124260e-17
 5.30048921e+03  9.23410253e-17
 5.30172222e+03  9.23462878e-17
 5.30295514e+03  9.22895396e-17
 5.30418799e+03  9.21825440e-17
 5.30542074e+03  9.23080226e-17
 5.30665342e+03  9.23179503e-17
 5.30788601e+03  9.22107948e-17
 5.30911852e+03  9.22248485e-17
 5.31035094e+03  9.22379695e-17
 5.31158328e+03  9.22122043e-17
 5.31281554e+03  9.21901558e-17
 5.31404771e+03  9.21908361e-17
 5.31527979e+03  9.21314111e-17
 5.31651179e+03  9.21655151e-17
 5.31774370e+03  9.21979945e-17
 5.31897553e+03  9.20984999e-17
 5.32020728e+03  9.21297264e-17
 5.32143893e+03  9.20609237e-17
 5.32267051e+03  9.20646558e-17
 5.32390199e+03  9.20281534e-17
 5.32513339e+03  9.19939938e-17
 5.32636470e+03  9.20003988e-17
 5.32759593e+03  9.19854393e-17
 5.32882707e+03  9.18926661e-17
 5.33005812e+03  9.19104844e-17
 5.33128909e+03  9.18676329e-17
 5.33251997e+03  9.19074049e-17
 5.33375076e+03  9.18779576e-17
 5.33498146e+03  9.19667152e-17
 5.33621208e+03  9.18464023e-17
 5.33744260e+03  9.18112095e-17
 5.33867304e+03  9.18249023e-17
 5.33990339e+03  9.18540495e-17
 5.34113366e+03  9.17719621e-17
 5.34236383e+03  9.17370842e-17
 5.34359392e+03  9.17748755e-17
 5.34482392e+03  9.17507715e-17
 5.34605382e+03  9.18556443e-17
 5.34728364e+03  9.17210128e-17
 5.34851337e+03  9.17179159e-17
 5.34974301e+03  9.17291913e-17
 5.35097256e+03  9.16330943e-17
 5.35220202e+03  9.16178911e-17
 5.35343139e+03  9.16594600e-17
 5.35466067e+03  9.16102204e-17
 5.35588987e+03  9.16390473e-17
 5.35711896e+03  9.15867441e-17
 5.35834797e+03  9.15591828e-17
 5.35957689e+03  9.16219760e-17
 5.36080572e+03  9.15721394e-17
 5.36203446e+03  9.15043345e-17
 5.36326310e+03  9.15952629e-17
 5.36449165e+03  9.15300250e-17
 5.36572012e+03  9.14955642e-17
 5.36694848e+03  9.14242995e-17
 5.36817676e+03  9.14159842e-17
 5.36940495e+03  9.14689271e-17
 5.37063304e+03  9.13870125e-17
 5.37186104e+03  9.13435248e-17
 5.37308895e+03  9.13875173e-17
 5.37431677e+03  9.13999969e-17
 5.37554449e+03  9.14193454e-17
 5.37677212e+03  9.14332551e-17
 5.37799966e+03  9.13401560e-17
 5.37922710e+03  9.13351665e-17
 5.38045445e+03  9.13295571e-17
 5.38168170e+03  9.12866917e-17
 5.38290887e+03  9.12513866e-17
 5.38413593e+03  9.13076508e-17
 5.38536291e+03  9.12888893e-17
 5.38658979e+03  9.12889890e-17
 5.38781657e+03  9.12258803e-17
 5.38904326e+03  9.11992832e-17
 5.39026986e+03  9.11934538e-17
 5.39149636e+03  9.11985656e-17
 5.39272276e+03  9.11301795e-17
 5.39394907e+03  9.11038929e-17
 5.39517528e+03  9.11151838e-17
 5.39640140e+03  9.10929338e-17
 5.39762742e+03  9.11182288e-17
 5.39885335e+03  9.10609882e-17
 5.40007918e+03  9.11296188e-17
 5.40130491e+03  9.10494201e-17
 5.40253055e+03  9.10395896e-17
 5.40375609e+03  9.10720881e-17
 5.40498153e+03  9.09901176e-17
 5.40620688e+03  9.10107692e-17
 5.40743213e+03  9.09910078e-17
 5.40865728e+03  9.10001937e-17
 5.40988233e+03  9.09906509e-17
 5.41110729e+03  9.09005700e-17
 5.41233215e+03  9.09160056e-17
 5.41355691e+03  9.09619721e-17
 5.41478157e+03  9.08490159e-17
 5.41600614e+03  9.09528536e-17
 5.41723060e+03  9.08765294e-17
 5.41845497e+03  9.09094109e-17
 5.41967924e+03  9.08911766e-17
 5.42090341e+03  9.08151152e-17
 5.42212748e+03  9.08421569e-17
 5.42335145e+03  9.07682333e-17
 5.42457532e+03  9.08174050e-17
 5.42579909e+03  9.07534870e-17
 5.42702277e+03  9.07947248e-17
 5.42824634e+03  9.07664478e-17
 5.42946981e+03  9.07200465e-17
 5.43069318e+03  9.07555275e-17
 5.43191645e+03  9.06285615e-17
 5.43313963e+03  9.06720723e-17
 5.43436270e+03  9.06754616e-17
 5.43558566e+03  9.06734134e-17
 5.43680853e+03  9.06685086e-17
 5.43803130e+03  9.06451104e-17
 5.43925396e+03  9.06397804e-17
 5.44047653e+03  9.06462576e-17
 5.44169899e+03  9.06144747e-17
 5.44292135e+03  9.06203544e-17
 5.44414361e+03  9.05887452e-17
 5.44536576e+03  9.05289532e-17
 5.44658782e+03  9.05088426e-17
 5.44780977e+03  9.04774828e-17
 5.44903162e+03  9.05199340e-17
 5.45025336e+03  9.05987713e-17
 5.45147500e+03  9.06117308e-17
 5.45269654e+03  9.07285418e-17
 5.45391798e+03  9.05217595e-17
 5.45513931e+03  9.04011869e-17
 5.45636054e+03  9.04969001e-17
 5.45758166e+03  9.04655461e-17
 5.45880268e+03  9.04723765e-17
 5.46002360e+03  9.04513557e-17
 5.46124441e+03  9.04865893e-17
 5.46246512e+03  9.04134294e-17
 5.46368572e+03  9.03786972e-17
 5.46490622e+03  9.03664498e-17
 5.46612661e+03  9.02867742e-17
 5.46734690e+03  9.03709558e-17
 5.46856708e+03  9.03381709e-17
 5.46978716e+03  9.03210357e-17
 5.47100713e+03  9.02363000e-17
 5.47222700e+03  9.02418260e-17
 5.47344675e+03  9.02922829e-17
 5.47466641e+03  9.02644157e-17
 5.47588595e+03  9.01935642e-17
 5.47710539e+03  9.02079986e-17
 5.47832473e+03  9.01618207e-17
 5.47954396e+03  9.01474326e-17
 5.48076308e+03  9.01932546e-17
 5.48198209e+03  9.01378131e-17
 5.48320099e+03  9.00601598e-17
 5.48441979e+03  9.01499208e-17
 5.48563848e+03  9.01654358e-17
 5.48685706e+03  9.00818094e-17
 5.48807554e+03  9.00784940e-17
 5.48929391e+03  9.00357810e-17
 5.49051216e+03  9.01192278e-17
 5.49173031e+03  9.00612638e-17
 5.49294836e+03  9.00709600e-17
 5.49416629e+03  8.99712636e-17
 5.49538411e+03  8.99719753e-17
 5.49660183e+03  9.00356440e-17
 5.49781943e+03  8.99737022e-17
 5.49903693e+03  8.99648529e-17
 5.50025431e+03  8.99508189e-17
 5.50147159e+03  9.00030700e-17
 5.50268876e+03  8.99622988e-17
 5.50390581e+03  8.99174862e-17
 5.50512276e+03  8.99171690e-17
 5.50633959e+03  8.98803362e-17
 5.50755632e+03  8.99280366e-17
 5.50877293e+03  8.98227703e-17
 5.50998944e+03  8.98355749e-17
 5.51120583e+03  8.98799612e-17
 5.51242211e+03  8.97840161e-17
 5.51363828e+03  8.98314082e-17
 5.51485434e+03  8.98086131e-17
 5.51607029e+03  8.98510387e-17
 5.51728612e+03  8.98076277e-17
 5.51850185e+03  8.97957046e-17
 5.51971746e+03  8.97418757e-17
 5.52093296e+03  8.97889649e-17
 5.52214834e+03  8.97149187e-17
 5.52336361e+03  8.97099501e-17
 5.52457877e+03  8.97050840e-17
 5.52579382e+03  8.96996925e-17
 5.52700876e+03  8.97118980e-17
 5.52822358e+03  8.96387078e-17
 5.52943828e+03  8.96162660e-17
 5.53065288e+03  8.96340107e-17
 5.53186736e+03  8.96120287e-17
 5.53308172e+03  8.96515961e-17
 5.53429598e+03  8.95841095e-17
 5.53551011e+03  8.95455522e-17
 5.53672414e+03  8.95789778e-17
 5.53793804e+03  8.95923462e-17
 5.53915184e+03  8.95544402e-17
 5.54036552e+03  8.94876810e-17
 5.54157908e+03  8.95677214e-17
 5.54279253e+03  8.95349831e-17
 5.54400586e+03  8.95358194e-17
 5.54521908e+03  8.94940217e-17
 5.54643218e+03  8.94813650e-17
 5.54764516e+03  8.94688126e-17
 5.54885803e+03  8.94035396e-17
 5.55007079e+03  8.94230184e-17
 5.55128342e+03  8.94055209e-17
 5.55249594e+03  8.94323768e-17
 5.55370834e+03  8.93754751e-17
 5.55492063e+03  8.93721486e-17
 5.55613280e+03  8.93349991e-17
 5.55734485e+03  8.93391821e-17
 5.55855679e+03  8.93183927e-17
 5.55976860e+03  8.92798981e-17
 5.56098030e+03  8.92642029e-17
 5.56219188e+03  8.93463644e-17
 5.56340335e+03  8.92995938e-17
 5.56461469e+03  8.93409077e-17
 5.56582592e+03  8.93115683e-17
 5.56703703e+03  8.92607035e-17
 5.56824802e+03  8.92387099e-17
 5.56945889e+03  8.92453269e-17
 5.57066964e+03  8.92556269e-17
 5.57188027e+03  8.92231125e-17
 5.57309078e+03  8.92474870e-17
 5.57430118e+03  8.93562630e-17
 5.57551145e+03  9.24816197e-17
 5.57672160e+03  9.49219726e-17
 5.57793164e+03  9.50645307e-17
 5.57914155e+03  9.30919610e-17
 5.58035134e+03  8.96020055e-17
 5.58156101e+03  8.92121577e-17
 5.58277057e+03  8.90951066e-17
 5.58398000e+03  8.91148032e-17
 5.58518931e+03  8.90273274e-17
 5.58639850e+03  8.90409470e-17
 5.58760756e+03  8.90587828e-17
 5.58881651e+03  8.90344552e-17
 5.59002533e+03  8.90029560e-17
 5.59123404e+03  8.89592974e-17
 5.59244262e+03  8.89324651e-17
 5.59365108e+03  8.89130990e-17
 5.59485941e+03  8.88797873e-17
 5.59606763e+03  8.88692793e-17
 5.59727572e+03  8.89052988e-17
 5.59848368e+03  8.88624533e-17
 5.59969153e+03  8.88408686e-17
 5.60089925e+03  8.87893511e-17
 5.60210685e+03  8.87663612e-17
 5.60331433e+03  8.88125134e-17
 5.60452168e+03  8.87882743e-17
 5.60572891e+03  8.87307114e-17
 5.60693601e+03  8.87563513e-17
 5.60814299e+03  8.86918250e-17
