3.199397949218751819e+03 1.025905536144401660e-17
3.201494713544847400e+03 1.373277594239997824e-17
3.203591477870942981e+03 1.442101131801677213e-17
3.205688242197038562e+03 1.440527299528020900e-17
3.207785006523134143e+03 1.431027175750230714e-17
3.209881770849229724e+03 1.439012045114934336e-17
3.211978535175325305e+03 1.458871257599526746e-17
3.214075299501420886e+03 1.471027623479604560e-17
3.216172063827516467e+03 1.485627169717512778e-17
3.218268828153612048e+03 1.517671100098794306e-17
3.220365592479707630e+03 1.553568024628447640e-17
3.222462356805803211e+03 1.575515252857501337e-17
3.224559121131898792e+03 1.559298477978862142e-17
3.226655885457994373e+03 1.527652497634556094e-17
3.228752649784089954e+03 1.521055380089380544e-17
3.230849414110185535e+03 1.532055945716192129e-17
3.232946178436281116e+03 1.526872796286206301e-17
3.235042942762376697e+03 1.515007083195481724e-17
3.237139707088472278e+03 1.516276985090744281e-17
3.239236471414567859e+03 1.519042972647399015e-17
3.241333235740663440e+03 1.507733134762297264e-17
3.243430000066759021e+03 1.486151684175125454e-17
3.245526764392854602e+03 1.482628424325724821e-17
3.247623528718950183e+03 1.494317340678449668e-17
3.249720293045045764e+03 1.497782683210476877e-17
3.251817057371141345e+03 1.499119985013301336e-17
3.253913821697236926e+03 1.492550631385517651e-17
3.256010586023332507e+03 1.465460406574940883e-17
3.258107350349428089e+03 1.443207205538665469e-17
3.260204114675523670e+03 1.439571151713505818e-17
3.262300879001619251e+03 1.446964571879906210e-17
3.264397643327714832e+03 1.462962781502270548e-17
3.266494407653810413e+03 1.485464573351292255e-17
3.268591171979905994e+03 1.498361793225600414e-17
3.270687936306001575e+03 1.500687629567166399e-17
3.272784700632097156e+03 1.505099915134897971e-17
3.274881464958192737e+03 1.513404662620640434e-17
3.276978229284288318e+03 1.520580125073243518e-17
3.279074993610383899e+03 1.513820799401273141e-17
3.281171757936479480e+03 1.490579022225525988e-17
3.283268522262575061e+03 1.468196990804733315e-17
3.285365286588670642e+03 1.459396058900115427e-17
3.287462050914766223e+03 1.459241544914747497e-17
3.289558815240861804e+03 1.451343995303213446e-17
3.291655579566957385e+03 1.440490915500016055e-17
3.293752343893052966e+03 1.448036102877078429e-17
3.295849108219148548e+03 1.473429162035791709e-17
3.297945872545244129e+03 1.510260896766401708e-17
3.300042636871339710e+03 1.545614884189560499e-17
3.302139401197435291e+03 1.566201345656205285e-17
3.304236165523530872e+03 1.574447271770329373e-17
3.306332929849626453e+03 1.574109054932892011e-17
3.308429694175722034e+03 1.569466874903317354e-17
3.310526458501817615e+03 1.545678830617260724e-17
3.312623222827913196e+03 1.512723944557384442e-17
3.314719987154008777e+03 1.498449438407994322e-17
3.316816751480104358e+03 1.509121706915175461e-17
3.318913515806199939e+03 1.516971854471557709e-17
3.321010280132295520e+03 1.503566550451005486e-17
3.323107044458391101e+03 1.502688711589092690e-17
3.325203808784486682e+03 1.522582904589293303e-17
3.327300573110582263e+03 1.525619961244764156e-17
3.329397337436677844e+03 1.525123315696193023e-17
3.331494101762773425e+03 1.543813450214219842e-17
3.333590866088869006e+03 1.539004194992315602e-17
3.335687630414964588e+03 1.500022640351923124e-17
3.337784394741060169e+03 1.461909275423878649e-17
3.339881159067155750e+03 1.438851806675922515e-17
3.341977923393251331e+03 1.434149535486884214e-17
3.344074687719346912e+03 1.438003488775104238e-17
3.346171452045442493e+03 1.437818507950158295e-17
3.348268216371538074e+03 1.436185158930926845e-17
3.350364980697633655e+03 1.441930332125685064e-17
3.352461745023729236e+03 1.441640960057944550e-17
3.354558509349824817e+03 1.436994874168674629e-17
3.356655273675920398e+03 1.427587550528218650e-17
3.358752038002015979e+03 1.411990149744521533e-17
3.360848802328111560e+03 1.413617239143205561e-17
3.362945566654207141e+03 1.432005340691051987e-17
3.365042330980302722e+03 1.436941361797557388e-17
3.367139095306398303e+03 1.422334990379404064e-17
3.369235859632493884e+03 1.417613896804144267e-17
3.371332623958589465e+03 1.445463671503958931e-17
3.373429388284685047e+03 1.499800325174449983e-17
3.375526152610780628e+03 1.555274966314614668e-17
3.377622916936876209e+03 1.594345513625803090e-17
3.379719681262971790e+03 1.614495184764981434e-17
3.381816445589067371e+03 1.618927377988358791e-17
3.383913209915162952e+03 1.605230305178042823e-17
3.386009974241258533e+03 1.574425851571833059e-17
3.388106738567354114e+03 1.531559657806887508e-17
3.390203502893449695e+03 1.495643175359478937e-17
3.392300267219545276e+03 1.479202981558057245e-17
3.394397031545640857e+03 1.471601879102810469e-17
3.396493795871736438e+03 1.476291921955632047e-17
3.398590560197832019e+03 1.486463157305163470e-17
3.400687324523927600e+03 1.469756174095447643e-17
3.402784088850023181e+03 1.426217813439807472e-17
3.404880853176118762e+03 1.388329653914195317e-17
3.406977617502214343e+03 1.374683418035342641e-17
3.409074381828309924e+03 1.385901819587436350e-17
3.411171146154405506e+03 1.394534330583166151e-17
3.413267910480501087e+03 1.387092753321391639e-17
3.415364674806596668e+03 1.392620329211885630e-17
3.417461439132692249e+03 1.414604081936630491e-17
3.419558203458787830e+03 1.426017623123361406e-17
3.421654967784883411e+03 1.430288401433912130e-17
3.423751732110978992e+03 1.447380695919384510e-17
3.425848496437074573e+03 1.466423354428819577e-17
3.427945260763170154e+03 1.468404744001995075e-17
3.430042025089265735e+03 1.459134960985616572e-17
3.432138789415361316e+03 1.453254902239492087e-17
3.434235553741456897e+03 1.464733131029188211e-17
3.436332318067552478e+03 1.481437238443481005e-17
3.438429082393648059e+03 1.484802048406392492e-17
3.440525846719743640e+03 1.475250764547184357e-17
3.442622611045839221e+03 1.463119625004699606e-17
3.444719375371934802e+03 1.451117379084484066e-17
3.446816139698030383e+03 1.440959383756989788e-17
3.448912904024125964e+03 1.443518165031638914e-17
3.451009668350221546e+03 1.464147164926009561e-17
3.453106432676317127e+03 1.494008371745140433e-17
3.455203197002412708e+03 1.516912610623207712e-17
3.457299961328508289e+03 1.522391917128579620e-17
3.459396725654603870e+03 1.516056108858739853e-17
3.461493489980699451e+03 1.501300445095094646e-17
3.463590254306795032e+03 1.478025111072241420e-17
3.465687018632890613e+03 1.471191531409119390e-17
3.467783782958986194e+03 1.478492123892830467e-17
3.469880547285081775e+03 1.475093141928748680e-17
3.471977311611177356e+03 1.451029766908633172e-17
3.474074075937272937e+03 1.415054611993634224e-17
3.476170840263368518e+03 1.399003588864003243e-17
3.478267604589464099e+03 1.413457421231812459e-17
3.480364368915559680e+03 1.441494048905341605e-17
3.482461133241655261e+03 1.468803858448290268e-17
3.484557897567750842e+03 1.496476951166603345e-17
3.486654661893846423e+03 1.514212033835235999e-17
3.488751426219942005e+03 1.505276255449456790e-17
3.490848190546037586e+03 1.483822306962579533e-17
3.492944954872133167e+03 1.463775131140838754e-17
3.495041719198228748e+03 1.442652327625455208e-17
3.497138483524324329e+03 1.424203449926670862e-17
3.499235247850419910e+03 1.406383656137103855e-17
3.501332012176515491e+03 1.379352263161271258e-17
3.503428776502611072e+03 1.355247950662462826e-17
3.505525540828706653e+03 1.354897255502366100e-17
3.507622305154802234e+03 1.362720650057309059e-17
3.509719069480897815e+03 1.362845655362521433e-17
3.511815833806993396e+03 1.358059731539337217e-17
3.513912598133088977e+03 1.359295289607136889e-17
3.516009362459184558e+03 1.372791369290590828e-17
3.518106126785280139e+03 1.384083508518748621e-17
3.520202891111375720e+03 1.385256477802394280e-17
3.522299655437471301e+03 1.380356666069396127e-17
3.524396419763566882e+03 1.382548408822038833e-17
3.526493184089662464e+03 1.389729923657654098e-17
3.528589948415758045e+03 1.381575284080492643e-17
3.530686712741853626e+03 1.371110945537462871e-17
3.532783477067949207e+03 1.369605405540967471e-17
3.534880241394044788e+03 1.370883211361130728e-17
3.536977005720140369e+03 1.383515914534147744e-17
3.539073770046235950e+03 1.399757633970994758e-17
3.541170534372331531e+03 1.418656446479456537e-17
3.543267298698427112e+03 1.470952650664557724e-17
3.545364063024522693e+03 1.545585498034088361e-17
3.547460827350618274e+03 1.601599337577219169e-17
3.549557591676713855e+03 1.603474620680661219e-17
3.551654356002809436e+03 1.577194147870649848e-17
3.553751120328905017e+03 1.560809689306512423e-17
3.555847884655000598e+03 1.548982185873200690e-17
3.557944648981096179e+03 1.538666089464348817e-17
3.560041413307191760e+03 1.535330126112214640e-17
3.562138177633287341e+03 1.528509782767025979e-17
3.564234941959382923e+03 1.507251370724258140e-17
3.566331706285478504e+03 1.469036327299719346e-17
3.568428470611574085e+03 1.433600599901038168e-17
3.570525234937669666e+03 1.416732874507537357e-17
3.572621999263765247e+03 1.404886316171323497e-17
3.574718763589860828e+03 1.386411572725052075e-17
3.576815527915956409e+03 1.362640487505453607e-17
3.578912292242051990e+03 1.335684617024853428e-17
3.581009056568147571e+03 1.308787439093268176e-17
3.583105820894243152e+03 1.301025085533511273e-17
3.585202585220338733e+03 1.307622227878334052e-17
3.587299349546434314e+03 1.300973079689683577e-17
3.589396113872529895e+03 1.275389215332576697e-17
3.591492878198625476e+03 1.255405550954333518e-17
3.593589642524721057e+03 1.246056192788144225e-17
3.595686406850816638e+03 1.246148628799977230e-17
3.597783171176912219e+03 1.261961679408265764e-17
3.599879935503007800e+03 1.283858115835585687e-17
3.601976699829103381e+03 1.297318583175107778e-17
3.604073464155198963e+03 1.289389604127623093e-17
3.606170228481294544e+03 1.270116570828131831e-17
3.608266992807390125e+03 1.261403425910709090e-17
3.610363757133485706e+03 1.268319905558842813e-17
3.612460521459581287e+03 1.286416217514624905e-17
3.614557285785676868e+03 1.305477135471150744e-17
3.616654050111772449e+03 1.321617742580497256e-17
3.618750814437868030e+03 1.334989711214715339e-17
3.620847578763963611e+03 1.345714105774340477e-17
3.622944343090059192e+03 1.358771045861449184e-17
3.625041107416154773e+03 1.380661405789296213e-17
3.627137871742250354e+03 1.404129959610315120e-17
3.629234636068345935e+03 1.408400600857306924e-17
3.631331400394441516e+03 1.398885358485133182e-17
3.633428164720537097e+03 1.401956249800607041e-17
3.635524929046632678e+03 1.412764050268127168e-17
3.637621693372728259e+03 1.418733652709388991e-17
3.639718457698823840e+03 1.421758693988230549e-17
3.641815222024919422e+03 1.421698050689361683e-17
3.643911986351015003e+03 1.432343134772812198e-17
3.646008750677110584e+03 1.471971939813646752e-17
3.648105515003206165e+03 1.567759912578870560e-17
3.650202279329301746e+03 1.687870127028957870e-17
3.652299043655397327e+03 1.772371767155316259e-17
3.654395807981492908e+03 1.815042324306555821e-17
3.656492572307588489e+03 1.824523841527651083e-17
3.658589336633684070e+03 1.794825815249987921e-17
3.660686100959779651e+03 1.731895931523429203e-17
3.662782865285875232e+03 1.675998862723609688e-17
3.664879629611970813e+03 1.675485096611662545e-17
3.666976393938066394e+03 1.676912027500333710e-17
3.669073158264161975e+03 1.614734658629084434e-17
3.671169922590257556e+03 1.550460626495583705e-17
3.673266686916353137e+03 1.535656393841191838e-17
3.675363451242448718e+03 1.533885278816390312e-17
3.677460215568544299e+03 1.518000243845891819e-17
3.679556979894639881e+03 1.502894358232902287e-17
3.681653744220735462e+03 1.496609853864114119e-17
3.683750508546831043e+03 1.495342863258997685e-17
3.685847272872926624e+03 1.482956182573490690e-17
3.687944037199022205e+03 1.455434649889356950e-17
3.690040801525117786e+03 1.453518612874780683e-17
3.692137565851213367e+03 1.483521820630064203e-17
3.694234330177308948e+03 1.514242774240465649e-17
3.696331094503404529e+03 1.537342395303418842e-17
3.698427858829500110e+03 1.548550757994054020e-17
3.700524623155595691e+03 1.558453600738795655e-17
3.702621387481691272e+03 1.575180419754521129e-17
3.704718151807786853e+03 1.593916930736632468e-17
3.706814916133882434e+03 1.610885827005941992e-17
3.708911680459978015e+03 1.605919028632150626e-17
3.711008444786073596e+03 1.566090560468278122e-17
3.713105209112169177e+03 1.520655384891437786e-17
3.715201973438264758e+03 1.501115205036055763e-17
3.717298737764360339e+03 1.489057272602688432e-17
3.719395502090455921e+03 1.459988301313298354e-17
3.721492266416551502e+03 1.426375292314380205e-17
3.723589030742647083e+03 1.413118473326642527e-17
3.725685795068742664e+03 1.419444458515714297e-17
3.727782559394838245e+03 1.425976899511659346e-17
3.729879323720933826e+03 1.430364392070705909e-17
3.731976088047029407e+03 1.447227734113374652e-17
3.734072852373124988e+03 1.465573094848941670e-17
3.736169616699220569e+03 1.472596516946916731e-17
3.738266381025316150e+03 1.475888819690181336e-17
3.740363145351411731e+03 1.477905932853824028e-17
3.742459909677507312e+03 1.476412267471550088e-17
3.744556674003602893e+03 1.473095231660952304e-17
3.746653438329698474e+03 1.462117313912751801e-17
3.748750202655794055e+03 1.453469002047379900e-17
3.750846966981889636e+03 1.450390846526219727e-17
3.752943731307985217e+03 1.437767549702467761e-17
3.755040495634080798e+03 1.428190125610422497e-17
3.757137259960176380e+03 1.420898726167316550e-17
3.759234024286271961e+03 1.400288975066120838e-17
3.761330788612367542e+03 1.373573548272413148e-17
3.763427552938463123e+03 1.356887233842621103e-17
3.765524317264558704e+03 1.359450767157546709e-17
3.767621081590654285e+03 1.378292243412750425e-17
3.769717845916749866e+03 1.415597789913809892e-17
3.771814610242845447e+03 1.457535271200135119e-17
3.773911374568941028e+03 1.464611723320788371e-17
3.776008138895036609e+03 1.436265558008356366e-17
3.778104903221132190e+03 1.414795217924310835e-17
3.780201667547227771e+03 1.412672678535172848e-17
3.782298431873323352e+03 1.425516097401710965e-17
3.784395196199418933e+03 1.442222337876605369e-17
3.786491960525514514e+03 1.439588290156240448e-17
3.788588724851610095e+03 1.426303535403110625e-17
3.790685489177705676e+03 1.423764055728861804e-17
3.792782253503801257e+03 1.407377361286346333e-17
3.794879017829896839e+03 1.362997606080170084e-17
3.796975782155992420e+03 1.332272399695614459e-17
3.799072546482088001e+03 1.333436857204324262e-17
3.801169310808183582e+03 1.344533490743257180e-17
3.803266075134279163e+03 1.348294163010270286e-17
3.805362839460374744e+03 1.342223376247068856e-17
3.807459603786470325e+03 1.341509097924425158e-17
3.809556368112565906e+03 1.359677380762607501e-17
3.811653132438661487e+03 1.370769316362676638e-17
3.813749896764757068e+03 1.358175057333080099e-17
3.815846661090852649e+03 1.342040529306983712e-17
3.817943425416948230e+03 1.330145100266329505e-17
3.820040189743043811e+03 1.326123312379198758e-17
3.822136954069139392e+03 1.338179673422572508e-17
3.824233718395234973e+03 1.358747143321172660e-17
3.826330482721330554e+03 1.388258581260803435e-17
3.828427247047426135e+03 1.424822549923727634e-17
3.830524011373521716e+03 1.444035871415922676e-17
3.832620775699617298e+03 1.448610587046298006e-17
3.834717540025712879e+03 1.443461835079784017e-17
3.836814304351808460e+03 1.431735253577701745e-17
3.838911068677904041e+03 1.430053264432168875e-17
3.841007833003999622e+03 1.427547500339311793e-17
3.843104597330095203e+03 1.416269931894074249e-17
3.845201361656190784e+03 1.412085524967757544e-17
3.847298125982286365e+03 1.417085242565092425e-17
3.849394890308381946e+03 1.411283320254515134e-17
3.851491654634477527e+03 1.391836368744487886e-17
3.853588418960573108e+03 1.373807230148421290e-17
3.855685183286668689e+03 1.355718170375052093e-17
3.857781947612764270e+03 1.339665913004455582e-17
3.859878711938859851e+03 1.325439076295510406e-17
3.861975476264955432e+03 1.306856513403564152e-17
3.864072240591051013e+03 1.290767477008095266e-17
3.866169004917146594e+03 1.288428513268641936e-17
3.868265769243242175e+03 1.286538204616822666e-17
3.870362533569337756e+03 1.269917776533007021e-17
3.872459297895433338e+03 1.256600828926944215e-17
3.874556062221528919e+03 1.259055687741869984e-17
3.876652826547624500e+03 1.265756234403455403e-17
3.878749590873720081e+03 1.272301216491929429e-17
3.880846355199815662e+03 1.280931756348454279e-17
3.882943119525911243e+03 1.285611090058784091e-17
3.885039883852006824e+03 1.283043181247377797e-17
3.887136648178102405e+03 1.282828278372714874e-17
3.889233412504197986e+03 1.291407457233900014e-17
3.891330176830293567e+03 1.298930025301797322e-17
3.893426941156389148e+03 1.310485278671309333e-17
3.895523705482484729e+03 1.331888417798635133e-17
3.897620469808580310e+03 1.360747427649209243e-17
3.899717234134675891e+03 1.385249112662953082e-17
3.901813998460771472e+03 1.409109849657761521e-17
3.903910762786867053e+03 1.453689706362336531e-17
3.906007527112962634e+03 1.504877252428199372e-17
3.908104291439058215e+03 1.542390027677610108e-17
3.910201055765153797e+03 1.568527184604623145e-17
3.912297820091249378e+03 1.581484619207127608e-17
3.914394584417344959e+03 1.571914003398433765e-17
3.916491348743440540e+03 1.537341192639019842e-17
3.918588113069536121e+03 1.481597429953060816e-17
3.920684877395631702e+03 1.421474096664608151e-17
3.922781641721727283e+03 1.380506319220061181e-17
3.924878406047822864e+03 1.359893079087654970e-17
3.926975170373918445e+03 1.346042603118978454e-17
3.929071934700014026e+03 1.331479473441626860e-17
3.931168699026109607e+03 1.314352651287213264e-17
3.933265463352205188e+03 1.303951696438276528e-17
3.935362227678300769e+03 1.308258442778133476e-17
3.937458992004396350e+03 1.326680540480482865e-17
3.939555756330491931e+03 1.350963791227089358e-17
3.941652520656587512e+03 1.375367915051001123e-17
3.943749284982683093e+03 1.399097708877873849e-17
3.945846049308778674e+03 1.414275702590291897e-17
3.947942813634874256e+03 1.413240359950704500e-17
3.950039577960969837e+03 1.407714340452858652e-17
3.952136342287065418e+03 1.421070726466890024e-17
3.954233106613160999e+03 1.450086230376566081e-17
3.956329870939256580e+03 1.473520295051775531e-17
3.958426635265352161e+03 1.484044630833072127e-17
3.960523399591447742e+03 1.478773247599088028e-17
3.962620163917543323e+03 1.461675059937440848e-17
3.964716928243638904e+03 1.438794479826443267e-17
3.966813692569734485e+03 1.419966240365304095e-17
3.968910456895829611e+03 1.417851187613327561e-17
3.971007221221925192e+03 1.436160181617100186e-17
3.973103985548020773e+03 1.471178099864492861e-17
3.975200749874116354e+03 1.518686097327829463e-17
3.977297514200211936e+03 1.564439084745904787e-17
3.979394278526307517e+03 1.607743844620102762e-17
3.981491042852403098e+03 1.640402005439984126e-17
3.983587807178498679e+03 1.653158154296511632e-17
3.985684571504594260e+03 1.657159483666963428e-17
3.987781335830689841e+03 1.656386984000547235e-17
3.989878100156785422e+03 1.655036113094847891e-17
3.991974864482881003e+03 1.676661831379164440e-17
3.994071628808976584e+03 1.708611055339805227e-17
3.996168393135072165e+03 1.721177228679371102e-17
3.998265157461167746e+03 1.709885247972212402e-17
4.000361921787263327e+03 1.688568828352209044e-17
4.002458686113358908e+03 1.696406475268272681e-17
4.004555450439454489e+03 1.738293324222945479e-17
4.006652214765550070e+03 1.783076537734797097e-17
4.008748979091645651e+03 1.813842073080341884e-17
4.010845743417741232e+03 1.835075983636750120e-17
4.012942507743836813e+03 1.848879425007834211e-17
4.015039272069932395e+03 1.876270179085388278e-17
4.017136036396027976e+03 1.928557417412265955e-17
4.019232800722123557e+03 1.982158032640536810e-17
4.021329565048219138e+03 2.033949209283759131e-17
4.023426329374314719e+03 2.069982095610027154e-17
4.025523093700410300e+03 2.049926366244584458e-17
4.027619858026505881e+03 1.988556391971899135e-17
4.029716622352601462e+03 1.925349390229232913e-17
4.031813386678697043e+03 1.883864402507176000e-17
4.033910151004792624e+03 1.874296634317952546e-17
4.036006915330888205e+03 1.894814694221678793e-17
4.038103679656983786e+03 1.993885895729479714e-17
4.040200443983079367e+03 2.301455274602253131e-17
4.042297208309174948e+03 2.846860848980132515e-17
4.044393972635270529e+03 3.408824147576370693e-17
4.046490736961366110e+03 3.712156160580626556e-17
4.048587501287461691e+03 3.600747392694779088e-17
4.050684265613557272e+03 3.136312204759198531e-17
4.052781029939652853e+03 2.580546177232865411e-17
4.054877794265748435e+03 2.182706065087025672e-17
4.056974558591844016e+03 2.003915878233302204e-17
4.059071322917939597e+03 1.963427761344709576e-17
4.061168087244035178e+03 1.956469111172799563e-17
4.063264851570130759e+03 1.950459324409864946e-17
4.065361615896226340e+03 1.935337134957265772e-17
4.067458380222321921e+03 1.913443868063850627e-17
4.069555144548417502e+03 1.908187518986759249e-17
4.071651908874513083e+03 1.933251692356598534e-17
4.073748673200608664e+03 1.975747723240446267e-17
4.075845437526704245e+03 2.023876880177447575e-17
4.077942201852799826e+03 2.070895053296998550e-17
4.080038966178895407e+03 2.073253287942115050e-17
4.082135730504990988e+03 2.030750046314925465e-17
4.084232494831086569e+03 1.984907553069503909e-17
4.086329259157182150e+03 1.945614646362092329e-17
4.088426023483277731e+03 1.896076040229597163e-17
4.090522787809373312e+03 1.830524947286929542e-17
4.092619552135468894e+03 1.777180829664802996e-17
4.094716316461564475e+03 1.745509162353690501e-17
4.096813080787660510e+03 1.712645275461386262e-17
4.098909845113756091e+03 1.673167694103369713e-17
4.101006609439851673e+03 1.653159338357701872e-17
4.103103373765947254e+03 1.653087187900982394e-17
4.105200138092042835e+03 1.670570102069947895e-17
4.107296902418138416e+03 1.701217948128069691e-17
4.109393666744233997e+03 1.716160402264493407e-17
4.111490431070329578e+03 1.718458552449418077e-17
4.113587195396425159e+03 1.718774919719982714e-17
4.115683959722520740e+03 1.710996835343273129e-17
4.117780724048616321e+03 1.711281222744700535e-17
4.119877488374711902e+03 1.733780315386406897e-17
4.121974252700807483e+03 1.758759729624344430e-17
4.124071017026903064e+03 1.769226970219345755e-17
4.126167781352998645e+03 1.796903567052428174e-17
4.128264545679094226e+03 1.839751917701982872e-17
4.130361310005189807e+03 1.861486648573904923e-17
4.132458074331285388e+03 1.865722054710035745e-17
4.134554838657380969e+03 1.867329139750264715e-17
4.136651602983476550e+03 1.875078975394347293e-17
4.138748367309572131e+03 1.878959312181959810e-17
4.140845131635667713e+03 1.864086336236692252e-17
4.142941895961763294e+03 1.845163561217405946e-17
4.145038660287858875e+03 1.829819206787374431e-17
4.147135424613954456e+03 1.809848807337508601e-17
4.149232188940050037e+03 1.808903441358221291e-17
4.151328953266145618e+03 1.841104206956896493e-17
4.153425717592241199e+03 1.877273824627783116e-17
4.155522481918336780e+03 1.896778113533808328e-17
4.157619246244432361e+03 1.921140097938994612e-17
4.159716010570527942e+03 1.971070455400827058e-17
4.161812774896623523e+03 2.021066992015706035e-17
4.163909539222719104e+03 2.058136025991378167e-17
4.166006303548814685e+03 2.061205717283510032e-17
4.168103067874910266e+03 2.023738895432719445e-17
4.170199832201005847e+03 1.990867157058754216e-17
4.172296596527101428e+03 1.972478655174510270e-17
4.174393360853197009e+03 1.959283261012027055e-17
4.176490125179292590e+03 1.933293773502446280e-17
4.178586889505388172e+03 1.893736558779013896e-17
4.180683653831483753e+03 1.840379239134638387e-17
4.182780418157579334e+03 1.791532462474096650e-17
4.184877182483674915e+03 1.784326099026121034e-17
4.186973946809770496e+03 1.801972189763732397e-17
4.189070711135866077e+03 1.799026983536991341e-17
4.191167475461961658e+03 1.783459364600417124e-17
4.193264239788057239e+03 1.769531884282882013e-17
4.195361004114152820e+03 1.751219415687070539e-17
4.197457768440248401e+03 1.727340828201141500e-17
4.199554532766343982e+03 1.721146346417752099e-17
4.201651297092439563e+03 1.736449180381878043e-17
4.203748061418535144e+03 1.752724291323310510e-17
4.205844825744630725e+03 1.773575843253888362e-17
4.207941590070726306e+03 1.820316502856288353e-17
4.210038354396821887e+03 1.875167423229348158e-17
4.212135118722917468e+03 1.884491558565766782e-17
4.214231883049013049e+03 1.834809548549073109e-17
4.216328647375108631e+03 1.779781115590835713e-17
4.218425411701204212e+03 1.759515982021560879e-17
4.220522176027299793e+03 1.766305513980576149e-17
4.222618940353395374e+03 1.777281276783903651e-17
4.224715704679490955e+03 1.782807409050745870e-17
4.226812469005586536e+03 1.787857261501618046e-17
4.228909233331682117e+03 1.801886535442297952e-17
4.231005997657777698e+03 1.822161642715126287e-17
4.233102761983873279e+03 1.833992200808098076e-17
4.235199526309968860e+03 1.839687103329515161e-17
4.237296290636064441e+03 1.852419837413266075e-17
4.239393054962160022e+03 1.867796918672718809e-17
4.241489819288255603e+03 1.888993206054031328e-17
4.243586583614351184e+03 1.932789224795648331e-17
4.245683347940446765e+03 1.983028317265542768e-17
4.247780112266542346e+03 1.977771741636156395e-17
4.249876876592637927e+03 1.924636087094873312e-17
4.251973640918733508e+03 1.883947880264936235e-17
4.254070405244829089e+03 1.870675898269772241e-17
4.256167169570924671e+03 1.867004337331035570e-17
4.258263933897020252e+03 1.860404835029046657e-17
4.260360698223115833e+03 1.833077195927547421e-17
4.262457462549211414e+03 1.814249034775311741e-17
4.264554226875306995e+03 1.835112402240136784e-17
4.266650991201402576e+03 1.851827944394356362e-17
4.268747755527498157e+03 1.838207537891725801e-17
4.270844519853593738e+03 1.827999811161496729e-17
4.272941284179689319e+03 1.822458904108840425e-17
4.275038048505784900e+03 1.822541856207950401e-17
4.277134812831880481e+03 1.841203447219284381e-17
4.279231577157976062e+03 1.854193946556483163e-17
4.281328341484071643e+03 1.854443427407507527e-17
4.283425105810167224e+03 1.853197503506769099e-17
4.285521870136262805e+03 1.837539063628861518e-17
4.287618634462358386e+03 1.807023940037243239e-17
4.289715398788453967e+03 1.790968548236097740e-17
4.291812163114549548e+03 1.790627555713217911e-17
4.293908927440645130e+03 1.796503307352120505e-17
4.296005691766740711e+03 1.795065816580943494e-17
4.298102456092836292e+03 1.761747901434274840e-17
4.300199220418931873e+03 1.724346812327414059e-17
4.302295984745027454e+03 1.728554652388738520e-17
4.304392749071123035e+03 1.762591214495396619e-17
4.306489513397218616e+03 1.791201411761583374e-17
4.308586277723314197e+03 1.820557577602871085e-17
4.310683042049409778e+03 1.875862844278668306e-17
4.312779806375505359e+03 1.937136083173932830e-17
4.314876570701600940e+03 1.981127853618524461e-17
4.316973335027696521e+03 2.015321553860264889e-17
4.319070099353792102e+03 2.020011163751953071e-17
4.321166863679887683e+03 1.963612878125107380e-17
4.323263628005983264e+03 1.880724920723465220e-17
4.325360392332078845e+03 1.835185946888816012e-17
4.327457156658174426e+03 1.827334788136989618e-17
4.329553920984270007e+03 1.819148450178913932e-17
4.331650685310365589e+03 1.796744543332624719e-17
4.333747449636461170e+03 1.789437573690940794e-17
4.335844213962556751e+03 1.811534695102808006e-17
4.337940978288652332e+03 1.830072247577483252e-17
4.340037742614747913e+03 1.851053816139812798e-17
4.342134506940843494e+03 1.919673332451507237e-17
4.344231271266939075e+03 2.013644776532152111e-17
4.346328035593034656e+03 2.085831646174477108e-17
4.348424799919130237e+03 2.212617093176565069e-17
4.350521564245225818e+03 2.651507516777606810e-17
4.352618328571321399e+03 3.660234739029396022e-17
4.354715092897416980e+03 5.009893161187189333e-17
4.356811857223512561e+03 6.014777772317310804e-17
4.358908621549608142e+03 6.079277972984070661e-17
4.361005385875703723e+03 5.158108559312041136e-17
4.363102150201799304e+03 3.884079155743421779e-17
4.365198914527894885e+03 2.911596824073858216e-17
4.367295678853990466e+03 2.406082029471301399e-17
4.369392443180086048e+03 2.205351165906792239e-17
4.371489207506181629e+03 2.131982863222728599e-17
4.373585971832277210e+03 2.096978533553209477e-17
4.375682736158372791e+03 2.058195837738075491e-17
4.377779500484468372e+03 2.003525456560219198e-17
4.379876264810563953e+03 1.957822682990378733e-17
4.381973029136659534e+03 1.938272582932028011e-17
4.384069793462755115e+03 1.912429829955428425e-17
4.386166557788850696e+03 1.872871378796431797e-17
4.388263322114946277e+03 1.856848688694311711e-17
4.390360086441041858e+03 1.865025369647248336e-17
4.392456850767137439e+03 1.870043563540106866e-17
4.394553615093233020e+03 1.875835868440926794e-17
4.396650379419328601e+03 1.889117873404874026e-17
4.398747143745424182e+03 1.901766796409235848e-17
4.400843908071519763e+03 1.925848361297816360e-17
4.402940672397615344e+03 1.946341292841267456e-17
4.405037436723710925e+03 1.952773821571128553e-17
4.407134201049806506e+03 1.970611916812283906e-17
4.409230965375902088e+03 1.990497521429266117e-17
4.411327729701997669e+03 2.002691740822818942e-17
4.413424494028093250e+03 2.017258030422615923e-17
4.415521258354188831e+03 2.014743099278974339e-17
4.417618022680284412e+03 1.986677147798302824e-17
4.419714787006379993e+03 1.951610686241782496e-17
4.421811551332475574e+03 1.921403042220466156e-17
4.423908315658571155e+03 1.897905251879475000e-17
4.426005079984666736e+03 1.893409052900262300e-17
4.428101844310762317e+03 1.892204115402145091e-17
4.430198608636857898e+03 1.862211196008020465e-17
4.432295372962953479e+03 1.832310468282930856e-17
4.434392137289049060e+03 1.834998988987080569e-17
4.436488901615144641e+03 1.856709263760005108e-17
4.438585665941240222e+03 1.874274567192453036e-17
4.440682430267335803e+03 1.871091887618904467e-17
4.442779194593431384e+03 1.858641655803874974e-17
4.444875958919526965e+03 1.849522694940992868e-17
4.446972723245622547e+03 1.843334133576724164e-17
4.449069487571718128e+03 1.837010691887684040e-17
4.451166251897813709e+03 1.816155269576900371e-17
4.453263016223909290e+03 1.782951088812552269e-17
4.455359780550004871e+03 1.757035348068940659e-17
4.457456544876100452e+03 1.750983415673006902e-17
4.459553309202196033e+03 1.752364699508861815e-17
4.461650073528291614e+03 1.754528783190546447e-17
4.463746837854387195e+03 1.762872248321497649e-17
4.465843602180482776e+03 1.768423270417245927e-17
4.467940366506578357e+03 1.770588734721353990e-17
4.470037130832673938e+03 1.773099387579117777e-17
4.472133895158769519e+03 1.779080298761486781e-17
4.474230659484865100e+03 1.792710906976449896e-17
4.476327423810960681e+03 1.798392238071474407e-17
4.478424188137056262e+03 1.789182545085145851e-17
4.480520952463151843e+03 1.798979135682296279e-17
4.482617716789247424e+03 1.826455482106401465e-17
4.484714481115343006e+03 1.817420270059946374e-17
4.486811245441438587e+03 1.797576538250870864e-17
4.488908009767534168e+03 1.804411869194714729e-17
4.491004774093629749e+03 1.803667230208487308e-17
4.493101538419725330e+03 1.805374826346300029e-17
4.495198302745820911e+03 1.819246607094191657e-17
4.497295067071916492e+03 1.824720367250577939e-17
4.499391831398012073e+03 1.818193521288941502e-17
4.501488595724107654e+03 1.808611445242671183e-17
4.503585360050203235e+03 1.813992055613089857e-17
4.505682124376298816e+03 1.822143711299352677e-17
4.507778888702394397e+03 1.806912484507505576e-17
4.509875653028489978e+03 1.779337736952494910e-17
4.511972417354585559e+03 1.768716131868709604e-17
4.514069181680681140e+03 1.781541399322424342e-17
4.516165946006776721e+03 1.785612265007099798e-17
4.518262710332872302e+03 1.776572962280625230e-17
4.520359474658967883e+03 1.779490684068068594e-17
4.522456238985063464e+03 1.782106417792916772e-17
4.524553003311159046e+03 1.777800523888049692e-17
4.526649767637254627e+03 1.772628870448642346e-17
4.528746531963350208e+03 1.753435118476495100e-17
4.530843296289445789e+03 1.733406402354878294e-17
4.532940060615541370e+03 1.725837854313789667e-17
4.535036824941636951e+03 1.717127264583822472e-17
4.537133589267732532e+03 1.704442816856348411e-17
4.539230353593828113e+03 1.695393817208062364e-17
4.541327117919923694e+03 1.697225315931513138e-17
4.543423882246019275e+03 1.698020959694696770e-17
4.545520646572114856e+03 1.683245666687235492e-17
4.547617410898210437e+03 1.665112305136869186e-17
4.549714175224306018e+03 1.654403104851632871e-17
4.551810939550401599e+03 1.647653946957337767e-17
4.553907703876497180e+03 1.635571237124878601e-17
4.556004468202592761e+03 1.622487459758070882e-17
4.558101232528688342e+03 1.607548663171773404e-17
4.560197996854783923e+03 1.590524255003648192e-17
4.562294761180879505e+03 1.584639189020685069e-17
4.564391525506975086e+03 1.585051297184674254e-17
4.566488289833070667e+03 1.591832294317396617e-17
4.568585054159166248e+03 1.599458052785291045e-17
4.570681818485261829e+03 1.608224426660341527e-17
4.572778582811357410e+03 1.640047741782163480e-17
4.574875347137452991e+03 1.671823715547571738e-17
4.576972111463548572e+03 1.670436388471240461e-17
4.579068875789644153e+03 1.666361256131492773e-17
4.581165640115739734e+03 1.678434100307309484e-17
4.583262404441835315e+03 1.684034704094286843e-17
4.585359168767930896e+03 1.674988960422288711e-17
4.587455933094026477e+03 1.672338863247900333e-17
4.589552697420122058e+03 1.689714141224247197e-17
4.591649461746217639e+03 1.707731556627867748e-17
4.593746226072313220e+03 1.704124111639739868e-17
4.595842990398408801e+03 1.693083135420139178e-17
4.597939754724504382e+03 1.692784681136236064e-17
4.600036519050599964e+03 1.714596097802542906e-17
4.602133283376695545e+03 1.748169904791012709e-17
4.604230047702791126e+03 1.767544230088988589e-17
4.606326812028886707e+03 1.780457430740282642e-17
4.608423576354982288e+03 1.794753792580371622e-17
4.610520340681077869e+03 1.793178538540889292e-17
4.612617105007173450e+03 1.775774393530649937e-17
4.614713869333269031e+03 1.769981279645645775e-17
4.616810633659364612e+03 1.772425723526097543e-17
4.618907397985460193e+03 1.770151285835241238e-17
4.621004162311555774e+03 1.767393868643906594e-17
4.623100926637651355e+03 1.775499405651473917e-17
4.625197690963746936e+03 1.804091882733704248e-17
4.627294455289842517e+03 1.814362050953301069e-17
4.629391219615938098e+03 1.787848158682462722e-17
4.631487983942033679e+03 1.759205538323334801e-17
4.633584748268129260e+03 1.755098794912376998e-17
4.635681512594224841e+03 1.767234648231911644e-17
4.637778276920320423e+03 1.773486608028641178e-17
4.639875041246416004e+03 1.767939878004762436e-17
4.641971805572511585e+03 1.767776646306535852e-17
4.644068569898607166e+03 1.786269675042923369e-17
4.646165334224702747e+03 1.803421174517760774e-17
4.648262098550798328e+03 1.800217286546834888e-17
4.650358862876893909e+03 1.790261136024171845e-17
4.652455627202989490e+03 1.806186674763217990e-17
4.654552391529085071e+03 1.842862035799218795e-17
4.656649155855180652e+03 1.887433924753055209e-17
4.658745920181276233e+03 1.937004620551793499e-17
4.660842684507371814e+03 1.965798070482044862e-17
4.662939448833467395e+03 1.983407856268149813e-17
4.665036213159562976e+03 2.008377409250646869e-17
4.667132977485658557e+03 2.042829368900461741e-17
4.669229741811754138e+03 2.084404533194469920e-17
4.671326506137849719e+03 2.083494376431153745e-17
4.673423270463945300e+03 2.031325073067815266e-17
4.675520034790040881e+03 1.976924190311098411e-17
4.677616799116136463e+03 1.938758536159348224e-17
4.679713563442232044e+03 1.919939584621649240e-17
4.681810327768327625e+03 1.898812978954188131e-17
4.683907092094423206e+03 1.857521533436523664e-17
4.686003856420518787e+03 1.829595939832222887e-17
4.688100620746614368e+03 1.820793327399444276e-17
4.690197385072709949e+03 1.809882580193704478e-17
4.692294149398805530e+03 1.792780497669615226e-17
4.694390913724901111e+03 1.778029349565269864e-17
4.696487678050996692e+03 1.775361074911077637e-17
4.698584442377092273e+03 1.769718647513105186e-17
4.700681206703187854e+03 1.755210863881896318e-17
4.702777971029283435e+03 1.735666240457745288e-17
4.704874735355379016e+03 1.729448156137195063e-17
4.706971499681474597e+03 1.750846640188266455e-17
4.709068264007570178e+03 1.773226258614449815e-17
4.711165028333665759e+03 1.780059351184637040e-17
4.713261792659761340e+03 1.773526251774875303e-17
4.715358556985856922e+03 1.770054429688736643e-17
4.717455321311952503e+03 1.757601089862414638e-17
4.719552085638048084e+03 1.740946808034084238e-17
4.721648849964143665e+03 1.746192369030862079e-17
4.723745614290239246e+03 1.784228155465225422e-17
4.725842378616334827e+03 1.838158091458746843e-17
4.727939142942430408e+03 1.873623436442911335e-17
4.730035907268525989e+03 1.880869377503588007e-17
4.732132671594621570e+03 1.883994167783852367e-17
4.734229435920717151e+03 1.901356454728921132e-17
4.736326200246812732e+03 1.931703315610516138e-17
4.738422964572908313e+03 1.969360869746083419e-17
4.740519728899003894e+03 2.004715427267344506e-17
4.742616493225099475e+03 2.001544944145157439e-17
4.744713257551195056e+03 1.942290328220036272e-17
4.746810021877290637e+03 1.887126734883368351e-17
4.748906786203386218e+03 1.862471932633545613e-17
4.751003550529481799e+03 1.817921786761838570e-17
4.753100314855577381e+03 1.750871539519178379e-17
4.755197079181672962e+03 1.707738542041268443e-17
4.757293843507768543e+03 1.691984160351906621e-17
4.759390607833864124e+03 1.669042182049119759e-17
4.761487372159959705e+03 1.635396691374185653e-17
4.763584136486055286e+03 1.620858331796041116e-17
4.765680900812150867e+03 1.619103543235663490e-17
4.767777665138246448e+03 1.606528074035503538e-17
4.769874429464342029e+03 1.604964616284688972e-17
4.771971193790437610e+03 1.633133353348880955e-17
4.774067958116533191e+03 1.658626531735963219e-17
4.776164722442627863e+03 1.659377942718423907e-17
4.778261486768723444e+03 1.657015376526249916e-17
4.780358251094819025e+03 1.651918622216443288e-17
4.782455015420914606e+03 1.625824900031010346e-17
4.784551779747010187e+03 1.595372701160675317e-17
4.786648544073105768e+03 1.592579799037884887e-17
4.788745308399201349e+03 1.598998923364393199e-17
4.790842072725296930e+03 1.594129274391172266e-17
4.792938837051392511e+03 1.608834150678789376e-17
4.795035601377488092e+03 1.635733895312618337e-17
4.797132365703583673e+03 1.640303773264093642e-17
4.799229130029679254e+03 1.627668749686981049e-17
4.801325894355774835e+03 1.634310740001345405e-17
4.803422658681870416e+03 1.644169476699769376e-17
4.805519423007965997e+03 1.640085581308320511e-17
4.807616187334061578e+03 1.648205831316742403e-17
4.809712951660157159e+03 1.656397316082562888e-17
4.811809715986252741e+03 1.654497167075939864e-17
4.813906480312348322e+03 1.672324720320092788e-17
4.816003244638443903e+03 1.707786799632284899e-17
4.818100008964539484e+03 1.742485480609059318e-17
4.820196773290635065e+03 1.757637435099410285e-17
4.822293537616730646e+03 1.753696960482307927e-17
4.824390301942826227e+03 1.758141704378998979e-17
4.826487066268921808e+03 1.773352074988813345e-17
4.828583830595017389e+03 1.768418853159616002e-17
4.830680594921112970e+03 1.756165554483930422e-17
4.832777359247208551e+03 1.783279596089529749e-17
4.834874123573304132e+03 1.833434888499209066e-17
4.836970887899399713e+03 1.844803151845033646e-17
4.839067652225495294e+03 1.822402321589210970e-17
4.841164416551590875e+03 1.819152159075753670e-17
4.843261180877686456e+03 1.834482527295844852e-17
4.845357945203782037e+03 1.817183728448668282e-17
4.847454709529877618e+03 1.770850336152625485e-17
4.849551473855973200e+03 1.750350023900636778e-17
4.851648238182068781e+03 1.761778358047709656e-17
4.853745002508164362e+03 1.760437563026726727e-17
4.855841766834259943e+03 1.731191905197658392e-17
4.857938531160355524e+03 1.715148938925255217e-17
4.860035295486451105e+03 1.736277148456241022e-17
4.862132059812546686e+03 1.764364499496702605e-17
4.864228824138642267e+03 1.767635438289212649e-17
4.866325588464737848e+03 1.750101212973391653e-17
4.868422352790833429e+03 1.732087700681464781e-17
4.870519117116929010e+03 1.728180270422632882e-17
4.872615881443024591e+03 1.740136624149320789e-17
4.874712645769120172e+03 1.748455211833330090e-17
4.876809410095215753e+03 1.747414012938852255e-17
4.878906174421311334e+03 1.740435669378452883e-17
4.881002938747406915e+03 1.742409827803345346e-17
4.883099703073502496e+03 1.757623221549364838e-17
4.885196467399598077e+03 1.755452723572762292e-17
4.887293231725693659e+03 1.724885291899211147e-17
4.889389996051789240e+03 1.710136265505904608e-17
4.891486760377884821e+03 1.723254847902805887e-17
4.893583524703980402e+03 1.729630819243727619e-17
4.895680289030075983e+03 1.727178983997728460e-17
4.897777053356171564e+03 1.728663732859717875e-17
4.899873817682267145e+03 1.726299251217015116e-17
4.901970582008362726e+03 1.730726795370112541e-17
4.904067346334458307e+03 1.731416760246877872e-17
4.906164110660553888e+03 1.721012461617502646e-17
4.908260874986649469e+03 1.711670163636502215e-17
4.910357639312745050e+03 1.704557874201202106e-17
4.912454403638840631e+03 1.704240425706655529e-17
4.914551167964936212e+03 1.712905149720110360e-17
4.916647932291031793e+03 1.715583304094499647e-17
4.918744696617127374e+03 1.706026388096403319e-17
4.920841460943222955e+03 1.689369257192429395e-17
4.922938225269318536e+03 1.667360042973652063e-17
4.925034989595414118e+03 1.659832709391467927e-17
4.927131753921509699e+03 1.656765218145286443e-17
4.929228518247605280e+03 1.630336673478366769e-17
4.931325282573700861e+03 1.610005701383678720e-17
4.933422046899796442e+03 1.639349537216794968e-17
4.935518811225892023e+03 1.684921740912234356e-17
4.937615575551987604e+03 1.690434560437481383e-17
4.939712339878083185e+03 1.667389463963408320e-17
4.941809104204178766e+03 1.661040451748782364e-17
4.943905868530274347e+03 1.678207555082337905e-17
4.946002632856369928e+03 1.689630300359904082e-17
4.948099397182465509e+03 1.690004637415782445e-17
4.950196161508561090e+03 1.697273510460339560e-17
4.952292925834656671e+03 1.705124309570984936e-17
4.954389690160752252e+03 1.694927042904290390e-17
4.956486454486847833e+03 1.683879389555834440e-17
4.958583218812943414e+03 1.702809127915566231e-17
4.960679983139038995e+03 1.731620910746609645e-17
4.962776747465134576e+03 1.742758168164214154e-17
4.964873511791230158e+03 1.744440981307538169e-17
4.966970276117325739e+03 1.764088573463704662e-17
4.969067040443421320e+03 1.823368473392237960e-17
4.971163804769516901e+03 1.915002596441559410e-17
4.973260569095612482e+03 2.031176812142914060e-17
4.975357333421708063e+03 2.143889254090830720e-17
4.977454097747803644e+03 2.235267013278763008e-17
4.979550862073899225e+03 2.292244554123790640e-17
4.981647626399994806e+03 2.309422856750636589e-17
4.983744390726090387e+03 2.289316261126866567e-17
4.985841155052185968e+03 2.244491927359530741e-17
4.987937919378281549e+03 2.173231659156580771e-17
4.990034683704377130e+03 2.078298508664402666e-17
4.992131448030472711e+03 1.978422404605741022e-17
4.994228212356568292e+03 1.892392004335967894e-17
4.996324976682663873e+03 1.833422357908905190e-17
4.998421741008759454e+03 1.793448216066709633e-17
5.000518505334855035e+03 1.748280092089723331e-17
5.002615269660950617e+03 1.709463515838783901e-17
5.004712033987046198e+03 1.684229578343274665e-17
5.006808798313141779e+03 1.664528640080884854e-17
5.008905562639237360e+03 1.640811341905572218e-17
5.011002326965332941e+03 1.610235266723020499e-17
5.013099091291428522e+03 1.585663558084505676e-17
5.015195855617524103e+03 1.574809429947555207e-17
5.017292619943619684e+03 1.577494116293129202e-17
5.019389384269715265e+03 1.583958157938351878e-17
5.021486148595810846e+03 1.578779496951027892e-17
5.023582912921906427e+03 1.573392631086841559e-17
5.025679677248002008e+03 1.590607751457434992e-17
5.027776441574097589e+03 1.616849859679832663e-17
5.029873205900193170e+03 1.623617539974549984e-17
5.031969970226288751e+03 1.611475791197278541e-17
5.034066734552384332e+03 1.593117567743126583e-17
5.036163498878479913e+03 1.556918847723938666e-17
5.038260263204575494e+03 1.519682485891295821e-17
5.040357027530671076e+03 1.517195200019853196e-17
5.042453791856766657e+03 1.527600593436110081e-17
5.044550556182862238e+03 1.534167767637643011e-17
5.046647320508957819e+03 1.539828734681434705e-17
5.048744084835053400e+03 1.542963711220879732e-17
5.050840849161148981e+03 1.547416124276524080e-17
5.052937613487244562e+03 1.547562443268594033e-17
5.055034377813340143e+03 1.535834047035238431e-17
5.057131142139435724e+03 1.529117837765470522e-17
5.059227906465531305e+03 1.563768620778618305e-17
5.061324670791626886e+03 1.615263595725862483e-17
5.063421435117722467e+03 1.639004206349488515e-17
5.065518199443818048e+03 1.630667845298033263e-17
5.067614963769913629e+03 1.613624425251420838e-17
5.069711728096009210e+03 1.599764780079995649e-17
5.071808492422104791e+03 1.592921822279089845e-17
5.073905256748200372e+03 1.591469495596654683e-17
5.076002021074295953e+03 1.624739404377652492e-17
5.078098785400391534e+03 1.729896007481839826e-17
5.080195549726487116e+03 1.870842699537509231e-17
5.082292314052582697e+03 1.989024819548121486e-17
5.084389078378678278e+03 2.028920175142897085e-17
5.086485842704773859e+03 1.957621218405983614e-17
5.088582607030869440e+03 1.824741529942272691e-17
5.090679371356965021e+03 1.723533261527977219e-17
5.092776135683060602e+03 1.673922032076002125e-17
5.094872900009156183e+03 1.654893004454423029e-17
5.096969664335251764e+03 1.650128555337069608e-17
5.099066428661347345e+03 1.636155089479594900e-17
5.101163192987442926e+03 1.604856537024378891e-17
5.103259957313538507e+03 1.567749264022575263e-17
5.105356721639634088e+03 1.528124683631950517e-17
5.107453485965729669e+03 1.483394788200573620e-17
5.109550250291825250e+03 1.452543561533069258e-17
5.111647014617920831e+03 1.448374075245434114e-17
5.113743778944016412e+03 1.455614704606168617e-17
5.115840543270111993e+03 1.465403999311307916e-17
5.117937307596207575e+03 1.473827662067324319e-17
5.120034071922303156e+03 1.473123065714550384e-17
5.122130836248398737e+03 1.467414176848904188e-17
5.124227600574494318e+03 1.463711094155735975e-17
5.126324364900589899e+03 1.469018480937347425e-17
5.128421129226685480e+03 1.479708226531733167e-17
5.130517893552781061e+03 1.483693206757036903e-17
5.132614657878876642e+03 1.490045755210859241e-17
5.134711422204972223e+03 1.496276550351882435e-17
5.136808186531067804e+03 1.489216412286415292e-17
5.138904950857163385e+03 1.485888278354862948e-17
5.141001715183258966e+03 1.502353835911984919e-17
5.143098479509354547e+03 1.539699330997774754e-17
5.145195243835450128e+03 1.593265363062026540e-17
5.147292008161545709e+03 1.635655469196137218e-17
5.149388772487641290e+03 1.659558746322130207e-17
5.151485536813736871e+03 1.690018045618178108e-17
5.153582301139832452e+03 1.720001298914202217e-17
5.155679065465928034e+03 1.704132326431760992e-17
5.157775829792023615e+03 1.644027280514839467e-17
5.159872594118119196e+03 1.582025437465562314e-17
5.161969358444214777e+03 1.535215004766633510e-17
5.164066122770310358e+03 1.496217319944281976e-17
5.166162887096405939e+03 1.459992395145094481e-17
5.168259651422501520e+03 1.431029132939974535e-17
5.170356415748597101e+03 1.425543969608441617e-17
5.172453180074692682e+03 1.443582973715802892e-17
5.174549944400788263e+03 1.446258102330008884e-17
5.176646708726883844e+03 1.433573981072135423e-17
5.178743473052979425e+03 1.429261167684896425e-17
5.180840237379075006e+03 1.425788211542780837e-17
5.182937001705170587e+03 1.412856257346059592e-17
5.185033766031266168e+03 1.417253696865705510e-17
5.187130530357361749e+03 1.444476497528074667e-17
5.189227294683457330e+03 1.466769061275388924e-17
5.191324059009552911e+03 1.486721948742212386e-17
5.193420823335648493e+03 1.522883301772092310e-17
5.195517587661744074e+03 1.574050160708785130e-17
5.197614351987839655e+03 1.625739420421789613e-17
5.199711116313935236e+03 1.640904311174393303e-17
5.201807880640030817e+03 1.600030844163472615e-17
5.203904644966126398e+03 1.545487220761008410e-17
5.206001409292221979e+03 1.525209288601598197e-17
5.208098173618317560e+03 1.532148781629061106e-17
5.210194937944413141e+03 1.524657748133937320e-17
5.212291702270508722e+03 1.504011309228451591e-17
5.214388466596604303e+03 1.505942639186928759e-17
5.216485230922699884e+03 1.522114004949262355e-17
5.218581995248795465e+03 1.520534674361042869e-17
5.220678759574891046e+03 1.497801997672216705e-17
5.222775523900986627e+03 1.485434698739226763e-17
5.224872288227082208e+03 1.493668845234268043e-17
5.226969052553177789e+03 1.498391970865599105e-17
5.229065816879273370e+03 1.498616431712608703e-17
5.231162581205368951e+03 1.484051694431177870e-17
5.233259345531464533e+03 1.450025846129658197e-17
5.235356109857560114e+03 1.443083881658854504e-17
5.237452874183655695e+03 1.471089265847572388e-17
5.239549638509751276e+03 1.487902450976628629e-17
5.241646402835846857e+03 1.472936842940929531e-17
5.243743167161942438e+03 1.456521619208229484e-17
5.245839931488038019e+03 1.445863715285535267e-17
5.247936695814133600e+03 1.417218844277564110e-17
5.250033460140229181e+03 1.400341618246903905e-17
5.252130224466324762e+03 1.433207185466870931e-17
5.254226988792420343e+03 1.473493292364653292e-17
5.256323753118515924e+03 1.472155359217512798e-17
5.258420517444611505e+03 1.443560029406759665e-17
5.260517281770707086e+03 1.416014295730812168e-17
5.262614046096802667e+03 1.399859080041061529e-17
5.264710810422898248e+03 1.380475812352865475e-17
5.266807574748993829e+03 1.351654059328340904e-17
5.268904339075089410e+03 1.338782565143550445e-17
5.271001103401184992e+03 1.357997476270808827e-17
5.273097867727280573e+03 1.384823673644787056e-17
5.275194632053376154e+03 1.402563935612214192e-17
5.277291396379471735e+03 1.419889548855978265e-17
5.279388160705567316e+03 1.434142662163724554e-17
5.281484925031662897e+03 1.432313273077525278e-17
5.283581689357758478e+03 1.421563353935322749e-17
5.285678453683854059e+03 1.411113965867436400e-17
5.287775218009949640e+03 1.409801684888927109e-17
5.289871982336045221e+03 1.427950616740932681e-17
5.291968746662140802e+03 1.440231069559449413e-17
5.294065510988236383e+03 1.430070914697765488e-17
5.296162275314331964e+03 1.423195340089423333e-17
5.298259039640427545e+03 1.422484092587937353e-17
5.300355803966523126e+03 1.417203912066542054e-17
5.302452568292618707e+03 1.424696186507355569e-17
5.304549332618714288e+03 1.438526635650240669e-17
5.306646096944809869e+03 1.446583113764898414e-17
5.308742861270905451e+03 1.452050262908691998e-17
5.310839625597001032e+03 1.455209116560835967e-17
5.312936389923096613e+03 1.451312989499350870e-17
5.315033154249192194e+03 1.442902701188179516e-17
5.317129918575287775e+03 1.445691376357575338e-17
5.319226682901383356e+03 1.439852179214903139e-17
5.321323447227478937e+03 1.427746317143007740e-17
5.323420211553574518e+03 1.418619198827745618e-17
5.325516975879670099e+03 1.424402681651171743e-17
5.327613740205765680e+03 1.441930948412599157e-17
5.329710504531861261e+03 1.449288436168603768e-17
5.331807268857956842e+03 1.447389004464561986e-17
5.333904033184052423e+03 1.451580944060696309e-17
5.336000797510148004e+03 1.465860759712176450e-17
5.338097561836243585e+03 1.476513194413137145e-17
5.340194326162339166e+03 1.490713476278617590e-17
5.342291090488434747e+03 1.515667531026883041e-17
5.344387854814530328e+03 1.543961731267924552e-17
5.346484619140625909e+03 1.551276505703588195e-17
5.348581383466721491e+03 1.537713693950846643e-17
5.350678147792817072e+03 1.537323764348981446e-17
5.352774912118912653e+03 1.550947911525072168e-17
5.354871676445008234e+03 1.543799579162123271e-17
5.356968440771103815e+03 1.510872434779781014e-17
5.359065205097199396e+03 1.475545686471464648e-17
5.361161969423294977e+03 1.452887383237309442e-17
5.363258733749390558e+03 1.439011510659840337e-17
5.365355498075486139e+03 1.431269074633114083e-17
5.367452262401581720e+03 1.428909631198611651e-17
5.369549026727677301e+03 1.430144162804109262e-17
5.371645791053772882e+03 1.432960944461296842e-17
5.373742555379868463e+03 1.439502435927310827e-17
5.375839319705964044e+03 1.459124912006276757e-17
5.377936084032059625e+03 1.478526044226716172e-17
5.380032848358155206e+03 1.480899024000985555e-17
5.382129612684250787e+03 1.475033815339963978e-17
5.384226377010346368e+03 1.481845169869842650e-17
5.386323141336441950e+03 1.500002131170055805e-17
5.388419905662537531e+03 1.514224769739045216e-17
5.390516669988633112e+03 1.517614731120099319e-17
5.392613434314728693e+03 1.509670696014445020e-17
5.394710198640824274e+03 1.513830195103026790e-17
5.396806962966919855e+03 1.532324318551410879e-17
5.398903727293015436e+03 1.536036950537618780e-17
5.401000491619111017e+03 1.520716945831872420e-17
5.403097255945206598e+03 1.497608256108553824e-17
5.405194020271302179e+03 1.481411940455042597e-17
5.407290784597397760e+03 1.501242776208911953e-17
5.409387548923493341e+03 1.547000738279967825e-17
5.411484313249588922e+03 1.603274311849265033e-17
5.413581077575684503e+03 1.674767062844500618e-17
5.415677841901780084e+03 1.735160047470760322e-17
5.417774606227875665e+03 1.757225741024697923e-17
5.419871370553971246e+03 1.740520800997170988e-17
5.421968134880066827e+03 1.723055614496943513e-17
5.424064899206162409e+03 1.714757100692847583e-17
5.426161663532257990e+03 1.698021155111345787e-17
5.428258427858353571e+03 1.683310059549280276e-17
5.430355192184449152e+03 1.685599198423277935e-17
5.432451956510544733e+03 1.682772048673659678e-17
5.434548720836640314e+03 1.677631492040565668e-17
5.436645485162735895e+03 1.683020634368470245e-17
5.438742249488831476e+03 1.695405067654936175e-17
5.440839013814927057e+03 1.712354609079778128e-17
5.442935778141022638e+03 1.718552742810537377e-17
5.445032542467118219e+03 1.712920349648506108e-17
5.447129306793213800e+03 1.715136440907213176e-17
5.449226071119309381e+03 1.732022379436508131e-17
5.451322835445404962e+03 1.811013266373100902e-17
5.453419599771500543e+03 2.104664157572554466e-17
5.455516364097596124e+03 2.718612474098903946e-17
5.457613128423691705e+03 3.502171010498192394e-17
5.459709892749787286e+03 4.084274459776225910e-17
5.461806657075882868e+03 4.101714863300829855e-17
5.463903421401978449e+03 3.528136365558636400e-17
5.466000185728074030e+03 2.751112142496000951e-17
5.468096950054169611e+03 2.169863902541978896e-17
5.470193714380265192e+03 1.875559794425764630e-17
5.472290478706360773e+03 1.750816178456291016e-17
5.474387243032456354e+03 1.697204699796716291e-17
5.476484007358551935e+03 1.680487045266134646e-17
5.478580771684647516e+03 1.687289911768524144e-17
5.480677536010743097e+03 1.717523643657870091e-17
5.482774300336838678e+03 1.751918747326938727e-17
5.484871064662934259e+03 1.756391895105422011e-17
5.486967828989029840e+03 1.709685388417704876e-17
5.489064593315125421e+03 1.636935391745140340e-17
5.491161357641221002e+03 1.580179229784045851e-17
5.493258121967316583e+03 1.556842613386214051e-17
5.495354886293412164e+03 1.539269422909577291e-17
5.497451650619507745e+03 1.500504166524047249e-17
5.499548414945603326e+03 1.467373368790627684e-17
5.501645179271698908e+03 1.468506211807190764e-17
5.503741943597794489e+03 1.475366515152723039e-17
5.505838707923890070e+03 1.469925080401057812e-17
5.507935472249985651e+03 1.475437101826747879e-17
5.510032236576081232e+03 1.499527158339316401e-17
5.512129000902176813e+03 1.529789643191235395e-17
5.514225765228272394e+03 1.547478066361827954e-17
5.516322529554367975e+03 1.548561954311829811e-17
5.518419293880463556e+03 1.548813966088526501e-17
5.520516058206559137e+03 1.541919225862667307e-17
5.522612822532654718e+03 1.514356389279329676e-17
5.524709586858750299e+03 1.494733029354471527e-17
5.526806351184845880e+03 1.482584157069123460e-17
5.528903115510941461e+03 1.456533536723407894e-17
5.530999879837037042e+03 1.435154649041038101e-17
5.533096644163132623e+03 1.422865188329944055e-17
5.535193408489228204e+03 1.417279540123297578e-17
5.537290172815323785e+03 1.419972620153567231e-17
5.539386937141419367e+03 1.414728762702148408e-17
5.541483701467514948e+03 1.400795378715209802e-17
5.543580465793610529e+03 1.391922472797805007e-17
5.545677230119706110e+03 1.393576330368051402e-17
5.547773994445801691e+03 1.394040975695412901e-17
5.549870758771897272e+03 1.384486923536656798e-17
5.551967523097992853e+03 1.386387417487645832e-17
5.554064287424088434e+03 1.404608797496089621e-17
5.556161051750184015e+03 1.409450582493904644e-17
5.558257816076279596e+03 1.401823670951997092e-17
5.560354580402375177e+03 1.405827932309767559e-17
5.562451344728470758e+03 1.427132400609232301e-17
5.564548109054566339e+03 1.465573790342528263e-17
5.566644873380661920e+03 1.593441964169679455e-17
5.568741637706757501e+03 2.203113257767242814e-17
5.570838402032853082e+03 4.087158773580856028e-17
5.572935166358948663e+03 7.410457569754340296e-17
5.575031930685044244e+03 1.073677742898840542e-16
5.577128695011139826e+03 1.215573712150512453e-16
5.579225459337235407e+03 1.078109095791292761e-16
5.581322223663330988e+03 7.489222033145778419e-17
5.583418987989426569e+03 4.272006624780068772e-17
5.585515752315522150e+03 2.388708603293237638e-17
5.587612516641617731e+03 1.676032027013193044e-17
5.589709280967713312e+03 1.478526080517409161e-17
5.591806045293808893e+03 1.410696339523284903e-17
5.593902809619904474e+03 1.380884224134440074e-17
5.595999573946000055e+03 1.372643687684737734e-17
5.598096338272095636e+03 1.363051005237369089e-17
5.600193102598191217e+03 1.346106963566495990e-17
5.602289866924286798e+03 1.349241023220022337e-17
5.604386631250382379e+03 1.373932177382364125e-17
5.606483395576477960e+03 1.376914217851624891e-17
5.608580159902573541e+03 1.347387170523946825e-17
5.610676924228669122e+03 1.322894529411831148e-17
5.612773688554764703e+03 1.327804789624840767e-17
5.614870452880860284e+03 1.341464782798713465e-17
5.616967217206955866e+03 1.340447988848728992e-17
5.619063981533051447e+03 1.336132710271599982e-17
5.621160745859147028e+03 1.350145959640026853e-17
5.623257510185242609e+03 1.371775480865456898e-17
5.625354274511338190e+03 1.370478444840069170e-17
5.627451038837433771e+03 1.342897713944521852e-17
5.629547803163529352e+03 1.308544733385549529e-17
5.631644567489624933e+03 1.297465331570932090e-17
5.633741331815720514e+03 1.314555261190760740e-17
5.635838096141816095e+03 1.332452550570894720e-17
5.637934860467911676e+03 1.345728357667920861e-17
5.640031624794007257e+03 1.344781366733323738e-17
5.642128389120102838e+03 1.329962088782361436e-17
5.644225153446198419e+03 1.322388150340616269e-17
5.646321917772294000e+03 1.324913008952011487e-17
5.648418682098389581e+03 1.326529111075235133e-17
5.650515446424485162e+03 1.341923089881639594e-17
5.652612210750580743e+03 1.361230470159606028e-17
5.654708975076676325e+03 1.364282520188661989e-17
5.656805739402771906e+03 1.370555976496844741e-17
5.658902503728867487e+03 1.396259696171730430e-17
5.660999268054963068e+03 1.429665453998357545e-17
5.663096032381058649e+03 1.464716795424804001e-17
5.665192796707154230e+03 1.516841055715290055e-17
5.667289561033249811e+03 1.591086621265815406e-17
5.669386325359345392e+03 1.669112906844235966e-17
5.671483089685440973e+03 1.736081754105421126e-17
5.673579854011536554e+03 1.777164985716428285e-17
5.675676618337632135e+03 1.808492073556042214e-17
5.677773382663727716e+03 1.875296003489363490e-17
5.679870146989823297e+03 2.023814541522821396e-17
5.681966911315918878e+03 2.262659633814971508e-17
5.684063675642014459e+03 2.507169293587056419e-17
5.686160439968110040e+03 2.658361176315945647e-17
5.688257204294205621e+03 2.673820801553027144e-17
5.690353968620301202e+03 2.536695297662156525e-17
5.692450732946396784e+03 2.313439649095699019e-17
5.694547497272492365e+03 2.104607159739541291e-17
5.696644261598587946e+03 1.922289473844540820e-17
5.698741025924683527e+03 1.772480592588166462e-17
5.700837790250779108e+03 1.679256639543854515e-17
5.702934554576874689e+03 1.614945572230479448e-17
5.705031318902970270e+03 1.562603460928029646e-17
5.707128083229065851e+03 1.542261424870434321e-17
5.709224847555161432e+03 1.538256508995979351e-17
5.711321611881257013e+03 1.515289197701973586e-17
5.713418376207352594e+03 1.473650397895151751e-17
5.715515140533448175e+03 1.437519150179767908e-17
5.717611904859543756e+03 1.422101306305408960e-17
5.719708669185639337e+03 1.434131722315119975e-17
5.721805433511734918e+03 1.437231989542355212e-17
5.723902197837830499e+03 1.406534661623017549e-17
5.725998962163926080e+03 1.378611228116395926e-17
5.728095726490021661e+03 1.368362522126581754e-17
5.730192490816117243e+03 1.356057368268457938e-17
5.732289255142212824e+03 1.343872465975438548e-17
5.734386019468308405e+03 1.335604988241056989e-17
5.736482783794403986e+03 1.322898433123897433e-17
5.738579548120499567e+03 1.306667431476228695e-17
5.740676312446595148e+03 1.292961685187202748e-17
5.742773076772690729e+03 1.281798831158323762e-17
5.744869841098786310e+03 1.273764235803110873e-17
5.746966605424881891e+03 1.273960308429758049e-17
5.749063369750977472e+03 1.283751024040460224e-17
5.751160134077073053e+03 1.302557779840765821e-17
5.753256898403168634e+03 1.319819972572831315e-17
5.755353662729264215e+03 1.334766820326536466e-17
5.757450427055359796e+03 1.349062611313953198e-17
5.759547191381455377e+03 1.379102955097413045e-17
5.761643955707550958e+03 1.459699523327553235e-17
5.763740720033646539e+03 1.590988721467612373e-17
5.765837484359742120e+03 1.748293429232295017e-17
5.767934248685837701e+03 1.873570912848672281e-17
5.770031013011933283e+03 1.881273326009417285e-17
5.772127777338028864e+03 1.777764037970590986e-17
5.774224541664124445e+03 1.644402309163424533e-17
5.776321305990220026e+03 1.527078057765426721e-17
5.778418070316315607e+03 1.448675247219699019e-17
5.780514834642411188e+03 1.426835379860223434e-17
5.782611598968506769e+03 1.469082839992596954e-17
5.784708363294602350e+03 1.584693667470785671e-17
5.786805127620697931e+03 1.756050119979045597e-17
5.788901891946793512e+03 1.904929489028590953e-17
5.790998656272889093e+03 1.942027616405231578e-17
5.793095420598984674e+03 1.849586779366657138e-17
5.795192184925080255e+03 1.698646219111892903e-17
5.797288949251175836e+03 1.575257262877515100e-17
5.799385713577271417e+03 1.507201091326810578e-17
5.801482477903366998e+03 1.493593984486629033e-17
5.803579242229462579e+03 1.493953715019596878e-17
5.805676006555558160e+03 1.471285972933143187e-17
5.807772770881653742e+03 1.447792184499408670e-17
5.809869535207749323e+03 1.452575092983609896e-17
5.811966299533844904e+03 1.479666202948012422e-17
5.814063063859940485e+03 1.493314165940618013e-17
5.816159828186036066e+03 1.475207074657184344e-17
5.818256592512131647e+03 1.456019292893465425e-17
5.820353356838227228e+03 1.467921710700866193e-17
5.822450121164322809e+03 1.491919621360832788e-17
5.824546885490418390e+03 1.493871369261809090e-17
5.826643649816513971e+03 1.496220179190336291e-17
5.828740414142609552e+03 1.519483220653633127e-17
5.830837178468705133e+03 1.536601922243129581e-17
5.832933942794800714e+03 1.548169698076038485e-17
5.835030707120896295e+03 1.564208014870809056e-17
5.837127471446991876e+03 1.573252228203584665e-17
5.839224235773087457e+03 1.581108141134558621e-17
5.841321000099183038e+03 1.594064411298374017e-17
5.843417764425278619e+03 1.593725964105095187e-17
5.845514528751374201e+03 1.579325921130639034e-17
5.847611293077468872e+03 1.582491780493752284e-17
5.849708057403564453e+03 1.605763730502392703e-17
5.851804821729660034e+03 1.627945624287532772e-17
5.853901586055755615e+03 1.658489158049989247e-17
5.855998350381851196e+03 1.705249921751343985e-17
5.858095114707946777e+03 1.740085060245606326e-17
5.860191879034042358e+03 1.752412332058319896e-17
5.862288643360137939e+03 1.765215082944601047e-17
5.864385407686233521e+03 1.785015024377260490e-17
5.866482172012329102e+03 1.799844422606839148e-17
5.868578936338424683e+03 1.793415609364127266e-17
5.870675700664520264e+03 1.759257473471624780e-17
5.872772464990615845e+03 1.700204402140592192e-17
5.874869229316711426e+03 1.636205031819515036e-17
5.876965993642807007e+03 1.593543178149226745e-17
5.879062757968902588e+03 1.581797277087090600e-17
5.881159522294998169e+03 1.674289118971130121e-17
5.883256286621093750e+03 2.057070919753384724e-17
5.885353050947189331e+03 2.834413267678192038e-17
5.887449815273284912e+03 3.825729923215224521e-17
5.889546579599380493e+03 4.721070188372274694e-17
5.891643343925476074e+03 5.303105308877563403e-17
5.893740108251571655e+03 5.414515127277451307e-17
5.895836872577667236e+03 4.982205403420751738e-17
5.897933636903762817e+03 4.106566535768380668e-17
5.900030401229858398e+03 3.075160007820131201e-17
5.902127165555953979e+03 2.243751759950261990e-17
5.904223929882049561e+03 1.795903083319191341e-17
5.906320694208145142e+03 1.616256638464745749e-17
5.908417458534240723e+03 1.557632795055232904e-17
5.910514222860336304e+03 1.568797116189210759e-17
5.912610987186431885e+03 1.592722788568674678e-17
5.914707751512527466e+03 1.606177795132246296e-17
5.916804515838623047e+03 1.610463607553169751e-17
5.918901280164718628e+03 1.608565133775501964e-17
5.920998044490814209e+03 1.603362469436718145e-17
5.923094808816909790e+03 1.600593674734309708e-17
5.925191573143005371e+03 1.620333057300249976e-17
5.927288337469100952e+03 1.665246037409776391e-17
5.929385101795196533e+03 1.720460310718075490e-17
5.931481866121292114e+03 1.761475680942162752e-17
5.933578630447387695e+03 1.758573431396280298e-17
5.935675394773483276e+03 1.705301469100624997e-17
5.937772159099578857e+03 1.621947485038685990e-17
5.939868923425674438e+03 1.549975598087921156e-17
5.941965687751770020e+03 1.514353136274510694e-17
5.944062452077865601e+03 1.498233008208268587e-17
5.946159216403961182e+03 1.494378331555816060e-17
5.948255980730056763e+03 1.520246991808992965e-17
5.950352745056152344e+03 1.570785315833691228e-17
5.952449509382247925e+03 1.602751470829987015e-17
5.954546273708343506e+03 1.591239305928490666e-17
5.956643038034439087e+03 1.551740830130759471e-17
5.958739802360534668e+03 1.517375522224228584e-17
5.960836566686630249e+03 1.503143324253771590e-17
5.962933331012725830e+03 1.491806016376267238e-17
5.965030095338821411e+03 1.478752708405406931e-17
5.967126859664916992e+03 1.470419978048650694e-17
5.969223623991012573e+03 1.477292381503063440e-17
5.971320388317108154e+03 1.482615113629207769e-17
5.973417152643203735e+03 1.477817445548964335e-17
5.975513916969299316e+03 1.471512690192008270e-17
5.977610681295394897e+03 1.456416868199181538e-17
5.979707445621490479e+03 1.435016247677406750e-17
5.981804209947586060e+03 1.427009612520786544e-17
5.983900974273681641e+03 1.423734499315768100e-17
5.985997738599777222e+03 1.403621676861514213e-17
5.988094502925872803e+03 1.379778375155090257e-17
5.990191267251968384e+03 1.374988218539953424e-17
5.992288031578063965e+03 1.379409292853459612e-17
5.994384795904159546e+03 1.388570362930433629e-17
5.996481560230255127e+03 1.400781486135473219e-17
5.998578324556350708e+03 1.405131235069797813e-17
6.000675088882446289e+03 1.403429527628504771e-17
6.002771853208541870e+03 1.396016123954538504e-17
6.004868617534637451e+03 1.381298260904555609e-17
6.006965381860733032e+03 1.371982387896568358e-17
6.009062146186828613e+03 1.360342596915559945e-17
6.011158910512924194e+03 1.339482598353898451e-17
6.013255674839019775e+03 1.322803593234576822e-17
6.015352439165115356e+03 1.310351908500108719e-17
6.017449203491210938e+03 1.307283825358639017e-17
6.019545967817306519e+03 1.307131682421859914e-17
6.021642732143402100e+03 1.289532075063050453e-17
6.023739496469497681e+03 1.278262736048164712e-17
6.025836260795593262e+03 1.295050451988924713e-17
6.027933025121688843e+03 1.305715120689439032e-17
6.030029789447784424e+03 1.295126696476638020e-17
6.032126553773880005e+03 1.292109854954608058e-17
6.034223318099975586e+03 1.295599652902924510e-17
6.036320082426071167e+03 1.292740689760565335e-17
6.038416846752166748e+03 1.284152260506787667e-17
6.040513611078262329e+03 1.275481802469340764e-17
6.042610375404357910e+03 1.268398472046598352e-17
6.044707139730453491e+03 1.253158816275055597e-17
6.046803904056549072e+03 1.233237307943577100e-17
6.048900668382644653e+03 1.226105427224498677e-17
6.050997432708740234e+03 1.240029321773388262e-17
6.053094197034835815e+03 1.258337661726040829e-17
6.055190961360931396e+03 1.251136075112897380e-17
6.057287725687026978e+03 1.231996180501409383e-17
6.059384490013122559e+03 1.226989898395615173e-17
6.061481254339218140e+03 1.226867505974478734e-17
6.063578018665313721e+03 1.225996252788543496e-17
6.065674782991409302e+03 1.229694568850742041e-17
6.067771547317504883e+03 1.227623145320611333e-17
6.069868311643600464e+03 1.216382615815600305e-17
6.071965075969696045e+03 1.213496601181758027e-17
6.074061840295791626e+03 1.226876243406453531e-17
6.076158604621887207e+03 1.234076783111165490e-17
6.078255368947982788e+03 1.215682962798215565e-17
6.080352133274078369e+03 1.190155131956788468e-17
6.082448897600173950e+03 1.180508932954339955e-17
6.084545661926269531e+03 1.192533130581910410e-17
6.086642426252365112e+03 1.218323132521637947e-17
6.088739190578460693e+03 1.239367746621633375e-17
6.090835954904556274e+03 1.244700206829965795e-17
6.092932719230651855e+03 1.232586861393358510e-17
6.095029483556747437e+03 1.218970137989829451e-17
6.097126247882843018e+03 1.225230735849780019e-17
6.099223012208938599e+03 1.248060092238143711e-17
6.101319776535034180e+03 1.275119443197701023e-17
6.103416540861129761e+03 1.315257412235622372e-17
6.105513305187225342e+03 1.382967429099062889e-17
6.107610069513320923e+03 1.470605600294775961e-17
6.109706833839416504e+03 1.561718992823017350e-17
6.111803598165512085e+03 1.625348678739783453e-17
6.113900362491607666e+03 1.632029955405883245e-17
6.115997126817703247e+03 1.576245917671537133e-17
6.118093891143798828e+03 1.493936598320503159e-17
6.120190655469894409e+03 1.415325148141181917e-17
6.122287419795989990e+03 1.346532163041491299e-17
6.124384184122085571e+03 1.306068552169253504e-17
6.126480948448181152e+03 1.288589768771412143e-17
6.128577712774276733e+03 1.272379339052400916e-17
6.130674477100372314e+03 1.256768168843220031e-17
6.132771241426467896e+03 1.252736889368668239e-17
6.134868005752563477e+03 1.263141987063068490e-17
6.136964770078659058e+03 1.264381128114484636e-17
6.139061534404754639e+03 1.252202870478641980e-17
6.141158298730850220e+03 1.239555341722721270e-17
6.143255063056945801e+03 1.230327248939198421e-17
6.145351827383041382e+03 1.224181645696658169e-17
6.147448591709136963e+03 1.237011012834111946e-17
6.149545356035232544e+03 1.265300129026433437e-17
6.151642120361328125e+03 1.295162078084058486e-17
6.153738884687423706e+03 1.332853982042456030e-17
6.155835649013519287e+03 1.364815956679836875e-17
6.157932413339614868e+03 1.374384822985625261e-17
6.160029177665710449e+03 1.364131054557679649e-17
6.162125941991806030e+03 1.338850487355265651e-17
6.164222706317901611e+03 1.294637796527260102e-17
6.166319470643997192e+03 1.250375290458115164e-17
6.168416234970092773e+03 1.210891232281817180e-17
6.170512999296188354e+03 1.161355520215896212e-17
6.172609763622283936e+03 1.126871415785535511e-17
6.174706527948379517e+03 1.118645622645466819e-17
6.176803292274475098e+03 1.116438887625386853e-17
6.178900056600570679e+03 1.112522610201351814e-17
6.180996820926666260e+03 1.101544994226334989e-17
6.183093585252761841e+03 1.089473240044894138e-17
6.185190349578857422e+03 1.087156961006765461e-17
6.187287113904953003e+03 1.093798155757070415e-17
6.189383878231048584e+03 1.101389214346424300e-17
6.191480642557144165e+03 1.098332981197309265e-17
6.193577406883239746e+03 1.092618145925284156e-17
6.195674171209335327e+03 1.094472391583279295e-17
6.197770935535430908e+03 1.100860658946414751e-17
6.199867699861526489e+03 1.114918402848682046e-17
6.201964464187622070e+03 1.120075486835637910e-17
6.204061228513717651e+03 1.105194277303303209e-17
6.206157992839813232e+03 1.091516061354685636e-17
6.208254757165908813e+03 1.092992592495298458e-17
6.210351521492004395e+03 1.098423896825585189e-17
6.212448285818099976e+03 1.101186488971611076e-17
6.214545050144195557e+03 1.100854348666178647e-17
6.216641814470291138e+03 1.105238006836951343e-17
6.218738578796386719e+03 1.122974781693908546e-17
6.220835343122482300e+03 1.143884462393078178e-17
6.222932107448577881e+03 1.153946260003591354e-17
6.225028871774673462e+03 1.160031951417238722e-17
6.227125636100769043e+03 1.182556299848096901e-17
6.229222400426864624e+03 1.210705748387273337e-17
6.231319164752960205e+03 1.230324985704522406e-17
6.233415929079055786e+03 1.247098202175208956e-17
6.235512693405151367e+03 1.248835579480767860e-17
6.237609457731246948e+03 1.223733240912263120e-17
6.239706222057342529e+03 1.183164946712869686e-17
6.241802986383438110e+03 1.136045568857753981e-17
6.243899750709533691e+03 1.092422059715571390e-17
6.245996515035629272e+03 1.066428309547426396e-17
6.248093279361724854e+03 1.051420798655306296e-17
6.250190043687820435e+03 1.045551599900297172e-17
6.252286808013916016e+03 1.060094347066941498e-17
6.254383572340011597e+03 1.096351059056644323e-17
6.256480336666107178e+03 1.137608762133553074e-17
6.258577100992202759e+03 1.154314051684888190e-17
6.260673865318298340e+03 1.133903871977551727e-17
6.262770629644393921e+03 1.089875303968126503e-17
6.264867393970489502e+03 1.052719752687228576e-17
6.266964158296585083e+03 1.038911123990848373e-17
6.269060922622680664e+03 1.024411212447570227e-17
6.271157686948776245e+03 1.000487900046277560e-17
6.273254451274871826e+03 9.931117830144181599e-18
6.275351215600967407e+03 9.965718925778618912e-18
6.277447979927062988e+03 9.920572330339262707e-18
6.279544744253158569e+03 9.959740023559041250e-18
6.281641508579254150e+03 1.015142442295825177e-17
6.283738272905349731e+03 1.046772382520313828e-17
6.285835037231445312e+03 1.078146267741600992e-17
6.287931801557540894e+03 1.084555181748705078e-17
6.290028565883636475e+03 1.091004136744347456e-17
6.292125330209732056e+03 1.206606950493626585e-17
6.294222094535827637e+03 1.583672683791004019e-17
6.296318858861923218e+03 2.221826496185343994e-17
6.298415623188018799e+03 2.830804465351306068e-17
6.300512387514114380e+03 3.068007811516695808e-17
6.302609151840209961e+03 2.810103705402795307e-17
6.304705916166305542e+03 2.258056086049176431e-17
6.306802680492401123e+03 1.733684617866151436e-17
6.308899444818496704e+03 1.394755238641619278e-17
6.310996209144592285e+03 1.202901085844274442e-17
6.313092973470687866e+03 1.091132577172772765e-17
6.315189737796783447e+03 1.032616711522550634e-17
6.317286502122879028e+03 1.000282463699632426e-17
6.319383266448974609e+03 9.848770123678631479e-18
6.321480030775070190e+03 9.956699947682963889e-18
6.323576795101165771e+03 1.016467225165981842e-17
6.325673559427261353e+03 1.030555255320039673e-17
6.327770323753356934e+03 1.047205882007719783e-17
6.329867088079452515e+03 1.060210349163439417e-17
6.331963852405548096e+03 1.043673582437373216e-17
6.334060616731643677e+03 1.004364171228688383e-17
6.336157381057739258e+03 9.704663238961198465e-18
6.338254145383834839e+03 9.543776361465455472e-18
6.340350909709930420e+03 9.588848358317963293e-18
6.342447674036026001e+03 9.744339925866556412e-18
6.344544438362121582e+03 9.831515124328693396e-18
6.346641202688217163e+03 9.787873365207538929e-18
6.348737967014312744e+03 9.712805200957416335e-18
6.350834731340408325e+03 9.728597613421956856e-18
6.352931495666503906e+03 9.841605288569308836e-18
6.355028259992599487e+03 1.017707736102750885e-17
6.357125024318695068e+03 1.105951431968949611e-17
6.359221788644790649e+03 1.269757636602977475e-17
6.361318552970886230e+03 1.466312818227943198e-17
6.363415317296981812e+03 1.574263154536631266e-17
6.365512081623077393e+03 1.519878898975089142e-17
6.367608845949172974e+03 1.346418066828561446e-17
6.369705610275268555e+03 1.156271126987070864e-17
6.371802374601364136e+03 1.023721282685444942e-17
6.373899138927459717e+03 9.526613358750681810e-18
6.375995903253555298e+03 9.272890298677472511e-18
6.378092667579650879e+03 9.310792718136783159e-18
6.380189431905746460e+03 9.432405939364497079e-18
6.382286196231842041e+03 9.447004779505300164e-18
6.384382960557937622e+03 9.441721238052902294e-18
6.386479724884033203e+03 9.517838238437777154e-18
6.388576489210128784e+03 9.464055792612893299e-18
6.390673253536224365e+03 9.259689226369945424e-18
6.392770017862319946e+03 9.138585021957217271e-18
6.394866782188415527e+03 9.126112464131618207e-18
6.396963546514511108e+03 9.104065059861622895e-18
6.399060310840606689e+03 9.063770486622058450e-18
6.401157075166702271e+03 9.066923005035763129e-18
6.403253839492797852e+03 9.174353728755271826e-18
6.405350603818893433e+03 9.234948620531315224e-18
6.407447368144989014e+03 9.133554502212667345e-18
6.409544132471084595e+03 9.042265105020560979e-18
6.411640896797180176e+03 9.126445767534400987e-18
6.413737661123275757e+03 9.259981203668709462e-18
6.415834425449371338e+03 9.182654354334400568e-18
6.417931189775466919e+03 8.990172054743383010e-18
6.420027954101562500e+03 8.986215078862430462e-18
6.422124718427658081e+03 9.099388070051850617e-18
6.424221482753753662e+03 9.099158210565254009e-18
6.426318247079849243e+03 9.050263933281394984e-18
6.428415011405944824e+03 9.084575536511007016e-18
6.430511775732040405e+03 9.096693720534649152e-18
6.432608540058135986e+03 9.006814852344785286e-18
6.434705304384231567e+03 8.946732384055404934e-18
6.436802068710327148e+03 8.924937464348974028e-18
6.438898833036422729e+03 8.922236721155977730e-18
6.440995597362518311e+03 8.947545650341514695e-18
6.443092361688613892e+03 8.908410125839548471e-18
6.445189126014709473e+03 8.947400913018495752e-18
6.447285890340805054e+03 9.077647571558608924e-18
6.449382654666900635e+03 9.147674603146204567e-18
6.451479418992996216e+03 9.127753464751134470e-18
6.453576183319091797e+03 9.059495089487801340e-18
6.455672947645187378e+03 9.023957979019775443e-18
6.457769711971282959e+03 9.040292283677965686e-18
6.459866476297378540e+03 9.101228337548744142e-18
6.461963240623474121e+03 9.276886261850240482e-18
6.464060004949569702e+03 9.594265166326255900e-18
6.466156769275665283e+03 9.734572644742008624e-18
6.468253533601760864e+03 9.571437302635668927e-18
6.470350297927856445e+03 9.339232922682549790e-18
6.472447062253952026e+03 9.161458688847218985e-18
6.474543826580047607e+03 8.901969588412224931e-18
6.476640590906143188e+03 8.597411364797382097e-18
6.478737355232238770e+03 8.513836240105870533e-18
6.480834119558334351e+03 8.547182619157717386e-18
6.482930883884429932e+03 8.504768410692465627e-18
6.485027648210525513e+03 8.464999031630137323e-18
6.487124412536621094e+03 8.420518263308981666e-18
6.489221176862716675e+03 8.324218928740102812e-18
6.491317941188812256e+03 8.315681731531737406e-18
6.493414705514907837e+03 8.504794409114483064e-18
6.495511469841003418e+03 8.816469368986699912e-18
6.497608234167098999e+03 9.104267674457396386e-18
6.499704998493194580e+03 9.314674295797651952e-18
6.501801762819290161e+03 9.364337173964698179e-18
6.503898527145385742e+03 9.189136167272402917e-18
6.505995291471481323e+03 8.949796571672359016e-18
6.508092055797576904e+03 8.791425768966276351e-18
6.510188820123672485e+03 8.662747276349428521e-18
6.512285584449768066e+03 8.465579488002156559e-18
6.514382348775863647e+03 8.274562941895296219e-18
6.516479113101959229e+03 8.183448995480073412e-18
6.518575877428054810e+03 8.203600246193122407e-18
6.520672641754150391e+03 8.261779775745688675e-18
6.522769406080245972e+03 8.376431871181981022e-18
6.524866170406341553e+03 8.519412309619421787e-18
6.526962934732437134e+03 8.603265018195074888e-18
6.529059699058532715e+03 8.673945366098637338e-18
6.531156463384628296e+03 8.762278091780980291e-18
6.533253227710723877e+03 8.862650251279695569e-18
6.535349992036819458e+03 8.909670425101932047e-18
6.537446756362915039e+03 8.768755115089784317e-18
6.539543520689010620e+03 8.620694555693343675e-18
6.541640285015106201e+03 8.487695090362353501e-18
6.543737049341201782e+03 8.301927895836802248e-18
6.545833813667297363e+03 8.265042340496824306e-18
6.547930577993392944e+03 8.391917170556146742e-18
6.550027342319488525e+03 8.519210263221828096e-18
6.552124106645584106e+03 8.612288346803898062e-18
6.554220870971679688e+03 8.661407821102553724e-18
6.556317635297775269e+03 8.719177327814015958e-18
6.558414399623870850e+03 8.942850804125873866e-18
6.560511163949966431e+03 9.220736420792248818e-18
6.562607928276062012e+03 9.362317209546021317e-18
6.564704692602157593e+03 9.334338371831209722e-18
6.566801456928253174e+03 9.132413136434990239e-18
6.568898221254348755e+03 8.819449684356179513e-18
6.570994985580444336e+03 8.554555782956387202e-18
6.573091749906539917e+03 8.460614553272153759e-18
6.575188514232635498e+03 8.521657611254424558e-18
6.577285278558731079e+03 8.565701854569390260e-18
6.579382042884826660e+03 8.461748927693927104e-18
6.581478807210922241e+03 8.266871592384088736e-18
6.583575571537017822e+03 8.133315715249514735e-18
6.585672335863113403e+03 8.142546093649956981e-18
6.587769100189208984e+03 8.167410096776116846e-18
6.589865864515304565e+03 8.107394428972205245e-18
6.591962628841400146e+03 8.066908186229734753e-18
6.594059393167495728e+03 8.099658830894098828e-18
6.596156157493591309e+03 8.131797321723602060e-18
6.598252921819686890e+03 8.135982507055983849e-18
6.600349686145782471e+03 8.204525606480383758e-18
6.602446450471878052e+03 8.327443098008237447e-18
6.604543214797973633e+03 8.325132737928376937e-18
6.606639979124069214e+03 8.253140337268753389e-18
6.608736743450164795e+03 8.209265670861849230e-18
6.610833507776260376e+03 8.102217696338304031e-18
6.612930272102355957e+03 7.942533884543731809e-18
6.615027036428451538e+03 7.811195480050028535e-18
6.617123800754547119e+03 7.799207024989403755e-18
6.619220565080642700e+03 7.856761843383296536e-18
6.621317329406738281e+03 7.927249828032036564e-18
6.623414093732833862e+03 8.021213006477279822e-18
6.625510858058929443e+03 8.020837722961358921e-18
6.627607622385025024e+03 7.915715536918417200e-18
6.629704386711120605e+03 7.841571099441950883e-18
6.631801151037216187e+03 7.826561403474984967e-18
6.633897915363311768e+03 7.844689858807072684e-18
6.635994679689407349e+03 7.861695753996397543e-18
6.638091444015502930e+03 7.822526286891837958e-18
6.640188208341598511e+03 7.823332681177996224e-18
6.642284972667694092e+03 7.844043466999062871e-18
6.644381736993789673e+03 7.805183406883607784e-18
6.646478501319885254e+03 7.753975042973555638e-18
6.648575265645980835e+03 7.685164037372256489e-18
6.650672029972076416e+03 7.571630623018401147e-18
6.652768794298171997e+03 7.534733220221223434e-18
6.654865558624267578e+03 7.619865212527789096e-18
6.656962322950363159e+03 7.738420309495253250e-18
6.659059087276458740e+03 7.821555775450324199e-18
6.661155851602554321e+03 7.834356472385422634e-18
6.663252615928649902e+03 7.789842614548335007e-18
6.665349380254745483e+03 7.709289143038664676e-18
6.667446144580841064e+03 7.712172534436850770e-18
6.669542908906936646e+03 7.816444360983278279e-18
6.671639673233032227e+03 7.827154428417810151e-18
6.673736437559127808e+03 7.805824756974735603e-18
6.675833201885223389e+03 7.859915110497751175e-18
6.677929966211318970e+03 7.796100434287466176e-18
6.680026730537414551e+03 7.624956388241765405e-18
6.682123494863510132e+03 7.608859765868600030e-18
6.684220259189605713e+03 7.679160285543890394e-18
6.686317023515701294e+03 7.619114803943998785e-18
6.688413787841796875e+03 7.495770191250470873e-18
6.690510552167892456e+03 7.533343693857923032e-18
6.692607316493988037e+03 7.652948410679286271e-18
6.694704080820083618e+03 7.675138738488372413e-18
6.696800845146179199e+03 7.643702156711936000e-18
6.698897609472274780e+03 7.612212305842136144e-18
6.700994373798370361e+03 7.625552729579637551e-18
6.703091138124465942e+03 7.681858696643584266e-18
6.705187902450561523e+03 7.731311375871458903e-18
6.707284666776657104e+03 7.708466174051458157e-18
6.709381431102752686e+03 7.610273292966966871e-18
6.711478195428848267e+03 7.488408506036734049e-18
6.713574959754943848e+03 7.469658509564785029e-18
6.715671724081039429e+03 7.555461202943815699e-18
6.717768488407135010e+03 7.625346796339922569e-18
6.719865252733230591e+03 7.652692962709664928e-18
6.721962017059326172e+03 7.305467264900203105e-18
6.724058781385421753e+03 5.439388200792847062e-18
