3.199397949218751819e+03 1.458037650751051334e-17
3.201494713544847400e+03 1.440067180268458427e-17
3.203591477870942981e+03 1.450333014738419533e-17
3.205688242197038562e+03 1.453240315840216185e-17
3.207785006523134143e+03 1.410688461612943324e-17
3.209881770849229724e+03 1.431323492861319265e-17
3.211978535175325305e+03 1.469729562619038841e-17
3.214075299501420886e+03 1.476624123056609993e-17
3.216172063827516467e+03 1.458119592415775346e-17
3.218268828153612048e+03 1.533223378457486372e-17
3.220365592479707630e+03 1.538937325110938524e-17
3.222462356805803211e+03 1.617429978549712914e-17
3.224559121131898792e+03 1.564875344890917990e-17
3.226655885457994373e+03 1.507890496824788307e-17
3.228752649784089954e+03 1.499997053780497566e-17
3.230849414110185535e+03 1.558805838081407242e-17
3.232946178436281116e+03 1.529902410374765117e-17
3.235042942762376697e+03 1.496392344826561230e-17
3.237139707088472278e+03 1.522017074188340411e-17
3.239236471414567859e+03 1.521477751430077972e-17
3.241333235740663440e+03 1.527722632945499074e-17
3.243430000066759021e+03 1.464982505078544660e-17
3.245526764392854602e+03 1.467540001988275352e-17
3.247623528718950183e+03 1.514697753827574893e-17
3.249720293045045764e+03 1.491269565548277794e-17
3.251817057371141345e+03 1.493958072131877084e-17
3.253913821697236926e+03 1.523818043910135619e-17
3.256010586023332507e+03 1.450085218685228255e-17
3.258107350349428089e+03 1.433731402314062536e-17
3.260204114675523670e+03 1.434865902096685488e-17
3.262300879001619251e+03 1.447286317204743938e-17
3.264397643327714832e+03 1.450246113057303071e-17
3.266494407653810413e+03 1.497195739889302445e-17
3.268591171979905994e+03 1.507097255913724559e-17
3.270687936306001575e+03 1.493060142772216470e-17
3.272784700632097156e+03 1.506661483586231235e-17
3.274881464958192737e+03 1.509115598072667840e-17
3.276978229284288318e+03 1.529024219879240888e-17
3.279074993610383899e+03 1.528455070345603418e-17
3.281171757936479480e+03 1.485998949493226896e-17
3.283268522262575061e+03 1.461021978264987152e-17
3.285365286588670642e+03 1.450061172828299491e-17
3.287462050914766223e+03 1.467597688534369737e-17
3.289558815240861804e+03 1.461692385842003205e-17
3.291655579566957385e+03 1.418414563712331546e-17
3.293752343893052966e+03 1.445631847564247442e-17
3.295849108219148548e+03 1.465516841078909110e-17
3.297945872545244129e+03 1.506564233583365704e-17
3.300042636871339710e+03 1.564363674006986117e-17
3.302139401197435291e+03 1.560301161624428645e-17
3.304236165523530872e+03 1.593104045534639488e-17
3.306332929849626453e+03 1.555814096680200952e-17
3.308429694175722034e+03 1.595352490842268366e-17
3.310526458501817615e+03 1.549043436776132489e-17
3.312623222827913196e+03 1.501234367252540009e-17
3.314719987154008777e+03 1.479808234747292885e-17
3.316816751480104358e+03 1.506284624335503386e-17
3.318913515806199939e+03 1.548741373529138985e-17
3.321010280132295520e+03 1.489224324903579249e-17
3.323107044458391101e+03 1.472627555887547232e-17
3.325203808784486682e+03 1.552140535588962729e-17
3.327300573110582263e+03 1.535343032388706641e-17
3.329397337436677844e+03 1.483303699112102230e-17
3.331494101762773425e+03 1.573995913823531139e-17
3.333590866088869006e+03 1.567481316947511803e-17
3.335687630414964588e+03 1.482988194321594419e-17
3.337784394741060169e+03 1.463946782894740726e-17
3.339881159067155750e+03 1.420539538744524111e-17
3.341977923393251331e+03 1.434721455694539745e-17
3.344074687719346912e+03 1.437151654317206759e-17
3.346171452045442493e+03 1.450558481595361751e-17
3.348268216371538074e+03 1.412820444530961098e-17
3.350364980697633655e+03 1.461411207664890587e-17
3.352461745023729236e+03 1.437472105101545448e-17
3.354558509349824817e+03 1.434550737221971570e-17
3.356655273675920398e+03 1.445406422246872525e-17
3.358752038002015979e+03 1.393162604173738895e-17
3.360848802328111560e+03 1.398970122112257420e-17
3.362945566654207141e+03 1.444029969678182232e-17
3.365042330980302722e+03 1.456369490149800476e-17
3.367139095306398303e+03 1.412342972741829153e-17
3.369235859632493884e+03 1.399389428185394070e-17
3.371332623958589465e+03 1.426681722446994651e-17
3.373429388284685047e+03 1.504467557930671071e-17
3.375526152610780628e+03 1.563083702724953337e-17
3.377622916936876209e+03 1.607399376928304280e-17
3.379719681262971790e+03 1.615607404560234819e-17
3.381816445589067371e+03 1.632930990068800452e-17
3.383913209915162952e+03 1.609328295852480083e-17
3.386009974241258533e+03 1.585181969316703519e-17
3.388106738567354114e+03 1.530325749197835928e-17
3.390203502893449695e+03 1.472878471283978482e-17
3.392300267219545276e+03 1.487568434115542494e-17
3.394397031545640857e+03 1.462487256130042596e-17
3.396493795871736438e+03 1.462347581980778979e-17
3.398590560197832019e+03 1.509491474821866561e-17
3.400687324523927600e+03 1.492148194036505052e-17
3.402784088850023181e+03 1.412274960577780958e-17
3.404880853176118762e+03 1.382414003776816028e-17
3.406977617502214343e+03 1.351799680686876047e-17
3.409074381828309924e+03 1.388034014592901587e-17
3.411171146154405506e+03 1.420116864449571859e-17
3.413267910480501087e+03 1.369168295217746768e-17
3.415364674806596668e+03 1.375594642278393317e-17
3.417461439132692249e+03 1.431350604258348541e-17
3.419558203458787830e+03 1.433577207494220066e-17
3.421654967784883411e+03 1.414299560092171279e-17
3.423751732110978992e+03 1.443221549142995715e-17
3.425848496437074573e+03 1.486502346276805708e-17
3.427945260763170154e+03 1.466536142404156190e-17
3.430042025089265735e+03 1.466483225360483319e-17
3.432138789415361316e+03 1.432415905328885723e-17
3.434235553741456897e+03 1.464496018074449138e-17
3.436332318067552478e+03 1.491231751915632567e-17
3.438429082393648059e+03 1.493500686479423355e-17
3.440525846719743640e+03 1.473153434831562946e-17
3.442622611045839221e+03 1.462272508628535326e-17
3.444719375371934802e+03 1.454598799051899427e-17
3.446816139698030383e+03 1.432590504209306404e-17
3.448912904024125964e+03 1.432637329229498914e-17
3.451009668350221546e+03 1.458602477298824407e-17
3.453106432676317127e+03 1.497857552660875924e-17
3.455203197002412708e+03 1.528359877855155506e-17
3.457299961328508289e+03 1.530828350908923533e-17
3.459396725654603870e+03 1.507984246781261743e-17
3.461493489980699451e+03 1.525995789047293661e-17
3.463590254306795032e+03 1.454162162293062385e-17
3.465687018632890613e+03 1.461439262148972821e-17
3.467783782958986194e+03 1.491855662867228916e-17
3.469880547285081775e+03 1.479475871896426040e-17
3.471977311611177356e+03 1.471253971594131517e-17
3.474074075937272937e+03 1.393970148123788159e-17
3.476170840263368518e+03 1.382355612915444217e-17
3.478267604589464099e+03 1.406225908105878859e-17
3.480364368915559680e+03 1.448567965189167586e-17
3.482461133241655261e+03 1.465277871435126198e-17
3.484557897567750842e+03 1.493782707172057869e-17
3.486654661893846423e+03 1.541258436644893620e-17
3.488751426219942005e+03 1.507050658489294656e-17
3.490848190546037586e+03 1.476895179773014213e-17
3.492944954872133167e+03 1.470880602961463960e-17
3.495041719198228748e+03 1.438012973677079180e-17
3.497138483524324329e+03 1.421052672026817957e-17
3.499235247850419910e+03 1.414403730425044393e-17
3.501332012176515491e+03 1.387585938099132756e-17
3.503428776502611072e+03 1.325373716268459764e-17
3.505525540828706653e+03 1.358486290017084689e-17
3.507622305154802234e+03 1.369052647346415342e-17
3.509719069480897815e+03 1.364028880953259947e-17
3.511815833806993396e+03 1.359986414540025225e-17
3.513912598133088977e+03 1.341383454503320285e-17
3.516009362459184558e+03 1.382263664365090430e-17
3.518106126785280139e+03 1.386860184324690331e-17
3.520202891111375720e+03 1.391500396552402502e-17
3.522299655437471301e+03 1.377727045138216616e-17
3.524396419763566882e+03 1.365237082354083979e-17
3.526493184089662464e+03 1.416601136222241971e-17
3.528589948415758045e+03 1.377023019608501830e-17
3.530686712741853626e+03 1.358025984727172582e-17
3.532783477067949207e+03 1.381361638257239111e-17
3.534880241394044788e+03 1.356913659326510619e-17
3.536977005720140369e+03 1.376067376443492312e-17
3.539073770046235950e+03 1.424327133130067444e-17
3.541170534372331531e+03 1.373861214866234804e-17
3.543267298698427112e+03 1.471790695074110509e-17
3.545364063024522693e+03 1.539125582483117631e-17
3.547460827350618274e+03 1.652158080128690711e-17
3.549557591676713855e+03 1.616061277786833539e-17
3.551654356002809436e+03 1.556178856579951992e-17
3.553751120328905017e+03 1.565609945299544302e-17
3.555847884655000598e+03 1.552183480719707300e-17
3.557944648981096179e+03 1.525922688169349809e-17
3.560041413307191760e+03 1.543100003041406128e-17
3.562138177633287341e+03 1.530964731537242812e-17
3.564234941959382923e+03 1.523489055998933249e-17
3.566331706285478504e+03 1.468327277476369978e-17
3.568428470611574085e+03 1.412893392290088661e-17
3.570525234937669666e+03 1.420874118788004410e-17
3.572621999263765247e+03 1.407355300909512116e-17
3.574718763589860828e+03 1.392680456592723885e-17
3.576815527915956409e+03 1.356086943751535101e-17
3.578912292242051990e+03 1.350133246928925772e-17
3.581009056568147571e+03 1.287031821130606208e-17
3.583105820894243152e+03 1.292771200092629959e-17
3.585202585220338733e+03 1.314455750461673304e-17
3.587299349546434314e+03 1.324707153289867390e-17
3.589396113872529895e+03 1.259197543526549260e-17
3.591492878198625476e+03 1.251766224258234512e-17
3.593589642524721057e+03 1.248536001919350747e-17
3.595686406850816638e+03 1.228032431728779388e-17
3.597783171176912219e+03 1.265425010913613164e-17
3.599879935503007800e+03 1.281708127669061075e-17
3.601976699829103381e+03 1.315029117373705850e-17
3.604073464155198963e+03 1.298568922818699721e-17
3.606170228481294544e+03 1.256617228054878828e-17
3.608266992807390125e+03 1.257867343916465454e-17
3.610363757133485706e+03 1.257654472989226850e-17
3.612460521459581287e+03 1.290654776493181578e-17
3.614557285785676868e+03 1.306124249042602615e-17
3.616654050111772449e+03 1.322412454973155251e-17
3.618750814437868030e+03 1.337676043583981749e-17
3.620847578763963611e+03 1.345117919652236527e-17
3.622944343090059192e+03 1.353465738854407451e-17
3.625041107416154773e+03 1.373211727446006599e-17
3.627137871742250354e+03 1.419553728517856066e-17
3.629234636068345935e+03 1.424603950993337147e-17
3.631331400394441516e+03 1.379191199293879518e-17
3.633428164720537097e+03 1.397607522039802002e-17
3.635524929046632678e+03 1.426038949583981543e-17
3.637621693372728259e+03 1.406271729030025930e-17
3.639718457698823840e+03 1.440914207430451518e-17
3.641815222024919422e+03 1.400147014531881585e-17
3.643911986351015003e+03 1.440577836670558094e-17
3.646008750677110584e+03 1.421710882005515899e-17
3.648105515003206165e+03 1.549274754482663722e-17
3.650202279329301746e+03 1.725388446518750910e-17
3.652299043655397327e+03 1.789450255128498388e-17
3.654395807981492908e+03 1.823429226400441157e-17
3.656492572307588489e+03 1.850219010509002094e-17
3.658589336633684070e+03 1.808012160125047678e-17
3.660686100959779651e+03 1.748780426603827572e-17
3.662782865285875232e+03 1.615485166036437029e-17
3.664879629611970813e+03 1.662825512464442798e-17
3.666976393938066394e+03 1.758253268807290520e-17
3.669073158264161975e+03 1.599277739238418190e-17
3.671169922590257556e+03 1.504232684899598320e-17
3.673266686916353137e+03 1.537822717447149537e-17
3.675363451242448718e+03 1.553540851897259267e-17
3.677460215568544299e+03 1.508524145465723757e-17
3.679556979894639881e+03 1.500189056644251492e-17
3.681653744220735462e+03 1.493119619287085680e-17
3.683750508546831043e+03 1.493263014056952613e-17
3.685847272872926624e+03 1.514386965816790903e-17
3.687944037199022205e+03 1.427661609382847025e-17
3.690040801525117786e+03 1.425919394694029590e-17
3.692137565851213367e+03 1.502415621464381422e-17
3.694234330177308948e+03 1.504385580281156765e-17
3.696331094503404529e+03 1.554981151331478574e-17
3.698427858829500110e+03 1.545536354138582201e-17
3.700524623155595691e+03 1.549640070180587675e-17
3.702621387481691272e+03 1.581554104513668923e-17
3.704718151807786853e+03 1.585870916584740236e-17
3.706814916133882434e+03 1.622180130896463248e-17
3.708911680459978015e+03 1.632462724401890858e-17
3.711008444786073596e+03 1.573046508077297931e-17
3.713105209112169177e+03 1.490308441079604134e-17
3.715201973438264758e+03 1.500364905986756159e-17
3.717298737764360339e+03 1.505450865649264171e-17
3.719395502090455921e+03 1.465413884831288313e-17
3.721492266416551502e+03 1.408976875786818474e-17
3.723589030742647083e+03 1.401288828705575373e-17
3.725685795068742664e+03 1.420899937443737477e-17
3.727782559394838245e+03 1.437935271898730504e-17
3.729879323720933826e+03 1.410333283943961664e-17
3.731976088047029407e+03 1.449417299066469436e-17
3.734072852373124988e+03 1.477536751175255959e-17
3.736169616699220569e+03 1.470770673527327048e-17
3.738266381025316150e+03 1.473511435576508591e-17
3.740363145351411731e+03 1.486699834527929114e-17
3.742459909677507312e+03 1.467355824394689100e-17
3.744556674003602893e+03 1.485686029045544003e-17
3.746653438329698474e+03 1.462172758260244297e-17
3.748750202655794055e+03 1.434741336395424079e-17
3.750846966981889636e+03 1.476462666982966977e-17
3.752943731307985217e+03 1.424185774395554273e-17
3.755040495634080798e+03 1.423154459716197389e-17
3.757137259960176380e+03 1.437612820024319832e-17
3.759234024286271961e+03 1.399447279100445788e-17
3.761330788612367542e+03 1.372136025357468909e-17
3.763427552938463123e+03 1.339762081327673546e-17
3.765524317264558704e+03 1.358674381153614581e-17
3.767621081590654285e+03 1.367108589399218467e-17
3.769717845916749866e+03 1.402395169880898423e-17
3.771814610242845447e+03 1.482581739325993353e-17
3.773911374568941028e+03 1.498475606884920416e-17
3.776008138895036609e+03 1.414263856407137000e-17
3.778104903221132190e+03 1.409113352979094565e-17
3.780201667547227771e+03 1.406931203767608913e-17
3.782298431873323352e+03 1.414241249957799679e-17
3.784395196199418933e+03 1.461809712734169056e-17
3.786491960525514514e+03 1.452088467979811444e-17
3.788588724851610095e+03 1.403165979890607415e-17
3.790685489177705676e+03 1.430925892574790472e-17
3.792782253503801257e+03 1.443764480729897063e-17
3.794879017829896839e+03 1.342211821047341364e-17
3.796975782155992420e+03 1.309746581581130418e-17
3.799072546482088001e+03 1.333680296643267104e-17
3.801169310808183582e+03 1.349052901777109685e-17
3.803266075134279163e+03 1.354593010027702201e-17
3.805362839460374744e+03 1.346378460977249695e-17
3.807459603786470325e+03 1.315884678295327720e-17
3.809556368112565906e+03 1.366719049100354056e-17
3.811653132438661487e+03 1.396723749579971637e-17
3.813749896764757068e+03 1.347929503955263349e-17
3.815846661090852649e+03 1.342022390530126917e-17
3.817943425416948230e+03 1.331505818497545908e-17
3.820040189743043811e+03 1.309414311801993246e-17
3.822136954069139392e+03 1.338385628515367445e-17
3.824233718395234973e+03 1.360760090589963704e-17
3.826330482721330554e+03 1.365868262656654890e-17
3.828427247047426135e+03 1.453187826746635333e-17
3.830524011373521716e+03 1.443880968097478175e-17
3.832620775699617298e+03 1.448995199005390407e-17
3.834717540025712879e+03 1.460897169959521723e-17
3.836814304351808460e+03 1.409423294848491862e-17
3.838911068677904041e+03 1.436131512814802082e-17
3.841007833003999622e+03 1.438549057020625114e-17
3.843104597330095203e+03 1.408529395501515442e-17
3.845201361656190784e+03 1.401311282678488952e-17
3.847298125982286365e+03 1.425866507454355877e-17
3.849394890308381946e+03 1.427691044787681087e-17
3.851491654634477527e+03 1.377021500961442535e-17
3.853588418960573108e+03 1.383406729955841800e-17
3.855685183286668689e+03 1.350610043445813713e-17
3.857781947612764270e+03 1.337177614048000117e-17
3.859878711938859851e+03 1.330685825606641625e-17
3.861975476264955432e+03 1.309123641686607840e-17
3.864072240591051013e+03 1.276937115763505899e-17
3.866169004917146594e+03 1.284555000394177327e-17
3.868265769243242175e+03 1.307427740843885071e-17
3.870362533569337756e+03 1.263600436313027843e-17
3.872459297895433338e+03 1.241788545331403541e-17
3.874556062221528919e+03 1.262108596681346345e-17
3.876652826547624500e+03 1.267620057245681805e-17
3.878749590873720081e+03 1.266806191218977844e-17
3.880846355199815662e+03 1.285158961247769066e-17
3.882943119525911243e+03 1.289797591801812309e-17
3.885039883852006824e+03 1.286688772633392930e-17
3.887136648178102405e+03 1.265158213544902065e-17
3.889233412504197986e+03 1.306114225225603622e-17
3.891330176830293567e+03 1.289485204300897945e-17
3.893426941156389148e+03 1.308936149347553345e-17
3.895523705482484729e+03 1.323909376203756008e-17
3.897620469808580310e+03 1.363154216239216318e-17
3.899717234134675891e+03 1.399481600339753797e-17
3.901813998460771472e+03 1.380697229633078459e-17
3.903910762786867053e+03 1.454055561772057932e-17
3.906007527112962634e+03 1.518503797433746770e-17
3.908104291439058215e+03 1.543866258238342056e-17
3.910201055765153797e+03 1.572446384193759406e-17
3.912297820091249378e+03 1.595541346046634918e-17
3.914394584417344959e+03 1.582563268742373713e-17
3.916491348743440540e+03 1.549356190845584334e-17
3.918588113069536121e+03 1.488129322727054009e-17
3.920684877395631702e+03 1.405319889745898210e-17
3.922781641721727283e+03 1.367720247023490471e-17
3.924878406047822864e+03 1.361933269968217456e-17
3.926975170373918445e+03 1.342567835085561055e-17
3.929071934700014026e+03 1.339233547750171741e-17
3.931168699026109607e+03 1.307774175238213362e-17
3.933265463352205188e+03 1.297352556027333060e-17
3.935362227678300769e+03 1.299035306466421768e-17
3.937458992004396350e+03 1.324665463531604631e-17
3.939555756330491931e+03 1.353740387669993394e-17
3.941652520656587512e+03 1.372179737035428718e-17
3.943749284982683093e+03 1.403114461521644458e-17
3.945846049308778674e+03 1.424932630483688161e-17
3.947942813634874256e+03 1.421118023256807791e-17
3.950039577960969837e+03 1.391103958647138963e-17
3.952136342287065418e+03 1.407513983434458907e-17
3.954233106613160999e+03 1.462747376339580908e-17
3.956329870939256580e+03 1.473212576919808542e-17
3.958426635265352161e+03 1.497762910272463434e-17
3.960523399591447742e+03 1.480743347528081405e-17
3.962620163917543323e+03 1.467067411301703932e-17
3.964716928243638904e+03 1.436686887632404041e-17
3.966813692569734485e+03 1.412245728351563208e-17
3.968910456895829611e+03 1.402328200570935102e-17
3.971007221221925192e+03 1.437225024978279227e-17
3.973103985548020773e+03 1.451764168064305004e-17
3.975200749874116354e+03 1.533845913440620622e-17
3.977297514200211936e+03 1.556917575946924540e-17
3.979394278526307517e+03 1.612271334242739467e-17
3.981491042852403098e+03 1.657923497973722193e-17
3.983587807178498679e+03 1.653645353828520560e-17
3.985684571504594260e+03 1.653346191946299843e-17
3.987781335830689841e+03 1.673453734174132212e-17
3.989878100156785422e+03 1.627365078720790543e-17
3.991974864482881003e+03 1.668125971722138415e-17
3.994071628808976584e+03 1.731836186507954657e-17
3.996168393135072165e+03 1.721385723707942616e-17
3.998265157461167746e+03 1.735378177324840429e-17
4.000361921787263327e+03 1.657081072533947030e-17
4.002458686113358908e+03 1.677040926042122875e-17
4.004555450439454489e+03 1.738604376296502257e-17
4.006652214765550070e+03 1.799886380663294779e-17
4.008748979091645651e+03 1.807665670541444542e-17
4.010845743417741232e+03 1.848884591628907177e-17
4.012942507743836813e+03 1.843449116487102148e-17
4.015039272069932395e+03 1.846344826534009349e-17
4.017136036396027976e+03 1.943642693732814109e-17
4.019232800722123557e+03 1.981990239194426441e-17
4.021329565048219138e+03 2.020605032886839114e-17
4.023426329374314719e+03 2.123704491731724512e-17
4.025523093700410300e+03 2.065801988666642916e-17
4.027619858026505881e+03 1.984728200366781826e-17
4.029716622352601462e+03 1.917697641163544567e-17
4.031813386678697043e+03 1.860466795124351296e-17
4.033910151004792624e+03 1.867658708206213991e-17
4.036006915330888205e+03 1.881781715778496413e-17
4.038103679656983786e+03 1.894435542536708854e-17
4.040200443983079367e+03 2.109652937819708020e-17
4.042297208309174948e+03 2.857639568719324138e-17
4.044393972635270529e+03 3.536847974068492674e-17
4.046490736961366110e+03 3.945190779140696923e-17
4.048587501287461691e+03 3.804531929887837551e-17
4.050684265613557272e+03 3.180023126406642710e-17
4.052781029939652853e+03 2.455623855428267371e-17
4.054877794265748435e+03 2.072000077027097959e-17
4.056974558591844016e+03 1.921001862201562731e-17
4.059071322917939597e+03 1.984186429946768016e-17
4.061168087244035178e+03 1.942238498090097681e-17
4.063264851570130759e+03 1.961867800202646984e-17
4.065361615896226340e+03 1.943135077971552002e-17
4.067458380222321921e+03 1.902699646861126918e-17
4.069555144548417502e+03 1.889742875998715807e-17
4.071651908874513083e+03 1.919818292430431322e-17
4.073748673200608664e+03 1.991038998548275326e-17
4.075845437526704245e+03 1.994293208569476921e-17
4.077942201852799826e+03 2.114283494176659414e-17
4.080038966178895407e+03 2.102990580621252787e-17
4.082135730504990988e+03 2.018005598151257871e-17
4.084232494831086569e+03 1.982789528075930627e-17
4.086329259157182150e+03 1.945178155469904410e-17
4.088426023483277731e+03 1.921535654699099957e-17
4.090522787809373312e+03 1.813012945735518303e-17
4.092619552135468894e+03 1.762936598421379088e-17
4.094716316461564475e+03 1.744982833362816901e-17
4.096813080787660510e+03 1.734439627925183042e-17
4.098909845113756091e+03 1.645027649464602504e-17
4.101006609439851673e+03 1.649279101944792843e-17
4.103103373765947254e+03 1.651052467837858034e-17
4.105200138092042835e+03 1.645015173502472273e-17
4.107296902418138416e+03 1.727912825880301253e-17
4.109393666744233997e+03 1.720616673843170364e-17
4.111490431070329578e+03 1.707879355775703789e-17
4.113587195396425159e+03 1.737106444232626632e-17
4.115683959722520740e+03 1.702017664733515190e-17
4.117780724048616321e+03 1.697307625830417454e-17
4.119877488374711902e+03 1.722639470945206426e-17
4.121974252700807483e+03 1.792898456935196052e-17
4.124071017026903064e+03 1.744300477762788329e-17
4.126167781352998645e+03 1.776717200651757526e-17
4.128264545679094226e+03 1.872274385644149919e-17
4.130361310005189807e+03 1.860121417151290096e-17
4.132458074331285388e+03 1.871864409288988614e-17
4.134554838657380969e+03 1.859063703922673323e-17
4.136651602983476550e+03 1.871790863330169196e-17
4.138748367309572131e+03 1.900567137626273098e-17
4.140845131635667713e+03 1.862999089553744582e-17
4.142941895961763294e+03 1.831920741273783883e-17
4.145038660287858875e+03 1.849088771297981637e-17
4.147135424613954456e+03 1.796994724820010353e-17
4.149232188940050037e+03 1.779192129539127305e-17
4.151328953266145618e+03 1.845775753838268569e-17
4.153425717592241199e+03 1.890499276036967753e-17
4.155522481918336780e+03 1.904413231339774061e-17
4.157619246244432361e+03 1.881034350825014031e-17
4.159716010570527942e+03 1.992324900812276015e-17
4.161812774896623523e+03 2.018324560792581760e-17
4.163909539222719104e+03 2.065610127600482629e-17
4.166006303548814685e+03 2.115929101018334776e-17
4.168103067874910266e+03 1.985602631918722559e-17
4.170199832201005847e+03 2.003798168802464525e-17
4.172296596527101428e+03 1.950200221876429824e-17
4.174393360853197009e+03 1.984496423093205139e-17
4.176490125179292590e+03 1.928111043939414941e-17
4.178586889505388172e+03 1.905955886027405356e-17
4.180683653831483753e+03 1.848457328622010685e-17
4.182780418157579334e+03 1.758030595184859799e-17
4.184877182483674915e+03 1.757516990526857306e-17
4.186973946809770496e+03 1.840367272093946200e-17
4.189070711135866077e+03 1.792837930439865760e-17
4.191167475461961658e+03 1.784100625921024813e-17
4.193264239788057239e+03 1.766102369698909934e-17
4.195361004114152820e+03 1.768017324426704935e-17
4.197457768440248401e+03 1.709839062611108902e-17
4.199554532766343982e+03 1.704545227909261215e-17
4.201651297092439563e+03 1.743163701375529768e-17
4.203748061418535144e+03 1.757898821444892345e-17
4.205844825744630725e+03 1.750515286780382167e-17
4.207941590070726306e+03 1.807966232140911868e-17
4.210038354396821887e+03 1.902034613865274676e-17
4.212135118722917468e+03 1.934149857766941726e-17
4.214231883049013049e+03 1.826717265478747929e-17
4.216328647375108631e+03 1.755177252470885345e-17
4.218425411701204212e+03 1.744745792541921136e-17
4.220522176027299793e+03 1.768656138504632824e-17
4.222618940353395374e+03 1.781308820896070813e-17
4.224715704679490955e+03 1.784697399884764470e-17
4.226812469005586536e+03 1.781454970811821457e-17
4.228909233331682117e+03 1.794333303394993248e-17
4.231005997657777698e+03 1.830294710281725387e-17
4.233102761983873279e+03 1.843805721116206981e-17
4.235199526309968860e+03 1.824026949831595317e-17
4.237296290636064441e+03 1.859417017003225821e-17
4.239393054962160022e+03 1.864103014116564713e-17
4.241489819288255603e+03 1.882873980614998145e-17
4.243586583614351184e+03 1.899471412051890776e-17
4.245683347940446765e+03 2.039864970685125618e-17
4.247780112266542346e+03 2.008037839847340617e-17
4.249876876592637927e+03 1.905302255479599567e-17
4.251973640918733508e+03 1.861462982351180154e-17
4.254070405244829089e+03 1.880920823929579023e-17
4.256167169570924671e+03 1.850109157617820030e-17
4.258263933897020252e+03 1.890556345301758367e-17
4.260360698223115833e+03 1.833627458475609480e-17
4.262457462549211414e+03 1.767851208012691699e-17
4.264554226875306995e+03 1.842818236703107758e-17
4.266650991201402576e+03 1.893720002084968429e-17
4.268747755527498157e+03 1.810190871322142404e-17
4.270844519853593738e+03 1.832642763009510659e-17
4.272941284179689319e+03 1.831682814510220252e-17
4.275038048505784900e+03 1.790256056717976813e-17
4.277134812831880481e+03 1.858248083522419431e-17
4.279231577157976062e+03 1.863928246346752402e-17
4.281328341484071643e+03 1.845188839612193920e-17
4.283425105810167224e+03 1.860504104022206313e-17
4.285521870136262805e+03 1.861551696945953070e-17
4.287618634462358386e+03 1.782303273211056410e-17
4.289715398788453967e+03 1.786820203385003760e-17
4.291812163114549548e+03 1.792542009186722931e-17
4.293908927440645130e+03 1.784138457902301983e-17
4.296005691766740711e+03 1.830965117197391272e-17
4.298102456092836292e+03 1.767786715329447064e-17
4.300199220418931873e+03 1.687141709049050292e-17
4.302295984745027454e+03 1.711429153468278913e-17
4.304392749071123035e+03 1.774789192360823085e-17
4.306489513397218616e+03 1.800877606370573063e-17
4.308586277723314197e+03 1.789485636194949784e-17
4.310683042049409778e+03 1.874155637777795829e-17
4.312779806375505359e+03 1.960021428596655940e-17
4.314876570701600940e+03 1.973541461766566718e-17
4.316973335027696521e+03 2.022149244770237194e-17
4.319070099353792102e+03 2.066458138065904762e-17
4.321166863679887683e+03 1.987167119060009054e-17
4.323263628005983264e+03 1.839923842887341688e-17
4.325360392332078845e+03 1.815872596778456145e-17
4.327457156658174426e+03 1.830188460200418504e-17
4.329553920984270007e+03 1.837712482594350115e-17
4.331650685310365589e+03 1.789362495858429422e-17
4.333747449636461170e+03 1.754691238191443531e-17
4.335844213962556751e+03 1.827546204474788640e-17
4.337940978288652332e+03 1.844679822822317657e-17
4.340037742614747913e+03 1.807255385682725671e-17
4.342134506940843494e+03 1.893958054993506017e-17
4.344231271266939075e+03 2.058606137074178312e-17
4.346328035593034656e+03 2.075027350633576668e-17
4.348424799919130237e+03 2.118606951150387262e-17
4.350521564245225818e+03 2.267815981983318673e-17
4.352618328571321399e+03 3.399165128135183787e-17
4.354715092897416980e+03 5.220985176496877883e-17
4.356811857223512561e+03 6.499661229565834196e-17
4.358908621549608142e+03 6.729338169268062451e-17
4.361005385875703723e+03 5.288826818985854621e-17
4.363102150201799304e+03 3.636027693425703113e-17
4.365198914527894885e+03 2.645603588404510693e-17
4.367295678853990466e+03 2.275617183203502780e-17
4.369392443180086048e+03 2.166557946156388609e-17
4.371489207506181629e+03 2.115756881945505660e-17
4.373585971832277210e+03 2.102728696097943674e-17
4.375682736158372791e+03 2.072843184515588688e-17
4.377779500484468372e+03 2.003878119743424619e-17
4.379876264810563953e+03 1.923607843920260497e-17
4.381973029136659534e+03 1.951515935811074722e-17
4.384069793462755115e+03 1.934994461595174284e-17
4.386166557788850696e+03 1.846382713011654757e-17
4.388263322114946277e+03 1.838539588689087667e-17
4.390360086441041858e+03 1.878828905145007330e-17
4.392456850767137439e+03 1.871639710537977444e-17
4.394553615093233020e+03 1.856710125356206767e-17
4.396650379419328601e+03 1.911530397019520476e-17
4.398747143745424182e+03 1.878048533917758936e-17
4.400843908071519763e+03 1.927102009288998746e-17
4.402940672397615344e+03 1.974913952084307398e-17
4.405037436723710925e+03 1.924428221154613695e-17
4.407134201049806506e+03 1.973905660671320560e-17
4.409230965375902088e+03 2.007944005445588810e-17
4.411327729701997669e+03 1.980992831603652177e-17
4.413424494028093250e+03 2.036064360422146057e-17
4.415521258354188831e+03 2.030478036473980249e-17
4.417618022680284412e+03 1.988946366266023485e-17
4.419714787006379993e+03 1.942369470320498833e-17
4.421811551332475574e+03 1.927895251046530582e-17
4.423908315658571155e+03 1.883138966858660232e-17
4.426005079984666736e+03 1.876585540337467624e-17
4.428101844310762317e+03 1.933316061502348169e-17
4.430198608636857898e+03 1.857608312684448088e-17
4.432295372962953479e+03 1.801478598275915963e-17
4.434392137289049060e+03 1.834548226155120063e-17
4.436488901615144641e+03 1.850475438039004243e-17
4.438585665941240222e+03 1.897546392772931968e-17
4.440682430267335803e+03 1.871949598069695736e-17
4.442779194593431384e+03 1.851452448125666408e-17
4.444875958919526965e+03 1.855415955777581522e-17
4.446972723245622547e+03 1.831874437844976494e-17
4.449069487571718128e+03 1.854105914167160766e-17
4.451166251897813709e+03 1.821273798114913801e-17
4.453263016223909290e+03 1.782310990454872725e-17
4.455359780550004871e+03 1.737670391753000549e-17
4.457456544876100452e+03 1.750403016102307320e-17
4.459553309202196033e+03 1.760116763719029896e-17
4.461650073528291614e+03 1.739124576087255319e-17
4.463746837854387195e+03 1.773527497590622792e-17
4.465843602180482776e+03 1.767721545862342695e-17
4.467940366506578357e+03 1.768865964942497672e-17
4.470037130832673938e+03 1.776531311491552545e-17
4.472133895158769519e+03 1.767386301374140303e-17
4.474230659484865100e+03 1.795749253793416849e-17
4.476327423810960681e+03 1.819833665743312606e-17
4.478424188137056262e+03 1.777580493222785306e-17
4.480520952463151843e+03 1.758814013908927253e-17
4.482617716789247424e+03 1.879742881185056152e-17
4.484714481115343006e+03 1.829474960441096846e-17
4.486811245441438587e+03 1.740757534972214097e-17
4.488908009767534168e+03 1.849175266954369422e-17
4.491004774093629749e+03 1.787660611472102105e-17
4.493101538419725330e+03 1.791010560047614225e-17
4.495198302745820911e+03 1.836039280951900972e-17
4.497295067071916492e+03 1.822629023748040802e-17
4.499391831398012073e+03 1.831373121666925743e-17
4.501488595724107654e+03 1.789846258844362856e-17
4.503585360050203235e+03 1.807000069496545422e-17
4.505682124376298816e+03 1.847790793169586074e-17
4.507778888702394397e+03 1.810497515026023327e-17
4.509875653028489978e+03 1.773447526396326099e-17
4.511972417354585559e+03 1.740722147343032539e-17
4.514069181680681140e+03 1.795225436894351590e-17
4.516165946006776721e+03 1.806610357904522813e-17
4.518262710332872302e+03 1.748557431259362709e-17
4.520359474658967883e+03 1.788055118186061988e-17
4.522456238985063464e+03 1.793822624152087357e-17
4.524553003311159046e+03 1.759955903842620040e-17
4.526649767637254627e+03 1.796797521003516522e-17
4.528746531963350208e+03 1.751364523157562241e-17
4.530843296289445789e+03 1.715580367661802171e-17
4.532940060615541370e+03 1.736923207544477550e-17
4.535036824941636951e+03 1.715400315216741353e-17
4.537133589267732532e+03 1.706889499872017590e-17
4.539230353593828113e+03 1.684710691697261616e-17
4.541327117919923694e+03 1.693207335050042691e-17
4.543423882246019275e+03 1.718908142580746494e-17
4.545520646572114856e+03 1.677124331556103099e-17
4.547617410898210437e+03 1.663858397170934513e-17
4.549714175224306018e+03 1.645776399786033288e-17
4.551810939550401599e+03 1.659222515669013691e-17
4.553907703876497180e+03 1.632199941588825385e-17
4.556004468202592761e+03 1.618713105786415324e-17
4.558101232528688342e+03 1.622946771498869186e-17
4.560197996854783923e+03 1.567477661540449165e-17
4.562294761180879505e+03 1.594251882849316634e-17
4.564391525506975086e+03 1.576134259756267859e-17
4.566488289833070667e+03 1.588059477647670875e-17
4.568585054159166248e+03 1.615623982320595672e-17
4.570681818485261829e+03 1.579929622466510906e-17
4.572778582811357410e+03 1.631434114053927377e-17
4.574875347137452991e+03 1.716609413424345211e-17
4.576972111463548572e+03 1.658887261807695137e-17
4.579068875789644153e+03 1.649372347965098512e-17
4.581165640115739734e+03 1.687003314137623527e-17
4.583262404441835315e+03 1.698354530277620786e-17
4.585359168767930896e+03 1.669142408048608018e-17
4.587455933094026477e+03 1.657109052729157554e-17
4.589552697420122058e+03 1.683309300453171524e-17
4.591649461746217639e+03 1.735374402759626542e-17
4.593746226072313220e+03 1.699146770149679096e-17
4.595842990398408801e+03 1.690970580991181343e-17
4.597939754724504382e+03 1.680528225930848092e-17
4.600036519050599964e+03 1.696675983807507257e-17
4.602133283376695545e+03 1.773426588992981969e-17
4.604230047702791126e+03 1.764773645749371269e-17
4.606326812028886707e+03 1.774017568327688862e-17
4.608423576354982288e+03 1.802940387683065880e-17
4.610520340681077869e+03 1.816432883514775015e-17
4.612617105007173450e+03 1.753151006448307815e-17
4.614713869333269031e+03 1.767048750461981060e-17
4.616810633659364612e+03 1.783930805640256503e-17
4.618907397985460193e+03 1.760328250988516615e-17
4.621004162311555774e+03 1.779805208252484050e-17
4.623100926637651355e+03 1.737233319653135368e-17
4.625197690963746936e+03 1.825846606531322094e-17
4.627294455289842517e+03 1.844179486793687376e-17
4.629391219615938098e+03 1.783142381474140242e-17
4.631487983942033679e+03 1.741564839916143910e-17
4.633584748268129260e+03 1.744191394638149299e-17
4.635681512594224841e+03 1.775013514832433822e-17
4.637778276920320423e+03 1.781612571259155609e-17
4.639875041246416004e+03 1.769872323697758381e-17
4.641971805572511585e+03 1.744158731171385063e-17
4.644068569898607166e+03 1.793466141259964138e-17
4.646165334224702747e+03 1.813684066429075125e-17
4.648262098550798328e+03 1.816630564325501241e-17
4.650358862876893909e+03 1.760909664840396701e-17
4.652455627202989490e+03 1.795713847814969485e-17
4.654552391529085071e+03 1.854167908825294167e-17
4.656649155855180652e+03 1.860304069021211188e-17
4.658745920181276233e+03 1.969832445209650527e-17
4.660842684507371814e+03 1.968773541535273274e-17
4.662939448833467395e+03 1.967139404284384138e-17
4.665036213159562976e+03 2.023471969778429507e-17
4.667132977485658557e+03 2.008129840733491567e-17
4.669229741811754138e+03 2.121204978837627040e-17
4.671326506137849719e+03 2.128101517152454097e-17
4.673423270463945300e+03 2.008078672986151064e-17
4.675520034790040881e+03 1.980319029863251064e-17
4.677616799116136463e+03 1.921303382911145306e-17
4.679713563442232044e+03 1.912444106822812028e-17
4.681810327768327625e+03 1.937293252048276405e-17
4.683907092094423206e+03 1.830804716615868625e-17
4.686003856420518787e+03 1.817589034003613044e-17
4.688100620746614368e+03 1.831228811001495831e-17
4.690197385072709949e+03 1.806963305066769374e-17
4.692294149398805530e+03 1.803144702701395736e-17
4.694390913724901111e+03 1.753739089121001079e-17
4.696487678050996692e+03 1.789899768809193026e-17
4.698584442377092273e+03 1.769876284101666297e-17
4.700681206703187854e+03 1.758993876072381661e-17
4.702777971029283435e+03 1.739984945247549861e-17
4.704874735355379016e+03 1.689678161396960373e-17
4.706971499681474597e+03 1.772191180544217026e-17
4.709068264007570178e+03 1.765972039082443803e-17
4.711165028333665759e+03 1.809110389631490400e-17
4.713261792659761340e+03 1.745280405465138492e-17
4.715358556985856922e+03 1.791195718673808970e-17
4.717455321311952503e+03 1.759944480665423207e-17
4.719552085638048084e+03 1.727586883124120559e-17
4.721648849964143665e+03 1.727265089741471578e-17
4.723745614290239246e+03 1.770600195202613605e-17
4.725842378616334827e+03 1.852508308448980783e-17
4.727939142942430408e+03 1.896300431736999683e-17
4.730035907268525989e+03 1.878106651696178939e-17
4.732132671594621570e+03 1.873896449426240954e-17
4.734229435920717151e+03 1.894730921535823319e-17
4.736326200246812732e+03 1.930802193164951441e-17
4.738422964572908313e+03 1.963965610876699094e-17
4.740519728899003894e+03 2.015878114310403300e-17
4.742616493225099475e+03 2.060025320564724911e-17
4.744713257551195056e+03 1.928365499863004184e-17
4.746810021877290637e+03 1.844423962744542890e-17
4.748906786203386218e+03 1.894508576343807127e-17
4.751003550529481799e+03 1.839631805099979144e-17
4.753100314855577381e+03 1.724997884999126657e-17
4.755197079181672962e+03 1.687008209851258046e-17
4.757293843507768543e+03 1.702530143436600836e-17
4.759390607833864124e+03 1.687220036936346544e-17
4.761487372159959705e+03 1.612700627689073618e-17
4.763584136486055286e+03 1.607401862573777571e-17
4.765680900812150867e+03 1.642603256196645603e-17
4.767777665138246448e+03 1.599353745706381996e-17
4.769874429464342029e+03 1.575368262793580037e-17
4.771971193790437610e+03 1.636442091316953426e-17
4.774067958116533191e+03 1.688701449996610615e-17
4.776164722442627863e+03 1.647396702186749494e-17
4.778261486768723444e+03 1.654422287669288814e-17
4.780358251094819025e+03 1.670514172621856604e-17
4.782455015420914606e+03 1.635917592271379734e-17
4.784551779747010187e+03 1.566798686265666510e-17
4.786648544073105768e+03 1.580263125864693544e-17
4.788745308399201349e+03 1.636619916963993751e-17
4.790842072725296930e+03 1.557002708624997483e-17
4.792938837051392511e+03 1.606699926976705785e-17
4.795035601377488092e+03 1.647385524601509428e-17
4.797132365703583673e+03 1.669116278398190171e-17
4.799229130029679254e+03 1.592631537727567242e-17
4.801325894355774835e+03 1.633390654584320909e-17
4.803422658681870416e+03 1.674958194725335036e-17
4.805519423007965997e+03 1.610672440968489148e-17
4.807616187334061578e+03 1.648940129955660956e-17
4.809712951660157159e+03 1.684532405961691324e-17
4.811809715986252741e+03 1.620490362332919791e-17
4.813906480312348322e+03 1.673509301332448467e-17
4.816003244638443903e+03 1.701994919462904656e-17
4.818100008964539484e+03 1.755767064700784114e-17
4.820196773290635065e+03 1.775169523548284591e-17
4.822293537616730646e+03 1.745097048054102049e-17
4.824390301942826227e+03 1.738118228387991746e-17
4.826487066268921808e+03 1.797638019413436380e-17
4.828583830595017389e+03 1.783175365319893994e-17
4.830680594921112970e+03 1.721405706035303244e-17
4.832777359247208551e+03 1.755368227171236474e-17
4.834874123573304132e+03 1.875294012387470499e-17
4.836970887899399713e+03 1.869840571221800663e-17
4.839067652225495294e+03 1.801029164062498339e-17
4.841164416551590875e+03 1.792680474043065462e-17
4.843261180877686456e+03 1.867509950989465110e-17
4.845357945203782037e+03 1.845900796898992645e-17
4.847454709529877618e+03 1.741644957421068346e-17
4.849551473855973200e+03 1.725475686456861502e-17
4.851648238182068781e+03 1.773433196586050922e-17
4.853745002508164362e+03 1.790628617393416211e-17
4.855841766834259943e+03 1.718654714210425750e-17
4.857938531160355524e+03 1.683201872572880295e-17
4.860035295486451105e+03 1.735970451185894318e-17
4.862132059812546686e+03 1.783607176282767923e-17
4.864228824138642267e+03 1.781098863455040443e-17
4.866325588464737848e+03 1.744043835871006814e-17
4.868422352790833429e+03 1.731946103883281508e-17
4.870519117116929010e+03 1.704813304686919875e-17
4.872615881443024591e+03 1.756744218728839378e-17
4.874712645769120172e+03 1.745148978315872345e-17
4.876809410095215753e+03 1.757816193528351944e-17
4.878906174421311334e+03 1.734520856965200722e-17
4.881002938747406915e+03 1.726414169265903788e-17
4.883099703073502496e+03 1.765169926793254692e-17
4.885196467399598077e+03 1.792377592027762397e-17
4.887293231725693659e+03 1.703153470525208570e-17
4.889389996051789240e+03 1.683421554891730507e-17
4.891486760377884821e+03 1.739476021821810899e-17
4.893583524703980402e+03 1.741877550353162909e-17
4.895680289030075983e+03 1.703447757718045996e-17
4.897777053356171564e+03 1.756190050602370439e-17
4.899873817682267145e+03 1.701558465713624481e-17
4.901970582008362726e+03 1.739849851495004839e-17
4.904067346334458307e+03 1.743700250505269422e-17
4.906164110660553888e+03 1.711013081859931309e-17
4.908260874986649469e+03 1.716274619381416138e-17
4.910357639312745050e+03 1.701120584444778237e-17
4.912454403638840631e+03 1.694002966983801605e-17
4.914551167964936212e+03 1.717385895099250077e-17
4.916647932291031793e+03 1.729906610263444485e-17
4.918744696617127374e+03 1.695789855894234916e-17
4.920841460943222955e+03 1.710129163750056695e-17
4.922938225269318536e+03 1.646841221928266532e-17
4.925034989595414118e+03 1.650117434881004719e-17
4.927131753921509699e+03 1.685160894951435112e-17
4.929228518247605280e+03 1.635227696440628405e-17
4.931325282573700861e+03 1.562381354737464451e-17
4.933422046899796442e+03 1.626671567266138292e-17
4.935518811225892023e+03 1.724363217271018003e-17
4.937615575551987604e+03 1.708127202865405655e-17
4.939712339878083185e+03 1.650886565737238642e-17
4.941809104204178766e+03 1.639150761663015394e-17
4.943905868530274347e+03 1.690075974418006567e-17
4.946002632856369928e+03 1.701875813844425956e-17
4.948099397182465509e+03 1.677543030383790210e-17
4.950196161508561090e+03 1.693738489003256189e-17
4.952292925834656671e+03 1.721207345576151639e-17
4.954389690160752252e+03 1.705842128818713027e-17
4.956486454486847833e+03 1.648513735051913033e-17
4.958583218812943414e+03 1.700618475748653555e-17
4.960679983139038995e+03 1.751472508521848947e-17
4.962776747465134576e+03 1.742614652657117691e-17
4.964873511791230158e+03 1.746792271094467078e-17
4.966970276117325739e+03 1.722442143624608289e-17
4.969067040443421320e+03 1.830311442851874875e-17
4.971163804769516901e+03 1.878633099302804908e-17
4.973260569095612482e+03 2.052780395609868947e-17
4.975357333421708063e+03 2.141122761023267748e-17
4.977454097747803644e+03 2.262715180784631595e-17
4.979550862073899225e+03 2.302262994139173031e-17
4.981647626399994806e+03 2.339382277873322035e-17
4.983744390726090387e+03 2.287985101274590174e-17
4.985841155052185968e+03 2.262754833451430561e-17
4.987937919378281549e+03 2.186583692991559272e-17
4.990034683704377130e+03 2.080296628683005067e-17
4.992131448030472711e+03 1.969706145637597274e-17
4.994228212356568292e+03 1.882382335949671451e-17
4.996324976682663873e+03 1.807172498981507004e-17
4.998421741008759454e+03 1.820810915443811402e-17
5.000518505334855035e+03 1.731945878505566812e-17
5.002615269660950617e+03 1.704549092751696142e-17
5.004712033987046198e+03 1.681583124881254870e-17
5.006808798313141779e+03 1.664600966293086283e-17
5.008905562639237360e+03 1.652073766185937843e-17
5.011002326965332941e+03 1.601879570033442982e-17
5.013099091291428522e+03 1.579841090029213529e-17
5.015195855617524103e+03 1.567961802760494382e-17
5.017292619943619684e+03 1.570451590536364186e-17
5.019389384269715265e+03 1.597168592989989115e-17
5.021486148595810846e+03 1.584858480585711900e-17
5.023582912921906427e+03 1.549804151324306951e-17
5.025679677248002008e+03 1.585014868600668721e-17
5.027776441574097589e+03 1.632089500053474763e-17
5.029873205900193170e+03 1.639972843524105534e-17
5.031969970226288751e+03 1.599459883707770520e-17
5.034066734552384332e+03 1.609015247148089735e-17
5.036163498878479913e+03 1.575057543630644800e-17
5.038260263204575494e+03 1.470383323879561120e-17
5.040357027530671076e+03 1.527387323383821646e-17
5.042453791856766657e+03 1.531191998440195388e-17
5.044550556182862238e+03 1.527813099088813643e-17
5.046647320508957819e+03 1.550206539353952692e-17
5.048744084835053400e+03 1.532811220181129754e-17
5.050840849161148981e+03 1.555220195469853328e-17
5.052937613487244562e+03 1.547499303531686827e-17
5.055034377813340143e+03 1.556468758107960226e-17
5.057131142139435724e+03 1.478456699097927677e-17
5.059227906465531305e+03 1.561936797881303158e-17
5.061324670791626886e+03 1.632957374501626787e-17
5.063421435117722467e+03 1.664719792401585730e-17
5.065518199443818048e+03 1.623371912171124606e-17
5.067614963769913629e+03 1.618387795051637376e-17
5.069711728096009210e+03 1.589128832049275792e-17
5.071808492422104791e+03 1.595994629250856053e-17
5.073905256748200372e+03 1.591267728211842786e-17
5.076002021074295953e+03 1.556785431127940671e-17
5.078098785400391534e+03 1.724962245756417676e-17
5.080195549726487116e+03 1.876816106484404959e-17
5.082292314052582697e+03 2.026449582259738273e-17
5.084389078378678278e+03 2.095052482053491258e-17
5.086485842704773859e+03 2.007288760755117232e-17
5.088582607030869440e+03 1.777999623556968799e-17
5.090679371356965021e+03 1.699953373828974470e-17
5.092776135683060602e+03 1.665206392954188062e-17
5.094872900009156183e+03 1.640472398045016947e-17
5.096969664335251764e+03 1.660499255708273204e-17
5.099066428661347345e+03 1.648449679422419874e-17
5.101163192987442926e+03 1.605282900069280891e-17
5.103259957313538507e+03 1.563653058864011188e-17
5.105356721639634088e+03 1.540076381432768034e-17
5.107453485965729669e+03 1.475974105047749308e-17
5.109550250291825250e+03 1.428700787823598230e-17
5.111647014617920831e+03 1.450366669912266067e-17
5.113743778944016412e+03 1.454805798232095162e-17
5.115840543270111993e+03 1.461145228393684875e-17
5.117937307596207575e+03 1.485400151190335612e-17
5.120034071922303156e+03 1.472183127054399514e-17
5.122130836248398737e+03 1.467951145237451285e-17
5.124227600574494318e+03 1.459828394496331520e-17
5.126324364900589899e+03 1.457394020581891123e-17
5.128421129226685480e+03 1.496703631889914247e-17
5.130517893552781061e+03 1.475887811050675489e-17
5.132614657878876642e+03 1.482974228198470468e-17
5.134711422204972223e+03 1.517086267998984805e-17
5.136808186531067804e+03 1.483071705110517831e-17
5.138904950857163385e+03 1.470571898081451012e-17
5.141001715183258966e+03 1.500736260032388769e-17
5.143098479509354547e+03 1.517664433156513473e-17
5.145195243835450128e+03 1.606741778627504449e-17
5.147292008161545709e+03 1.653401424968127513e-17
5.149388772487641290e+03 1.650439202261721900e-17
5.151485536813736871e+03 1.672921503499563152e-17
5.153582301139832452e+03 1.759498169510058426e-17
5.155679065465928034e+03 1.733376641220889124e-17
5.157775829792023615e+03 1.634362298994384710e-17
5.159872594118119196e+03 1.572011602814342778e-17
5.161969358444214777e+03 1.532920655317066481e-17
5.164066122770310358e+03 1.497105453228135332e-17
5.166162887096405939e+03 1.456106891100899263e-17
5.168259651422501520e+03 1.427486572207945500e-17
5.170356415748597101e+03 1.388466488061751758e-17
5.172453180074692682e+03 1.474514445806268216e-17
5.174549944400788263e+03 1.453257841484529226e-17
5.176646708726883844e+03 1.422397626536626048e-17
5.178743473052979425e+03 1.423010145697268309e-17
5.180840237379075006e+03 1.448626416064952535e-17
5.182937001705170587e+03 1.395557088223305107e-17
5.185033766031266168e+03 1.394204264547812000e-17
5.187130530357361749e+03 1.460725667474430591e-17
5.189227294683457330e+03 1.470548846401563169e-17
5.191324059009552911e+03 1.469578928679378945e-17
5.193420823335648493e+03 1.521026901015090303e-17
5.195517587661744074e+03 1.564544054535964171e-17
5.197614351987839655e+03 1.642784431688236401e-17
5.199711116313935236e+03 1.686638843820985812e-17
5.201807880640030817e+03 1.603736954775376514e-17
5.203904644966126398e+03 1.519376489094167789e-17
5.206001409292221979e+03 1.501536756795957574e-17
5.208098173618317560e+03 1.550452665735368684e-17
5.210194937944413141e+03 1.545100765934991890e-17
5.212291702270508722e+03 1.473355109267180536e-17
5.214388466596604303e+03 1.499687703580671809e-17
5.216485230922699884e+03 1.534167588037487202e-17
5.218581995248795465e+03 1.540581846263806488e-17
5.220678759574891046e+03 1.489922115166334600e-17
5.222775523900986627e+03 1.457919324813528153e-17
5.224872288227082208e+03 1.514914275652358625e-17
5.226969052553177789e+03 1.492065742138046996e-17
5.229065816879273370e+03 1.497245771325269553e-17
5.231162581205368951e+03 1.522243579499973743e-17
5.233259345531464533e+03 1.416682296678933215e-17
5.235356109857560114e+03 1.417867556745991979e-17
5.237452874183655695e+03 1.480565101188652738e-17
5.239549638509751276e+03 1.519721834837170393e-17
5.241646402835846857e+03 1.465832329208920198e-17
5.243743167161942438e+03 1.437825948675510601e-17
5.245839931488038019e+03 1.475570427947399953e-17
5.247936695814133600e+03 1.417360204537427664e-17
5.250033460140229181e+03 1.349889370007922661e-17
5.252130224466324762e+03 1.430234490451168399e-17
5.254226988792420343e+03 1.515290907196028844e-17
5.256323753118515924e+03 1.477107607655759431e-17
5.258420517444611505e+03 1.445753257750173423e-17
5.260517281770707086e+03 1.400630473885208226e-17
5.262614046096802667e+03 1.404737676105511816e-17
5.264710810422898248e+03 1.392683468128775931e-17
5.266807574748993829e+03 1.345043101024099610e-17
5.268904339075089410e+03 1.308185248197117467e-17
5.271001103401184992e+03 1.361084121579926393e-17
5.273097867727280573e+03 1.395691223911432256e-17
5.275194632053376154e+03 1.398785197356404584e-17
5.277291396379471735e+03 1.415197224319158183e-17
5.279388160705567316e+03 1.451975050422053127e-17
5.281484925031662897e+03 1.433596751047016975e-17
5.283581689357758478e+03 1.418068600190232369e-17
5.285678453683854059e+03 1.416809557127216455e-17
5.287775218009949640e+03 1.384277104367073605e-17
5.289871982336045221e+03 1.432820284387697951e-17
5.291968746662140802e+03 1.467984441090475679e-17
5.294065510988236383e+03 1.417269069417609124e-17
5.296162275314331964e+03 1.411405300008526872e-17
5.298259039640427545e+03 1.446465888021715664e-17
5.300355803966523126e+03 1.391834944432657671e-17
5.302452568292618707e+03 1.426243111123426637e-17
5.304549332618714288e+03 1.446999183020227704e-17
5.306646096944809869e+03 1.441105314572374988e-17
5.308742861270905451e+03 1.460063093635054931e-17
5.310839625597001032e+03 1.445774588594322895e-17
5.312936389923096613e+03 1.479972519319169214e-17
5.315033154249192194e+03 1.400641875338802754e-17
5.317129918575287775e+03 1.480837972259161408e-17
5.319226682901383356e+03 1.426059874048726468e-17
5.321323447227478937e+03 1.436662431912104136e-17
5.323420211553574518e+03 1.407201268305281994e-17
5.325516975879670099e+03 1.409158763207842875e-17
5.327613740205765680e+03 1.459876501101039341e-17
5.329710504531861261e+03 1.449469840166147966e-17
5.331807268857956842e+03 1.450173993417168923e-17
5.333904033184052423e+03 1.430623194951064177e-17
5.336000797510148004e+03 1.486123830869266974e-17
5.338097561836243585e+03 1.464234358971119484e-17
5.340194326162339166e+03 1.490836333551059907e-17
5.342291090488434747e+03 1.503807295917521500e-17
5.344387854814530328e+03 1.559918545526684380e-17
5.346484619140625909e+03 1.573296202821012612e-17
5.348581383466721491e+03 1.521459372223261102e-17
5.350678147792817072e+03 1.518470864249720413e-17
5.352774912118912653e+03 1.574204821465302701e-17
5.354871676445008234e+03 1.558276154583140681e-17
5.356968440771103815e+03 1.511443941445793741e-17
5.359065205097199396e+03 1.462308986444784192e-17
5.361161969423294977e+03 1.453197430261201962e-17
5.363258733749390558e+03 1.435089597011686583e-17
5.365355498075486139e+03 1.428001906821324569e-17
5.367452262401581720e+03 1.429296598109060098e-17
5.369549026727677301e+03 1.425256151835207268e-17
5.371645791053772882e+03 1.441075390754557406e-17
5.373742555379868463e+03 1.421083057430095018e-17
5.375839319705964044e+03 1.461469370537865076e-17
5.377936084032059625e+03 1.491194238081389938e-17
5.380032848358155206e+03 1.489085069723480468e-17
5.382129612684250787e+03 1.462787119330853682e-17
5.384226377010346368e+03 1.471235204685718908e-17
5.386323141336441950e+03 1.511221990662574079e-17
5.388419905662537531e+03 1.509520143540256673e-17
5.390516669988633112e+03 1.538458580130692721e-17
5.392613434314728693e+03 1.495802729304968290e-17
5.394710198640824274e+03 1.495916900970318425e-17
5.396806962966919855e+03 1.550897599591890421e-17
5.398903727293015436e+03 1.547756560816438171e-17
5.401000491619111017e+03 1.515627301604453958e-17
5.403097255945206598e+03 1.512314873718726238e-17
5.405194020271302179e+03 1.444547890420617218e-17
5.407290784597397760e+03 1.488999684393972728e-17
5.409387548923493341e+03 1.559696075591536728e-17
5.411484313249588922e+03 1.571973293025908044e-17
5.413581077575684503e+03 1.694797918487538843e-17
5.415677841901780084e+03 1.743320795519861371e-17
5.417774606227875665e+03 1.799199067603061656e-17
5.419871370553971246e+03 1.723037420676993500e-17
5.421968134880066827e+03 1.715526263781701126e-17
5.424064899206162409e+03 1.724682451762353564e-17
5.426161663532257990e+03 1.707204762918289470e-17
5.428258427858353571e+03 1.649917272202258251e-17
5.430355192184449152e+03 1.708547675886182527e-17
5.432451956510544733e+03 1.681327653251329937e-17
5.434548720836640314e+03 1.664366355769072803e-17
5.436645485162735895e+03 1.689288796205649011e-17
5.438742249488831476e+03 1.682321847108891900e-17
5.440839013814927057e+03 1.722955092119065434e-17
5.442935778141022638e+03 1.731851027513584090e-17
5.445032542467118219e+03 1.700714374336976972e-17
5.447129306793213800e+03 1.708924747968416992e-17
5.449226071119309381e+03 1.734731451089191960e-17
5.451322835445404962e+03 1.711685564312271775e-17
5.453419599771500543e+03 1.895654675120050832e-17
5.455516364097596124e+03 2.607627643268869026e-17
5.457613128423691705e+03 3.586438888416459141e-17
5.459709892749787286e+03 4.401541347857716898e-17
5.461806657075882868e+03 4.478861089012999985e-17
5.463903421401978449e+03 3.609850057907608266e-17
5.466000185728074030e+03 2.591199054327123134e-17
5.468096950054169611e+03 2.000067980493304450e-17
5.470193714380265192e+03 1.814593699138819377e-17
5.472290478706360773e+03 1.731567010689092099e-17
5.474387243032456354e+03 1.673116252602390170e-17
5.476484007358551935e+03 1.682863963096626679e-17
5.478580771684647516e+03 1.662683376563060562e-17
5.480677536010743097e+03 1.720181225281263985e-17
5.482774300336838678e+03 1.759256271994738160e-17
5.484871064662934259e+03 1.798200823140807354e-17
5.486967828989029840e+03 1.718535709598526892e-17
5.489064593315125421e+03 1.629651510350525599e-17
5.491161357641221002e+03 1.551712943239712171e-17
5.493258121967316583e+03 1.553155135737160913e-17
5.495354886293412164e+03 1.564256187109872017e-17
5.497451650619507745e+03 1.501702272974009248e-17
5.499548414945603326e+03 1.429143203675008431e-17
5.501645179271698908e+03 1.472411910103063493e-17
5.503741943597794489e+03 1.496514989165075360e-17
5.505838707923890070e+03 1.452061705614557156e-17
5.507935472249985651e+03 1.468420229831450267e-17
5.510032236576081232e+03 1.492981557766582731e-17
5.512129000902176813e+03 1.538179627168174951e-17
5.514225765228272394e+03 1.562530717105547782e-17
5.516322529554367975e+03 1.544023061571968890e-17
5.518419293880463556e+03 1.540191903883551416e-17
5.520516058206559137e+03 1.577524227333492969e-17
5.522612822532654718e+03 1.494652502006633024e-17
5.524709586858750299e+03 1.480364289392927826e-17
5.526806351184845880e+03 1.514740431147149593e-17
5.528903115510941461e+03 1.436455655892760635e-17
5.530999879837037042e+03 1.434286411805231033e-17
5.533096644163132623e+03 1.425842276780923945e-17
5.535193408489228204e+03 1.400158242841038710e-17
5.537290172815323785e+03 1.434310849648513323e-17
5.539386937141419367e+03 1.418910713497182897e-17
5.541483701467514948e+03 1.397144392496126996e-17
5.543580465793610529e+03 1.384214499936612030e-17
5.545677230119706110e+03 1.390267703734967925e-17
5.547773994445801691e+03 1.411536828333760709e-17
5.549870758771897272e+03 1.375530737346109759e-17
5.551967523097992853e+03 1.362903884022424927e-17
5.554064287424088434e+03 1.425893609703816034e-17
5.556161051750184015e+03 1.418811521742697016e-17
5.558257816076279596e+03 1.388766447548121089e-17
5.560354580402375177e+03 1.398259250753236097e-17
5.562451344728470758e+03 1.421266756234832225e-17
5.564548109054566339e+03 1.458800038691788958e-17
5.566644873380661920e+03 1.488882303591965043e-17
5.568741637706757501e+03 1.591383101617264802e-17
5.570838402032853082e+03 2.952208377749563370e-17
5.572935166358948663e+03 7.415301066264727215e-17
5.575031930685044244e+03 1.177359577706295107e-16
5.577128695011139826e+03 1.376903434909260360e-16
5.579225459337235407e+03 1.194720681105047983e-16
5.581322223663330988e+03 7.254271937763359474e-17
5.583418987989426569e+03 3.336567145807020209e-17
5.585515752315522150e+03 1.820996621988315887e-17
5.587612516641617731e+03 1.506839899101664112e-17
5.589709280967713312e+03 1.472845331733808357e-17
5.591806045293808893e+03 1.387673531568500519e-17
5.593902809619904474e+03 1.370789084973563991e-17
5.595999573946000055e+03 1.372048172041013825e-17
5.598096338272095636e+03 1.380227367179699930e-17
5.600193102598191217e+03 1.330313237361512762e-17
5.602289866924286798e+03 1.322663658526701081e-17
5.604386631250382379e+03 1.396757956235640342e-17
5.606483395576477960e+03 1.402152772861113242e-17
5.608580159902573541e+03 1.341966227422818625e-17
5.610676924228669122e+03 1.296837811057638128e-17
5.612773688554764703e+03 1.324466038098241680e-17
5.614870452880860284e+03 1.357496673838250192e-17
5.616967217206955866e+03 1.344039672222059852e-17
5.619063981533051447e+03 1.320721157124859334e-17
5.621160745859147028e+03 1.338204430457472295e-17
5.623257510185242609e+03 1.394857501766985386e-17
5.625354274511338190e+03 1.381795461505346929e-17
5.627451038837433771e+03 1.349788657897513096e-17
5.629547803163529352e+03 1.297674321330781646e-17
5.631644567489624933e+03 1.264232977848549135e-17
5.633741331815720514e+03 1.337409319194734483e-17
5.635838096141816095e+03 1.318953600871892979e-17
5.637934860467911676e+03 1.360264468192839097e-17
5.640031624794007257e+03 1.355099620935869088e-17
5.642128389120102838e+03 1.324882405721600189e-17
5.644225153446198419e+03 1.304673011507695893e-17
5.646321917772294000e+03 1.346520047152055010e-17
5.648418682098389581e+03 1.304667187315790707e-17
5.650515446424485162e+03 1.336204038196012013e-17
5.652612210750580743e+03 1.385281667219010206e-17
5.654708975076676325e+03 1.357485830648864621e-17
5.656805739402771906e+03 1.354169997851508295e-17
5.658902503728867487e+03 1.395289047659126286e-17
5.660999268054963068e+03 1.434513598091780309e-17
5.663096032381058649e+03 1.456473590165545516e-17
5.665192796707154230e+03 1.494438172892529400e-17
5.667289561033249811e+03 1.601132103252806104e-17
5.669386325359345392e+03 1.663187283029990711e-17
5.671483089685440973e+03 1.759941321278164631e-17
5.673579854011536554e+03 1.786489564999062236e-17
5.675676618337632135e+03 1.788186768278214402e-17
5.677773382663727716e+03 1.841832239923290386e-17
5.679870146989823297e+03 1.953108347131760334e-17
5.681966911315918878e+03 2.257575489260654568e-17
5.684063675642014459e+03 2.576274760018146150e-17
5.686160439968110040e+03 2.704873099635300231e-17
5.688257204294205621e+03 2.768548785792209498e-17
5.690353968620301202e+03 2.595172580389875313e-17
5.692450732946396784e+03 2.265494597223341212e-17
5.694547497272492365e+03 2.104446056478512559e-17
5.696644261598587946e+03 1.919531362213019446e-17
5.698741025924683527e+03 1.720825141186110968e-17
5.700837790250779108e+03 1.673411862053757540e-17
5.702934554576874689e+03 1.625662040330293732e-17
5.705031318902970270e+03 1.529869313182073617e-17
5.707128083229065851e+03 1.533293482786990890e-17
5.709224847555161432e+03 1.554576188007708419e-17
5.711321611881257013e+03 1.532972270523653191e-17
5.713418376207352594e+03 1.458567313435143100e-17
5.715515140533448175e+03 1.440279708997814820e-17
5.717611904859543756e+03 1.390301034742495726e-17
5.719708669185639337e+03 1.438940551478179686e-17
5.721805433511734918e+03 1.477557968557450529e-17
5.723902197837830499e+03 1.392022205246798866e-17
5.725998962163926080e+03 1.359516182595018566e-17
5.728095726490021661e+03 1.383223319381456743e-17
5.730192490816117243e+03 1.352019782236733289e-17
5.732289255142212824e+03 1.337706872988873589e-17
5.734386019468308405e+03 1.342646834255341449e-17
5.736482783794403986e+03 1.324406793028546107e-17
5.738579548120499567e+03 1.304208961715553324e-17
5.740676312446595148e+03 1.290386777385941807e-17
5.742773076772690729e+03 1.285307805365745572e-17
5.744869841098786310e+03 1.263294853450981136e-17
5.746966605424881891e+03 1.276844831499360953e-17
5.749063369750977472e+03 1.268835177669096032e-17
5.751160134077073053e+03 1.312888342669817944e-17
5.753256898403168634e+03 1.317113513954202212e-17
5.755353662729264215e+03 1.334730739439190887e-17
5.757450427055359796e+03 1.355582731272533744e-17
5.759547191381455377e+03 1.338303673382835967e-17
5.761643955707550958e+03 1.437247830375804170e-17
5.763740720033646539e+03 1.579137893661316509e-17
5.765837484359742120e+03 1.740714195169101627e-17
5.767934248685837701e+03 1.957274197338948004e-17
5.770031013011933283e+03 1.951758577248249620e-17
5.772127777338028864e+03 1.769978794643347728e-17
5.774224541664124445e+03 1.640538893018902209e-17
5.776321305990220026e+03 1.508517026280856343e-17
5.778418070316315607e+03 1.417419034742070739e-17
5.780514834642411188e+03 1.401474862359032809e-17
5.782611598968506769e+03 1.432386744126794762e-17
5.784708363294602350e+03 1.543753097117035405e-17
5.786805127620697931e+03 1.762607347377981541e-17
5.788901891946793512e+03 1.972891835322795817e-17
5.790998656272889093e+03 2.016442726364619640e-17
5.793095420598984674e+03 1.886908386870395318e-17
5.795192184925080255e+03 1.658114010230240425e-17
5.797288949251175836e+03 1.562201613902090537e-17
5.799385713577271417e+03 1.465088809293925857e-17
5.801482477903366998e+03 1.485811011105134317e-17
5.803579242229462579e+03 1.525824326958502994e-17
5.805676006555558160e+03 1.465754977541785563e-17
5.807772770881653742e+03 1.430500231260911037e-17
5.809869535207749323e+03 1.434318892223310593e-17
5.811966299533844904e+03 1.488122386946440155e-17
5.814063063859940485e+03 1.522165705195576036e-17
5.816159828186036066e+03 1.474678046217404282e-17
5.818256592512131647e+03 1.430996868284490089e-17
5.820353356838227228e+03 1.452552251132254604e-17
5.822450121164322809e+03 1.523915858024983766e-17
5.824546885490418390e+03 1.494088798474832664e-17
5.826643649816513971e+03 1.462165983757392562e-17
5.828740414142609552e+03 1.542907073466907594e-17
5.830837178468705133e+03 1.537872069938812487e-17
5.832933942794800714e+03 1.534676887830499848e-17
5.835030707120896295e+03 1.578509493167915614e-17
5.837127471446991876e+03 1.573165232980529051e-17
5.839224235773087457e+03 1.569776257882509284e-17
5.841321000099183038e+03 1.603329964457144611e-17
5.843417764425278619e+03 1.614131413508654887e-17
5.845514528751374201e+03 1.559614753184438312e-17
5.847611293077468872e+03 1.564919261706462536e-17
5.849708057403564453e+03 1.619881201621673454e-17
5.851804821729660034e+03 1.623698078131307609e-17
5.853901586055755615e+03 1.637235311830458004e-17
5.855998350381851196e+03 1.716602206606700320e-17
5.858095114707946777e+03 1.763482019783088660e-17
5.860191879034042358e+03 1.740253857943725481e-17
5.862288643360137939e+03 1.763956200942426218e-17
5.864385407686233521e+03 1.782894568923629660e-17
5.866482172012329102e+03 1.815088270668904625e-17
5.868578936338424683e+03 1.805242121217553127e-17
5.870675700664520264e+03 1.773267431195347187e-17
5.872772464990615845e+03 1.709299753517236219e-17
5.874869229316711426e+03 1.613310478734392305e-17
5.876965993642807007e+03 1.587807273266622615e-17
5.879062757968902588e+03 1.566925127610666738e-17
5.881159522294998169e+03 1.532821252302067981e-17
5.883256286621093750e+03 1.804549242728318059e-17
5.885353050947189331e+03 2.708239055392829955e-17
5.887449815273284912e+03 3.917349414131757353e-17
5.889546579599380493e+03 4.853733492402306330e-17
5.891643343925476074e+03 5.539059730069517574e-17
5.893740108251571655e+03 5.691934471985541660e-17
5.895836872577667236e+03 5.226276468419412962e-17
5.897933636903762817e+03 4.188514866711052006e-17
5.900030401229858398e+03 2.969228552067442392e-17
5.902127165555953979e+03 1.975186350217623202e-17
5.904223929882049561e+03 1.688497634045954006e-17
5.906320694208145142e+03 1.596552574729037184e-17
5.908417458534240723e+03 1.492603057624604453e-17
5.910514222860336304e+03 1.590412285063411906e-17
5.912610987186431885e+03 1.591303306486021071e-17
5.914707751512527466e+03 1.612821838511391970e-17
5.916804515838623047e+03 1.614464758232574005e-17
5.918901280164718628e+03 1.605187386334320994e-17
5.920998044490814209e+03 1.613499344686962190e-17
5.923094808816909790e+03 1.580121954888026613e-17
5.925191573143005371e+03 1.607910287264806375e-17
5.927288337469100952e+03 1.660996236167796499e-17
5.929385101795196533e+03 1.720822987511171212e-17
5.931481866121292114e+03 1.791269473104589506e-17
5.933578630447387695e+03 1.782475420337687268e-17
5.935675394773483276e+03 1.725526058169048121e-17
5.937772159099578857e+03 1.616346479223056866e-17
5.939868923425674438e+03 1.517063332912960312e-17
5.941965687751770020e+03 1.513086941898993114e-17
5.944062452077865601e+03 1.498114493586592498e-17
5.946159216403961182e+03 1.477579577994980814e-17
5.948255980730056763e+03 1.494855557428734277e-17
5.950352745056152344e+03 1.587702646354387151e-17
5.952449509382247925e+03 1.630888905656643785e-17
5.954546273708343506e+03 1.604452781796869120e-17
5.956643038034439087e+03 1.552356422967805608e-17
5.958739802360534668e+03 1.489160533661320449e-17
5.960836566686630249e+03 1.519364984331955241e-17
5.962933331012725830e+03 1.481258691549055404e-17
5.965030095338821411e+03 1.491478816680321155e-17
5.967126859664916992e+03 1.444480566572939171e-17
5.969223623991012573e+03 1.486430419168379826e-17
5.971320388317108154e+03 1.493148959829810771e-17
5.973417152643203735e+03 1.469275783405036800e-17
5.975513916969299316e+03 1.478464013535558255e-17
5.977610681295394897e+03 1.468873679964951991e-17
5.979707445621490479e+03 1.417050461132854562e-17
5.981804209947586060e+03 1.422055729634682245e-17
5.983900974273681641e+03 1.440319028824358022e-17
5.985997738599777222e+03 1.412461698111531292e-17
5.988094502925872803e+03 1.352687097527735531e-17
5.990191267251968384e+03 1.381585492685590572e-17
5.992288031578063965e+03 1.375847972569549584e-17
5.994384795904159546e+03 1.381380539027171532e-17
5.996481560230255127e+03 1.411685996298719815e-17
5.998578324556350708e+03 1.406763737093137961e-17
6.000675088882446289e+03 1.399998862887513341e-17
6.002771853208541870e+03 1.412420691707097767e-17
6.004868617534637451e+03 1.366434683965417021e-17
6.006965381860733032e+03 1.373109964430428268e-17
6.009062146186828613e+03 1.377476394162498243e-17
6.011158910512924194e+03 1.323119450408049832e-17
6.013255674839019775e+03 1.330074651425786898e-17
6.015352439165115356e+03 1.304206426951662703e-17
6.017449203491210938e+03 1.293160365953439041e-17
6.019545967817306519e+03 1.334759490213693662e-17
6.021642732143402100e+03 1.286446287343025598e-17
6.023739496469497681e+03 1.245168564612801006e-17
6.025836260795593262e+03 1.303910609042268088e-17
6.027933025121688843e+03 1.335796676365794151e-17
6.030029789447784424e+03 1.270733463035506711e-17
6.032126553773880005e+03 1.293984165228213598e-17
6.034223318099975586e+03 1.301044669150477098e-17
6.036320082426071167e+03 1.294432088924897359e-17
6.038416846752166748e+03 1.286842040424112693e-17
6.040513611078262329e+03 1.267377509571631563e-17
6.042610375404357910e+03 1.277913229372660476e-17
6.044707139730453491e+03 1.258845213840565893e-17
6.046803904056549072e+03 1.223037179991849134e-17
6.048900668382644653e+03 1.216469437309759945e-17
6.050997432708740234e+03 1.225693023979028417e-17
6.053094197034835815e+03 1.287834494358681549e-17
6.055190961360931396e+03 1.259217439095909205e-17
6.057287725687026978e+03 1.210457620452063648e-17
6.059384490013122559e+03 1.230874063111841311e-17
6.061481254339218140e+03 1.231841898766871337e-17
6.063578018665313721e+03 1.215274061471099705e-17
6.065674782991409302e+03 1.235592444260598134e-17
6.067771547317504883e+03 1.237873656405783679e-17
6.069868311643600464e+03 1.210244134526603525e-17
6.071965075969696045e+03 1.198774513789830287e-17
6.074061840295791626e+03 1.227528054359999168e-17
6.076158604621887207e+03 1.259945915712260787e-17
6.078255368947982788e+03 1.215563565231186830e-17
6.080352133274078369e+03 1.178823223691508120e-17
6.082448897600173950e+03 1.171283183675788013e-17
6.084545661926269531e+03 1.179814018087252835e-17
6.086642426252365112e+03 1.226761801578673046e-17
6.088739190578460693e+03 1.244253356550043643e-17
6.090835954904556274e+03 1.257433240032471418e-17
6.092932719230651855e+03 1.236894086734617528e-17
6.095029483556747437e+03 1.201061913903751707e-17
6.097126247882843018e+03 1.216609581489942843e-17
6.099223012208938599e+03 1.250683811668444582e-17
6.101319776535034180e+03 1.274368200911385232e-17
6.103416540861129761e+03 1.289625121096970387e-17
6.105513305187225342e+03 1.382098179751246208e-17
6.107610069513320923e+03 1.458162731310600247e-17
6.109706833839416504e+03 1.580826488101561299e-17
6.111803598165512085e+03 1.649088455566491097e-17
6.113900362491607666e+03 1.675795236645589652e-17
6.115997126817703247e+03 1.586138131551685619e-17
6.118093891143798828e+03 1.478463187685145763e-17
6.120190655469894409e+03 1.427230705081280695e-17
6.122287419795989990e+03 1.320468772597278185e-17
6.124384184122085571e+03 1.291505844769134768e-17
6.126480948448181152e+03 1.298465409429191312e-17
6.128577712774276733e+03 1.267053732456108475e-17
6.130674477100372314e+03 1.259757893903294285e-17
6.132771241426467896e+03 1.227223433641053464e-17
6.134868005752563477e+03 1.282802712289343158e-17
6.136964770078659058e+03 1.268326326012121096e-17
6.139061534404754639e+03 1.253764765175239209e-17
6.141158298730850220e+03 1.230420627488704856e-17
6.143255063056945801e+03 1.241395082364876837e-17
6.145351827383041382e+03 1.206890364427965164e-17
6.147448591709136963e+03 1.222705186503138162e-17
6.149545356035232544e+03 1.281847885504823025e-17
6.151642120361328125e+03 1.274801335460415046e-17
6.153738884687423706e+03 1.341557926284440988e-17
6.155835649013519287e+03 1.376161841115295382e-17
6.157932413339614868e+03 1.388908097640854720e-17
6.160029177665710449e+03 1.359314298315479626e-17
6.162125941991806030e+03 1.361927812923745158e-17
6.164222706317901611e+03 1.291020287701085114e-17
6.166319470643997192e+03 1.232299737752929698e-17
6.168416234970092773e+03 1.240222828215973811e-17
6.170512999296188354e+03 1.143618691860440990e-17
6.172609763622283936e+03 1.104148489463547325e-17
6.174706527948379517e+03 1.128619361336591896e-17
6.176803292274475098e+03 1.108881749968549777e-17
6.178900056600570679e+03 1.122409732076807436e-17
6.180996820926666260e+03 1.103088917626662395e-17
6.183093585252761841e+03 1.079417339712273474e-17
6.185190349578857422e+03 1.086410247455078190e-17
6.187287113904953003e+03 1.086893404877265470e-17
6.189383878231048584e+03 1.114426165489353170e-17
6.191480642557144165e+03 1.101434400058156161e-17
6.193577406883239746e+03 1.078081851455600276e-17
6.195674171209335327e+03 1.105786163270842287e-17
6.197770935535430908e+03 1.083700861797086957e-17
6.199867699861526489e+03 1.122233194739392823e-17
6.201964464187622070e+03 1.138991971810770844e-17
6.204061228513717651e+03 1.102333103095532486e-17
6.206157992839813232e+03 1.074655212571807985e-17
6.208254757165908813e+03 1.098397742904648720e-17
6.210351521492004395e+03 1.097109619888583085e-17
6.212448285818099976e+03 1.104819590764760384e-17
6.214545050144195557e+03 1.101643449001999771e-17
6.216641814470291138e+03 1.091129052748875869e-17
6.218738578796386719e+03 1.123527854253109321e-17
6.220835343122482300e+03 1.149498700792774036e-17
6.222932107448577881e+03 1.166456176872178638e-17
6.225028871774673462e+03 1.137573454823345443e-17
6.227125636100769043e+03 1.180721761673640383e-17
6.229222400426864624e+03 1.225820198287821526e-17
6.231319164752960205e+03 1.220308706677315711e-17
6.233415929079055786e+03 1.255289563493700009e-17
6.235512693405151367e+03 1.270069307021436840e-17
6.237609457731246948e+03 1.226191071820948943e-17
6.239706222057342529e+03 1.185370736284167168e-17
6.241802986383438110e+03 1.141820040027448195e-17
6.243899750709533691e+03 1.072032686567071643e-17
6.245996515035629272e+03 1.066647062794359760e-17
6.248093279361724854e+03 1.050972671073268357e-17
6.250190043687820435e+03 1.031349265529275083e-17
6.252286808013916016e+03 1.050030324472923033e-17
6.254383572340011597e+03 1.087183897377524252e-17
6.256480336666107178e+03 1.155614332618978606e-17
6.258577100992202759e+03 1.174834305981664301e-17
6.260673865318298340e+03 1.147565366573534216e-17
6.262770629644393921e+03 1.088599299620845180e-17
6.264867393970489502e+03 1.026275152380350995e-17
6.266964158296585083e+03 1.044419842545588023e-17
6.269060922622680664e+03 1.043334520039191001e-17
6.271157686948776245e+03 9.794862964451713302e-18
6.273254451274871826e+03 9.807367772470648047e-18
6.275351215600967407e+03 1.021046155061420702e-17
6.277447979927062988e+03 9.739022186749461438e-18
6.279544744253158569e+03 9.923739618039162173e-18
6.281641508579254150e+03 1.009892524734176047e-17
6.283738272905349731e+03 1.036374285801153320e-17
6.285835037231445312e+03 1.103273534753201361e-17
6.287931801557540894e+03 1.096530752020911409e-17
6.290028565883636475e+03 1.053596153312419655e-17
6.292125330209732056e+03 1.074866199279057912e-17
6.294222094535827637e+03 1.375568355392440322e-17
6.296318858861923218e+03 2.248953365937581376e-17
6.298415623188018799e+03 3.026833128590957234e-17
6.300512387514114380e+03 3.373411355845962381e-17
6.302609151840209961e+03 2.964810128948883768e-17
6.304705916166305542e+03 2.207464506238228144e-17
6.306802680492401123e+03 1.604639902197952305e-17
6.308899444818496704e+03 1.332696395623354158e-17
6.310996209144592285e+03 1.179857766408890689e-17
6.313092973470687866e+03 1.056377099998335022e-17
6.315189737796783447e+03 1.026199404002404095e-17
6.317286502122879028e+03 1.001221868794466775e-17
6.319383266448974609e+03 9.603272112156807801e-18
6.321480030775070190e+03 9.918054322484110659e-18
6.323576795101165771e+03 1.029795638549155242e-17
6.325673559427261353e+03 1.024144431238629165e-17
6.327770323753356934e+03 1.039538188743569225e-17
6.329867088079452515e+03 1.086079767388167800e-17
6.331963852405548096e+03 1.058825887050028036e-17
6.334060616731643677e+03 9.934955367727455806e-18
6.336157381057739258e+03 9.650604994681047533e-18
6.338254145383834839e+03 9.412034062879417928e-18
6.340350909709930420e+03 9.511092130238539060e-18
6.342447674036026001e+03 9.814213117145096728e-18
6.344544438362121582e+03 9.910073951088252406e-18
6.346641202688217163e+03 9.830653977777815000e-18
6.348737967014312744e+03 9.604429413039330848e-18
6.350834731340408325e+03 9.719570720205991936e-18
6.352931495666503906e+03 9.802186281328676673e-18
6.355028259992599487e+03 9.876720077171567840e-18
6.357125024318695068e+03 1.068260576613468029e-17
6.359221788644790649e+03 1.224496227370175988e-17
6.361318552970886230e+03 1.524275418425201180e-17
6.363415317296981812e+03 1.673515980018300375e-17
6.365512081623077393e+03 1.581490099641908456e-17
6.367608845949172974e+03 1.353768446555490228e-17
6.369705610275268555e+03 1.105461705406338564e-17
6.371802374601364136e+03 1.002997948592835596e-17
6.373899138927459717e+03 9.266314852751140371e-18
6.375995903253555298e+03 9.169130755214794297e-18
6.378092667579650879e+03 9.217561376248119269e-18
6.380189431905746460e+03 9.575673128563188451e-18
6.382286196231842041e+03 9.490207488223133261e-18
6.384382960557937622e+03 9.246224218416279123e-18
6.386479724884033203e+03 9.676014819901001881e-18
6.388576489210128784e+03 9.605356105313237114e-18
6.390673253536224365e+03 9.138786558873548223e-18
6.392770017862319946e+03 9.053052457559831111e-18
6.394866782188415527e+03 9.198008007935711751e-18
6.396963546514511108e+03 9.073351894435094474e-18
6.399060310840606689e+03 9.107625677893276987e-18
6.401157075166702271e+03 8.918830142273225786e-18
6.403253839492797852e+03 9.209676082323107186e-18
6.405350603818893433e+03 9.400971826225013680e-18
6.407447368144989014e+03 9.107392157573615189e-18
6.409544132471084595e+03 8.913352813012970579e-18
6.411640896797180176e+03 9.037503909188208672e-18
6.413737661123275757e+03 9.459069690035090861e-18
6.415834425449371338e+03 9.315955584842740432e-18
6.417931189775466919e+03 8.766056976341393641e-18
6.420027954101562500e+03 8.899423907725400360e-18
6.422124718427658081e+03 9.255177940094854864e-18
6.424221482753753662e+03 9.128301113995328570e-18
6.426318247079849243e+03 8.937684841563973462e-18
6.428415011405944824e+03 9.087998652206129165e-18
6.430511775732040405e+03 9.252460653292131243e-18
6.432608540058135986e+03 8.905851246326457380e-18
6.434705304384231567e+03 8.923183925429091617e-18
6.436802068710327148e+03 9.002080586243600825e-18
6.438898833036422729e+03 8.745723360562326599e-18
6.440995597362518311e+03 9.178559802519017804e-18
6.443092361688613892e+03 8.754135239682442404e-18
6.445189126014709473e+03 8.877655892129995074e-18
6.447285890340805054e+03 9.171592855978039063e-18
6.449382654666900635e+03 9.156771644327661347e-18
6.451479418992996216e+03 9.200064300881667238e-18
6.453576183319091797e+03 8.991667450716519841e-18
6.455672947645187378e+03 9.026731957830037913e-18
6.457769711971282959e+03 8.991231149933146054e-18
6.459866476297378540e+03 9.140786469596855020e-18
6.461963240623474121e+03 9.010685768364795659e-18
6.464060004949569702e+03 9.791247887618911274e-18
6.466156769275665283e+03 9.949317462311877341e-18
6.468253533601760864e+03 9.568529577646011783e-18
6.470350297927856445e+03 9.239344762053180579e-18
6.472447062253952026e+03 9.221877759676295647e-18
6.474543826580047607e+03 9.066532058758551081e-18
6.476640590906143188e+03 8.314498707125554795e-18
6.478737355232238770e+03 8.460690306888592206e-18
6.480834119558334351e+03 8.702572349282721205e-18
6.482930883884429932e+03 8.425951242807136217e-18
6.485027648210525513e+03 8.452761022005593092e-18
6.487124412536621094e+03 8.524242849066104651e-18
6.489221176862716675e+03 8.249957590412020072e-18
6.491317941188812256e+03 8.198365858110367585e-18
6.493414705514907837e+03 8.414983183114635874e-18
6.495511469841003418e+03 8.880932423808481709e-18
6.497608234167098999e+03 9.120863599051585303e-18
6.499704998493194580e+03 9.354971231549334293e-18
6.501801762819290161e+03 9.571921309013336083e-18
6.503898527145385742e+03 9.176117827852773872e-18
6.505995291471481323e+03 8.894093046164919661e-18
6.508092055797576904e+03 8.728006297162414879e-18
6.510188820123672485e+03 8.793731893423496786e-18
6.512285584449768066e+03 8.408063459026506870e-18
6.514382348775863647e+03 8.262084607073499664e-18
6.516479113101959229e+03 8.055562392106035989e-18
6.518575877428054810e+03 8.264844265859917238e-18
6.520672641754150391e+03 8.201857301141668297e-18
6.522769406080245972e+03 8.327044029455943482e-18
6.524866170406341553e+03 8.617321691603905263e-18
6.526962934732437134e+03 8.583052877185116095e-18
6.529059699058532715e+03 8.638748958379301968e-18
6.531156463384628296e+03 8.822846393809774346e-18
6.533253227710723877e+03 8.728441731687527525e-18
6.535349992036819458e+03 9.230498394396910354e-18
6.537446756362915039e+03 8.632496714555195075e-18
6.539543520689010620e+03 8.576825862300397109e-18
6.541640285015106201e+03 8.667527186890593417e-18
6.543737049341201782e+03 8.117569000241231551e-18
6.545833813667297363e+03 8.159286476127310085e-18
6.547930577993392944e+03 8.452850308926918083e-18
6.550027342319488525e+03 8.523168333985541566e-18
6.552124106645584106e+03 8.606870400287178633e-18
6.554220870971679688e+03 8.765598857089107433e-18
6.556317635297775269e+03 8.504812825423420181e-18
6.558414399623870850e+03 8.931664436053244452e-18
6.560511163949966431e+03 9.339623606244846037e-18
6.562607928276062012e+03 9.413074299293600943e-18
6.564704692602157593e+03 9.433605948597711495e-18
6.566801456928253174e+03 9.213189904552853186e-18
6.568898221254348755e+03 8.778189856925228511e-18
6.570994985580444336e+03 8.464564816823879077e-18
6.573091749906539917e+03 8.342961594376884843e-18
6.575188514232635498e+03 8.538901833458458122e-18
6.577285278558731079e+03 8.686163620098995447e-18
6.579382042884826660e+03 8.502481278903587315e-18
6.581478807210922241e+03 8.250946024302580063e-18
6.583575571537017822e+03 7.996475488686433648e-18
6.585672335863113403e+03 8.139470282983046346e-18
6.587769100189208984e+03 8.285926938382811807e-18
6.589865864515304565e+03 8.058059274296089037e-18
6.591962628841400146e+03 8.006427740424825540e-18
6.594059393167495728e+03 8.112741865363890084e-18
6.596156157493591309e+03 8.174152946465345022e-18
6.598252921819686890e+03 8.111567546147805705e-18
6.600349686145782471e+03 8.069387439174185339e-18
6.602446450471878052e+03 8.505011314620015697e-18
6.604543214797973633e+03 8.366123080662705482e-18
6.606639979124069214e+03 8.128321902137239641e-18
6.608736743450164795e+03 8.346098024403509208e-18
6.610833507776260376e+03 8.071824545708201729e-18
6.612930272102355957e+03 7.989011412919733329e-18
6.615027036428451538e+03 7.685897722644253625e-18
6.617123800754547119e+03 7.767369606283412568e-18
6.619220565080642700e+03 7.916961449707427010e-18
6.621317329406738281e+03 7.818824491592266476e-18
6.623414093732833862e+03 8.122813697178930984e-18
6.625510858058929443e+03 8.110546156955527413e-18
6.627607622385025024e+03 7.852595081061251447e-18
6.629704386711120605e+03 7.803918887870046464e-18
6.631801151037216187e+03 7.851165067887286811e-18
6.633897915363311768e+03 7.762054351674649739e-18
6.635994679689407349e+03 8.014594210862697478e-18
6.638091444015502930e+03 7.711445149829413332e-18
6.640188208341598511e+03 7.812181581578038012e-18
6.642284972667694092e+03 7.926449512177136734e-18
6.644381736993789673e+03 7.782388169129298229e-18
6.646478501319885254e+03 7.730860386308264171e-18
6.648575265645980835e+03 7.786310664738453198e-18
6.650672029972076416e+03 7.492757699926551112e-18
6.652768794298171997e+03 7.441496279125344684e-18
6.654865558624267578e+03 7.639767895326980369e-18
6.656962322950363159e+03 7.729087156363443549e-18
6.659059087276458740e+03 7.897439325849272398e-18
6.661155851602554321e+03 7.821569443156640210e-18
6.663252615928649902e+03 7.851701260668611262e-18
6.665349380254745483e+03 7.679826406780374547e-18
6.667446144580841064e+03 7.534141746125192143e-18
6.669542908906936646e+03 7.991598191967078877e-18
6.671639673233032227e+03 7.859621359332628772e-18
6.673736437559127808e+03 7.633762252922730143e-18
6.675833201885223389e+03 7.988001848150108970e-18
6.677929966211318970e+03 7.961037212910373498e-18
6.680026730537414551e+03 7.398412678871979182e-18
6.682123494863510132e+03 7.569634888461438990e-18
6.684220259189605713e+03 7.792407978193144542e-18
6.686317023515701294e+03 7.723674073399319826e-18
6.688413787841796875e+03 7.307734759778149331e-18
6.690510552167892456e+03 7.464220813963514812e-18
6.692607316493988037e+03 7.815643074369417371e-18
6.694704080820083618e+03 7.623753814380218903e-18
6.696800845146179199e+03 7.696138413094510426e-18
6.698897609472274780e+03 7.545158643719606969e-18
6.700994373798370361e+03 7.627957042949033525e-18
6.703091138124465942e+03 7.649280948260229310e-18
6.705187902450561523e+03 7.812497017614511121e-18
6.707284666776657104e+03 7.713490337544960966e-18
6.709381431102752686e+03 7.673431383595386273e-18
6.711478195428848267e+03 7.407809689660578862e-18
6.713574959754943848e+03 7.357821376440131467e-18
6.715671724081039429e+03 7.654052063665970288e-18
6.717768488407135010e+03 7.577597598829887905e-18
6.719865252733230591e+03 7.716909171153227574e-18
6.721962017059326172e+03 7.722757852782698453e-18
6.724058781385421753e+03 7.677293810543733584e-18
