6.769826766601230702e+03 2.108353258347617078e-27
6.771141405235164711e+03 2.149505951620300218e-27
6.772456047387555373e+03 2.125498079305546690e-27
6.773770693058401775e+03 2.262657995119944660e-27
6.775085342247703920e+03 2.077580749696197824e-27
6.776399994955461807e+03 2.206233640353242934e-27
6.777714651181675436e+03 2.144592519146179502e-27
6.779029310926345715e+03 2.346028420924557080e-27
6.780343974189470828e+03 2.008449879528406870e-27
6.781658640971052591e+03 2.149329729030388786e-27
6.782973311271090097e+03 2.007150454594928802e-27
6.784287985089582435e+03 1.907443905816034970e-27
6.785602662426532333e+03 2.154712125445967794e-27
6.786917343281937065e+03 2.082820434702897738e-27
6.788232027655798447e+03 2.139524434497524490e-27
6.789546715548114662e+03 1.968859308033616218e-27
6.790861406958887528e+03 2.092601847704451631e-27
6.792176101888116136e+03 2.046498551509721102e-27
6.793490800335801396e+03 2.010142579356528812e-27
6.794805502301940578e+03 1.896134845182593121e-27
6.796120207786536412e+03 2.041293533242020158e-27
6.797434916789588897e+03 1.904893781976671831e-27
6.798749629311096214e+03 1.971181401767563908e-27
6.800064345351061093e+03 1.810464473838393463e-27
6.801379064909479894e+03 1.763466390591500624e-27
6.802693787986355346e+03 1.979624871236751989e-27
6.804008514581687450e+03 1.913323577343254762e-27
6.805323244695473477e+03 1.872475758780768122e-27
6.806637978327717974e+03 1.827171145733974979e-27
6.807952715478416394e+03 2.038043526460866698e-27
6.809267456147570556e+03 1.941358376578727561e-27
6.810582200335181369e+03 1.979671671334400598e-27
6.811896948041248834e+03 1.770473308915170266e-27
6.813211699265771131e+03 2.200149242472934778e-27
6.814526454008749170e+03 2.015069878526249116e-27
6.815841212270183860e+03 2.022997583956330295e-27
6.817155974050073382e+03 1.914908810280479896e-27
6.818470739348419556e+03 2.028327402484427531e-27
6.819785508165221472e+03 2.022733731553949244e-27
6.821100280500478220e+03 2.063954602746663691e-27
6.822415056354192529e+03 1.878797816416213662e-27
6.823729835726361671e+03 2.175861147351272908e-27
6.825044618616987464e+03 2.718322234754276094e-27
6.826359405026068089e+03 3.089728194879632592e-27
6.827674194953604456e+03 3.197792701838183712e-27
6.828988988399598384e+03 2.826348223113939469e-27
6.830303785364046234e+03 3.045590502786143676e-27
6.831618585846951646e+03 3.083856804851173665e-27
6.832933389848311890e+03 3.227184511312471757e-27
6.834248197368128785e+03 2.817306944990013591e-27
6.835563008406400513e+03 2.510397489807269040e-27
6.836877822963128892e+03 2.223642698899542475e-27
6.838192641038313013e+03 2.156892470736008583e-27
6.839507462631952876e+03 1.907563506065581417e-27
6.840822287744048481e+03 2.097381042861448557e-27
6.842137116374599827e+03 2.141210008384852199e-27
6.843451948523607825e+03 1.945911467560253425e-27
6.844766784191070656e+03 1.921974854653442226e-27
6.846081623376990137e+03 2.022323508475794762e-27
6.847396466081365361e+03 1.875380831508881829e-27
6.848711312304196326e+03 1.888443451356688256e-27
6.850026162045483034e+03 1.809171789659720751e-27
6.851341015305225483e+03 1.905357931093269155e-27
6.852655872083424583e+03 1.879524854970219844e-27
6.853970732380079426e+03 1.756375501722255699e-27
6.855285596195189100e+03 1.769783633402085196e-27
6.856600463528755427e+03 1.776514951150713025e-27
6.857915334380777495e+03 1.722167904422027371e-27
6.859230208751256214e+03 1.917544060223384951e-27
6.860545086640188856e+03 2.914025028274201749e-27
6.861859968047579969e+03 3.539255651339168538e-27
6.863174852973425004e+03 3.599259924686497258e-27
6.864489741417725782e+03 3.315726444203752783e-27
6.865804633380483210e+03 2.650038195983032208e-27
6.867119528861696381e+03 2.213165254816087034e-27
6.868434427861366203e+03 1.960598031537167169e-27
6.869749330379490857e+03 1.620780981766655675e-27
6.871064236416071253e+03 1.904423469884252468e-27
6.872379145971108301e+03 1.801038972690562331e-27
6.873694059044600181e+03 1.752016544479124068e-27
6.875008975636549621e+03 1.782949868280899657e-27
6.876323895746952985e+03 1.520324572163914672e-27
6.877638819375813910e+03 1.726161897940697621e-27
6.878953746523129666e+03 1.862052625921744402e-27
6.880268677188902075e+03 1.894638205022809800e-27
6.881583611373129315e+03 1.917121511193586391e-27
6.882898549075812298e+03 1.772884573205543085e-27
6.884213490296952841e+03 1.826411366370914215e-27
6.885528435036547307e+03 1.835099621536033913e-27
6.886843383294599334e+03 1.893274261436194759e-27
6.888158335071106194e+03 2.110126462047414406e-27
6.889473290366068795e+03 1.911631262701121698e-27
6.890788249179488048e+03 2.019394361623376215e-27
6.892103211511362133e+03 1.902404324930556890e-27
6.893418177361693779e+03 1.751286424437206867e-27
6.894733146730479348e+03 1.670802775026236474e-27
6.896048119617722477e+03 1.593304413325563517e-27
6.897363096023420439e+03 1.813981607102833433e-27
6.898678075947574143e+03 1.876226699940456703e-27
6.899993059390184499e+03 2.119925401011462224e-27
6.901308046351249686e+03 2.060410121277013422e-27
6.902623036830772435e+03 1.996849618287373671e-27
6.903938030828750016e+03 1.757396051999786495e-27
6.905253028345183338e+03 1.700172436306164066e-27
6.906568029380072403e+03 1.737781225888180253e-27
6.907883033933417209e+03 1.659909330074793391e-27
6.909198042005218667e+03 1.807040940769250713e-27
6.910513053595475867e+03 2.268182332572425007e-27
6.911828068704188809e+03 2.382980660988531658e-27
6.913143087331357492e+03 2.205589031600856526e-27
6.914458109476981008e+03 2.078255017769727795e-27
6.915773135141062085e+03 1.717330931366698828e-27
6.917088164323597994e+03 1.685044064000007890e-27
6.918403197024590554e+03 1.701427564850921228e-27
6.919718233244038856e+03 1.941273057882191206e-27
6.921033272981942901e+03 2.596030690703542024e-27
6.922348316238302687e+03 2.834407662152216735e-27
6.923663363013117305e+03 2.594011353156852007e-27
6.924978413306389484e+03 2.171173819052623253e-27
6.926293467118116496e+03 1.867385718530747096e-27
6.927608524448301068e+03 1.751531017540144046e-27
6.928923585296939564e+03 1.527533231649258877e-27
6.930238649664034710e+03 1.624135181357800485e-27
6.931553717549585599e+03 1.768869009271495698e-27
6.932868788953592230e+03 1.643652555414220733e-27
6.934183863876054602e+03 1.689570384555306772e-27
6.935498942316972716e+03 1.688673671573200075e-27
6.936814024276348391e+03 1.937873213751364419e-27
6.938129109754177989e+03 2.070503727522552487e-27
6.939444198750463329e+03 2.252162832481000857e-27
6.940759291265206230e+03 2.044792947950971766e-27
6.942074387298403963e+03 1.687828766106597394e-27
6.943389486850058347e+03 1.624389404110459600e-27
6.944704589920167564e+03 1.693782393343681657e-27
6.946019696508733432e+03 2.179658888608610098e-27
6.947334806615754133e+03 2.671408314645952977e-27
6.948649920241231484e+03 3.042613400278109887e-27
6.949965037385164578e+03 2.737328659596450409e-27
6.951280158047553414e+03 2.184439817102556973e-27
6.952595282228398901e+03 1.649789916367999538e-27
6.953910409927699220e+03 1.640405437527983854e-27
6.955225541145456191e+03 1.519513755657327646e-27
6.956540675881667994e+03 1.554528413900751446e-27
6.957855814136335539e+03 1.661574681697705034e-27
6.959170955909460645e+03 1.597228495587252510e-27
6.960486101201040583e+03 1.640044518256405686e-27
6.961801250011077173e+03 1.654303910971654341e-27
6.963116402339568594e+03 1.665150170639459937e-27
6.964431558186516668e+03 1.718936001382351150e-27
6.965746717551919573e+03 1.734548937662515155e-27
6.967061880435780040e+03 1.955584835891927195e-27
6.968377046838094429e+03 1.941137087228117467e-27
6.969692216758865470e+03 2.066891453318859787e-27
6.971007390198093162e+03 1.883459337253608528e-27
6.972322567155775687e+03 1.725645941308596280e-27
6.973637747631914863e+03 1.589006508061668961e-27
6.974952931626508871e+03 1.563481484433224389e-27
6.976268119139559531e+03 2.158155688186532171e-27
6.977583310171065932e+03 2.411256586653041739e-27
6.978898504721028075e+03 2.426487611025233755e-27
6.980213702789446870e+03 2.090376435653712180e-27
6.981528904376320497e+03 1.728907888855404941e-27
6.982844109481650776e+03 1.582039552784345355e-27
6.984159318105435887e+03 1.683502164486531469e-27
6.985474530247677649e+03 1.545515254354013621e-27
6.986789745908375153e+03 1.562583519596653840e-27
6.988104965087528399e+03 1.616177816606575743e-27
6.989420187785138296e+03 1.544439622480073349e-27
6.990735414001203026e+03 1.581349203195779750e-27
6.992050643735724407e+03 1.558649711388745692e-27
6.993365876988700620e+03 1.625806118177550851e-27
6.994681113760133485e+03 1.551348992452059777e-27
6.995996354050022092e+03 1.595161202384947251e-27
6.997311597858366440e+03 1.604912378286374265e-27
6.998626845185167440e+03 1.518776220785124554e-27
6.999942096030423272e+03 1.543302168254918248e-27
7.001257350394134846e+03 1.525131500712110774e-27
7.002572608276303072e+03 1.596107893249110797e-27
7.003887869676927039e+03 1.695560989647323269e-27
7.005203134596006748e+03 1.568648947067009781e-27
7.006518403033542199e+03 1.519796674766158131e-27
7.007833674989534302e+03 1.483886555395091486e-27
7.009148950463981237e+03 1.560641219247739313e-27
7.010464229456883913e+03 1.991072021047206402e-27
7.011779511968243241e+03 1.962793976859757496e-27
7.013094797998058311e+03 1.602926648217213805e-27
7.014410087546329123e+03 1.419702725178950806e-27
7.015725380613055677e+03 1.410296772220055204e-27
7.017040677198238882e+03 1.440544657554623376e-27
7.018355977301876919e+03 1.450406574427852656e-27
7.019671280923970698e+03 1.447975954541538745e-27
7.020986588064521129e+03 1.400080484237058673e-27
7.022301898723527302e+03 1.460156787364307476e-27
7.023617212900989216e+03 1.515809036816304359e-27
7.024932530596906872e+03 1.506029164558705976e-27
7.026247851811281180e+03 1.461994317124247338e-27
7.027563176544110320e+03 1.463664772461511607e-27
7.028878504795395202e+03 1.491970550040159689e-27
7.030193836565136735e+03 1.484035911262278716e-27
7.031509171853334010e+03 1.529693354674883601e-27
7.032824510659987027e+03 1.634578729074234710e-27
7.034139852985095786e+03 1.415531546105396931e-27
7.035455198828661196e+03 1.394939792029500263e-27
7.036770548190681438e+03 1.387414509661298797e-27
7.038085901071157423e+03 1.321177252938452446e-27
7.039401257470090059e+03 1.495215549403457743e-27
7.040716617387478436e+03 1.542543062967338019e-27
7.042031980823322556e+03 1.622599059634157226e-27
7.043347347777622417e+03 1.481490313358284887e-27
7.044662718250378020e+03 1.582449101787019301e-27
7.045978092241590275e+03 1.798433767254789717e-27
7.047293469751257362e+03 1.803609896573324852e-27
7.048608850779381100e+03 1.826930597083921014e-27
7.049924235325960581e+03 1.589723820669455987e-27
7.051239623390995803e+03 1.527043467664401203e-27
7.052555014974486767e+03 1.605621698284892084e-27
7.053870410076433473e+03 1.632791080899854478e-27
7.055185808696836830e+03 1.540677896112696200e-27
7.056501210835695019e+03 1.445880253872553774e-27
7.057816616493009860e+03 1.480319733138086325e-27
7.059132025668780443e+03 1.423429881103826204e-27
7.060447438363006768e+03 1.554224791045018798e-27
7.061762854575688834e+03 1.519387125763484185e-27
7.063078274306826643e+03 1.604135265553814015e-27
7.064393697556421102e+03 1.573627187083759128e-27
7.065709124324470395e+03 1.523983646465255982e-27
7.067024554610976338e+03 1.539585701241234199e-27
7.068339988415938024e+03 1.587737994303798308e-27
7.069655425739355451e+03 1.711313363255460910e-27
7.070970866581228620e+03 1.658089711463336331e-27
7.072286310941557531e+03 1.867341036956037312e-27
7.073601758820343093e+03 2.170489728736376907e-27
7.074917210217583488e+03 2.223874195678857820e-27
7.076232665133280534e+03 2.136230901699627878e-27
7.077548123567433322e+03 2.112220718268941086e-27
7.078863585520041852e+03 2.121727301067430921e-27
7.080179050991106124e+03 1.811208075389921375e-27
7.081494519980626137e+03 1.768706268191194977e-27
7.082809992488602802e+03 1.676603098239747513e-27
7.084125468515034299e+03 1.368516322081999045e-27
7.085440948059922448e+03 1.470321171535302771e-27
7.086756431123266339e+03 1.536762287942762511e-27
7.088071917705065971e+03 1.581944700734584284e-27
7.089387407805321345e+03 1.631694456389520386e-27
7.090702901424032461e+03 1.584123697873664002e-27
7.092018398561200229e+03 1.408166982591054580e-27
7.093333899216822829e+03 1.384687585453040910e-27
7.094649403390902080e+03 1.487785311678011787e-27
7.095964911083437073e+03 1.382680477561497752e-27
7.097280422294427808e+03 1.405150976298144168e-27
7.098595937023874285e+03 1.389330328473478000e-27
7.099911455271776504e+03 1.390253426695822802e-27
7.101226977038135374e+03 1.271481230728964748e-27
7.102542502322949076e+03 1.400626100190303577e-27
7.103858031126219430e+03 1.277228687165502356e-27
7.105173563447945526e+03 1.266848598840735690e-27
7.106489099288126454e+03 1.353238401315661200e-27
7.107804638646764943e+03 1.324267022348232889e-27
7.109120181523858264e+03 1.310428156436341186e-27
7.110435727919408237e+03 1.341727888410036446e-27
7.111751277833413042e+03 1.304930011631104505e-27
7.113066831265874498e+03 1.392992195373238671e-27
7.114382388216791696e+03 1.377284695932805253e-27
7.115697948686163727e+03 1.395396622612308915e-27
7.117013512673993318e+03 1.410072305085036872e-27
7.118329080180277742e+03 1.412680399415726067e-27
7.119644651205018818e+03 1.430203184125241674e-27
7.120960225748214725e+03 1.428069157450363397e-27
7.122275803809867284e+03 1.381747942282425452e-27
7.123591385389975585e+03 1.376981747152553140e-27
7.124906970488538718e+03 1.378844410298267256e-27
7.126222559105559412e+03 1.389822307277771719e-27
7.127538151241034939e+03 1.487536192639705298e-27
7.128853746894967117e+03 1.507116159419318131e-27
7.130169346067354127e+03 1.419348257772686335e-27
7.131484948758197788e+03 1.523479149116323745e-27
7.132800554967497192e+03 1.496560137394131692e-27
7.134116164695251427e+03 1.376099382348532128e-27
7.135431777941463224e+03 1.365621167893098933e-27
7.136747394706129853e+03 1.389381558209998700e-27
7.138063014989253134e+03 1.385299838582361612e-27
7.139378638790831246e+03 1.325844455269183254e-27
7.140694266110866010e+03 1.371412150346379693e-27
7.142009896949355607e+03 1.583184229246791909e-27
7.143325531306301855e+03 1.479048811967785188e-27
7.144641169181704754e+03 1.552177623810632386e-27
7.145956810575562486e+03 1.455427473792870179e-27
7.147272455487876869e+03 1.496880708433374947e-27
7.148588103918646084e+03 1.438353912242882895e-27
7.149903755867871041e+03 1.360012571005551644e-27
7.151219411335552650e+03 1.238645665921117886e-27
7.152535070321690000e+03 1.313888474767421733e-27
7.153850732826284002e+03 1.273763554009560841e-27
7.155166398849332836e+03 1.333390730273778541e-27
7.156482068390838322e+03 1.367994780253058982e-27
7.157797741450798640e+03 1.473891556762705048e-27
7.159113418029214699e+03 1.424567335328981306e-27
7.160429098126087410e+03 1.409780622994959425e-27
7.161744781741415864e+03 1.373235428224731089e-27
7.163060468875200968e+03 1.439836107928083312e-27
7.164376159527439995e+03 1.464081062218990908e-27
7.165691853698136583e+03 1.431059163689024581e-27
7.167007551387288913e+03 1.383347715990730710e-27
7.168323252594896076e+03 1.433096316087700180e-27
7.169638957320959889e+03 1.415937821027165418e-27
7.170954665565479445e+03 1.361711530105992844e-27
7.172270377328454742e+03 1.331826682565941667e-27
7.173586092609885782e+03 1.409868445400423483e-27
7.174901811409773472e+03 1.416616037257081383e-27
7.176217533728115995e+03 1.401611405949852087e-27
7.177533259564915170e+03 1.379442604138993931e-27
7.178848988920170086e+03 1.426571265436116225e-27
7.180164721793880744e+03 1.416399273841840600e-27
7.181480458186047144e+03 1.355044634714004769e-27
7.182796198096669286e+03 1.419352398522066768e-27
7.184111941525748080e+03 1.282204519769821219e-27
7.185427688473281705e+03 1.296065052393587278e-27
7.186743438939271982e+03 1.214013599711388456e-27
7.188059192923718001e+03 1.287176211624759649e-27
7.189374950426619762e+03 1.315251359092567360e-27
7.190690711447977264e+03 1.280201648924155713e-27
7.192006475987790509e+03 1.331949653192890792e-27
7.193322244046059495e+03 1.209473893942976083e-27
7.194638015622785133e+03 1.318303187682443374e-27
7.195953790717966513e+03 1.278318859810522751e-27
7.197269569331603634e+03 1.299470192831761130e-27
7.198585351463695588e+03 1.199814970085885217e-27
7.199901137114245103e+03 1.310597830864441701e-27
7.201216926283249450e+03 1.324863097666020738e-27
7.202532718970709539e+03 1.224971178129979634e-27
7.203848515176626279e+03 1.275696417301747871e-27
7.205164314900997852e+03 1.272291469456568458e-27
7.206480118143826985e+03 1.279064965070978366e-27
7.207795924905110041e+03 1.304891107846227883e-27
7.209111735184850659e+03 1.305206286281626854e-27
7.210427548983046108e+03 1.352128776778202494e-27
7.211743366299697300e+03 1.408251338322618740e-27
7.213059187134805143e+03 1.483882607238705492e-27
7.214375011488367818e+03 1.619879453959688010e-27
7.215690839360388054e+03 1.725941764148054160e-27
7.217006670750862213e+03 2.009488148361426029e-27
7.218322505659793933e+03 1.729633964444438929e-27
7.219638344087180485e+03 1.929694944835518460e-27
7.220954186033022779e+03 1.872639077640052160e-27
7.222270031497321725e+03 1.865947626641273147e-27
7.223585880480075502e+03 1.567595559683927183e-27
7.224901732981286841e+03 1.433033627068010375e-27
7.226217589000952103e+03 1.369515879723136021e-27
7.227533448539074925e+03 1.400813396877395236e-27
7.228849311595652580e+03 1.400683781792137975e-27
7.230165178170685977e+03 1.353387564589853991e-27
7.231481048264176025e+03 1.376821028298694026e-27
7.232796921876120905e+03 1.409073036333391555e-27
7.234112799006522437e+03 1.472121819736807617e-27
7.235428679655379710e+03 1.306757815444825211e-27
7.236744563822692726e+03 1.784267589548849404e-27
7.238060451508461483e+03 3.366123793802489094e-27
7.239376342712685982e+03 5.223548795253859845e-27
7.240692237435368042e+03 5.430982235472053715e-27
7.242008135676504025e+03 3.933887941407846223e-27
7.243324037436096660e+03 3.822970169236685413e-27
7.244639942714145036e+03 5.387112632826823502e-27
7.245955851510649154e+03 5.134826210133795296e-27
7.247271763825609014e+03 2.754670503187690835e-27
7.248587679659024616e+03 1.656708049321232928e-27
7.249903599010896869e+03 1.516218778411972744e-27
7.251219521881224864e+03 1.736216985587348940e-27
7.252535448270008601e+03 2.268100480549788550e-27
7.253851378177248080e+03 2.167717352581431481e-27
7.255167311602942391e+03 1.941405754455359487e-27
7.256483248547094263e+03 1.700687622566287652e-27
7.257799189009700967e+03 1.434486356025061667e-27
7.259115132990764323e+03 1.449658446940955434e-27
7.260431080490283421e+03 1.432362633075385862e-27
7.261747031508258260e+03 1.358262959947573060e-27
7.263062986044688842e+03 1.423417747745176565e-27
7.264378944099574255e+03 1.430383451168036319e-27
7.265694905672917230e+03 1.336088572939876181e-27
7.267010870764715037e+03 1.516417823271725164e-27
7.268326839374969495e+03 1.560138551532254244e-27
7.269642811503678786e+03 1.463727750370693069e-27
7.270958787150845637e+03 1.460185291127484407e-27
7.272274766316466412e+03 1.515562710376417232e-27
7.273590749000543838e+03 2.173410786683029028e-27
7.274906735203077915e+03 5.822238370348220575e-27
7.276222724924066824e+03 7.953559113654633196e-27
7.277538718163512385e+03 6.593891091516132428e-27
7.278854714921412778e+03 2.704274501739915596e-27
7.280170715197769823e+03 1.806246494667190978e-27
7.281486718992582610e+03 1.939039749518679768e-27
7.282802726305851138e+03 3.209890430783852134e-27
7.284118737137576318e+03 4.905092812275530500e-27
7.285434751487756330e+03 5.656878025323132505e-27
7.286750769356392993e+03 5.068399345607924022e-27
7.288066790743484489e+03 5.754573132868108308e-27
7.289382815649031727e+03 5.768540747196782298e-27
7.290698844073036526e+03 4.492244306420860583e-27
7.292014876015496156e+03 3.326174614152053538e-27
7.293330911476411529e+03 2.200558117400128188e-27
7.294646950455782644e+03 2.302599856236591544e-27
7.295962992953611320e+03 2.218118168854067689e-27
7.297279038969893918e+03 1.915896812341950548e-27
7.298595088504632258e+03 1.509430356840493834e-27
7.299911141557828159e+03 1.324805993843169656e-27
7.301227198129477983e+03 1.425007699210765447e-27
7.302543258219585368e+03 2.338007115299178682e-27
7.303859321828147586e+03 2.757729650311355521e-27
7.305175388955166454e+03 2.398060114674100399e-27
7.306491459600641065e+03 1.667097478406229871e-27
7.307807533764570508e+03 1.418250477704385611e-27
7.309123611446957511e+03 1.352263399281315162e-27
7.310439692647798438e+03 1.457175929292882132e-27
7.311755777367096925e+03 1.529648673100173817e-27
7.313071865604850245e+03 1.571799383270038422e-27
7.314387957361060216e+03 3.444308845824833320e-27
7.315704052635725020e+03 6.001309410647401378e-27
7.317020151428846475e+03 6.094098789438034014e-27
7.318336253740423672e+03 3.293743879818516873e-27
7.319652359570456611e+03 1.685059086253574110e-27
7.320968468918946201e+03 1.340330048456400190e-27
7.322284581785890623e+03 1.429344797149028283e-27
7.323600698171290787e+03 1.351742338934861195e-27
7.324916818075147603e+03 1.274274118037817898e-27
7.326232941497460160e+03 1.538973737001405155e-27
7.327549068438228460e+03 2.479341676861030424e-27
7.328865198897452501e+03 3.403417116059614651e-27
7.330181332875133194e+03 3.254455679324995017e-27
7.331497470371268719e+03 1.958369537998516699e-27
7.332813611385859986e+03 1.474368417016935328e-27
7.334129755918907904e+03 1.411740353009870657e-27
7.335445903970410654e+03 1.313925741511845626e-27
7.336762055540370966e+03 1.325519069405079031e-27
7.338078210628786110e+03 2.012878362842530880e-27
7.339394369235656995e+03 5.180074008247229015e-27
7.340710531360983623e+03 7.287148063925784091e-27
7.342026697004766902e+03 6.193732152879041131e-27
7.343342866167005923e+03 2.956574405942554512e-27
7.344659038847699776e+03 1.787378159002029228e-27
7.345975215046851190e+03 1.550762835673485522e-27
7.347291394764456527e+03 1.465205901603010273e-27
7.348607578000519425e+03 1.436845427613941592e-27
7.349923764755037155e+03 1.482070114568042665e-27
7.351239955028010627e+03 1.467419372888094523e-27
7.352556148819441660e+03 1.551390688835355761e-27
7.353872346129326615e+03 1.317625741824505164e-27
7.355188546957668223e+03 1.445423038103756244e-27
7.356504751304465572e+03 1.944173700971432822e-27
7.357820959169719572e+03 2.971899415696032625e-27
7.359137170553428405e+03 3.072743803886070437e-27
7.360453385455592979e+03 2.304920601819578163e-27
7.361769603876214205e+03 1.658545386488178351e-27
7.363085825815291173e+03 1.447049871127780142e-27
7.364402051272823883e+03 1.435780966133678767e-27
7.365718280248812334e+03 1.529641643455876803e-27
7.367034512743256528e+03 2.580705873543058350e-27
7.368350748756157373e+03 4.978122149836750096e-27
7.369666988287513050e+03 5.631964580748528100e-27
7.370983231337325378e+03 3.919894904803906322e-27
7.372299477905592539e+03 2.248849655197671495e-27
7.373615727992317261e+03 1.505517348675985068e-27
7.374931981597496815e+03 1.458048857040175646e-27
7.376248238721132111e+03 1.395366770698170913e-27
7.377564499363223149e+03 1.423643177845167091e-27
7.378880763523770838e+03 1.380806836615100630e-27
7.380197031202774269e+03 1.350255617314291468e-27
7.381513302400232533e+03 1.279445432531492065e-27
7.382829577116148357e+03 1.275183445861060331e-27
7.384145855350518104e+03 1.360369349527749379e-27
7.385462137103344503e+03 1.407812996667276206e-27
7.386778422374627553e+03 1.366450280734157638e-27
7.388094711164365435e+03 1.331036184620267926e-27
7.389411003472560878e+03 1.489791938087068848e-27
7.390727299299210244e+03 2.201493926760105946e-27
7.392043598644316262e+03 2.516342835545592437e-27
7.393359901507878021e+03 2.272410133986343867e-27
7.394676207889895522e+03 1.616656217604761532e-27
7.395992517790369675e+03 1.424623476186860194e-27
7.397308831209298660e+03 1.276280648150377739e-27
7.398625148146684296e+03 1.519550733512259881e-27
7.399941468602525674e+03 2.561534396504650049e-27
7.401257792576822794e+03 3.746018482750726773e-27
7.402574120069575656e+03 3.732291609665101188e-27
7.403890451080784260e+03 2.496945832110696392e-27
7.405206785610449515e+03 1.675356058600756777e-27
7.406523123658569602e+03 1.389923226006857610e-27
7.407839465225146341e+03 1.303545075408095644e-27
7.409155810310177912e+03 1.336616181448141064e-27
7.410472158913666135e+03 1.321721231851244621e-27
7.411788511035611009e+03 1.428112972356598207e-27
7.413104866676009806e+03 1.399596883228023038e-27
7.414421225834866163e+03 1.372290952180003589e-27
7.415737588512177354e+03 1.408336464426160656e-27
7.417053954707946104e+03 1.357993714941347724e-27
7.418370324422168778e+03 1.453117031935086032e-27
7.419686697654848103e+03 1.359388473407072960e-27
7.421003074405983170e+03 1.302676962485663097e-27
7.422319454675573979e+03 1.299920186363267208e-27
7.423635838463621440e+03 1.403747743740663628e-27
7.424952225770123732e+03 1.376418220050825435e-27
7.426268616595082676e+03 1.276032684670037883e-27
7.427585010938497362e+03 1.628004567209068881e-27
7.428901408800366880e+03 1.878841535025951253e-27
7.430217810180693959e+03 2.018615130367877140e-27
7.431534215079475871e+03 1.780410144463236209e-27
7.432850623496714434e+03 1.418164677525363160e-27
7.434167035432407829e+03 1.367391290104985241e-27
7.435483450886557875e+03 1.520352498148108287e-27
7.436799869859163664e+03 1.994016575339180047e-27
7.438116292350224285e+03 2.565421886097395685e-27
7.439432718359742466e+03 2.286057658758260698e-27
7.440749147887715480e+03 1.743356407891192424e-27
7.442065580934145146e+03 1.354034484458173664e-27
7.443382017499029644e+03 1.344870428300293099e-27
7.444698457582370793e+03 1.288927363426693743e-27
7.446014901184166774e+03 1.257345386419648533e-27
7.447331348304419407e+03 1.204470905726441360e-27
7.448647798943127782e+03 1.282761498709738007e-27
7.449964253100291899e+03 1.293849269992569763e-27
7.451280710775912667e+03 1.139612614843776270e-27
7.452597171969988267e+03 1.247626277251795567e-27
7.453913636682520519e+03 1.263026590866099221e-27
7.455230104913508512e+03 1.245994340513419043e-27
7.456546576662951338e+03 1.300632876739187704e-27
7.457863051930851725e+03 1.254989492615176847e-27
7.459179530717206944e+03 1.338507637246523768e-27
7.460496013022018815e+03 1.359703844435466370e-27
7.461812498845285518e+03 1.571221315397230593e-27
7.463128988187007963e+03 1.515577732629983452e-27
7.464445481047187968e+03 1.619865587264088422e-27
7.465761977425821897e+03 1.664535606394205970e-27
7.467078477322913386e+03 1.680569165774224148e-27
7.468394980738459708e+03 1.652912811772823441e-27
7.469711487672462681e+03 1.782282148369180602e-27
7.471027998124920487e+03 2.065842591871146499e-27
7.472344512095834034e+03 2.133296554836359486e-27
7.473661029585204233e+03 2.277207432884818033e-27
7.474977550593030173e+03 1.908421507855805931e-27
7.476294075119311856e+03 1.808247921065398193e-27
7.477610603164049280e+03 1.856425443810233776e-27
7.478927134727243356e+03 2.179714740576997328e-27
7.480243669808892264e+03 2.185738471664057286e-27
7.481560208408997823e+03 2.366014181143452304e-27
7.482876750527559125e+03 2.544858924674167606e-27
7.484193296164575258e+03 2.301669054294469193e-27
7.485509845320048953e+03 1.815744218187936632e-27
7.486826397993977480e+03 1.539469086183101552e-27
7.488142954186362658e+03 1.403942840444030055e-27
7.489459513897202669e+03 1.357240194850606218e-27
7.490776077126498421e+03 1.316328435413965922e-27
7.492092643874251735e+03 1.577427432050024022e-27
7.493409214140458971e+03 1.667081493187691457e-27
7.494725787925123768e+03 1.680375995000802108e-27
7.496042365228243398e+03 1.362425664929371631e-27
7.497358946049818769e+03 1.408541479668740678e-27
7.498675530389850792e+03 1.268786565847275347e-27
7.499992118248337647e+03 1.319613975602593327e-27
7.501308709625281153e+03 1.291524479956699931e-27
7.502625304520680402e+03 1.493168767355060208e-27
7.503941902934535392e+03 1.268179897914793367e-27
7.505258504866846124e+03 1.349692186509060983e-27
7.506575110317612598e+03 1.274440710978007394e-27
7.507891719286835723e+03 1.309776036557171668e-27
7.509208331774514591e+03 1.263208398652849376e-27
7.510524947780649200e+03 1.261693847344583254e-27
7.511841567305238641e+03 1.275576046680223669e-27
7.513158190348285643e+03 1.267677230199308299e-27
7.514474816909787478e+03 1.391520207116743506e-27
7.515791446989745054e+03 1.502329742025029754e-27
7.517108080588159282e+03 1.540720844350456036e-27
7.518424717705028343e+03 1.560820619622058984e-27
7.519741358340354964e+03 1.533213087944748493e-27
7.521058002494135508e+03 2.341499018881347179e-27
7.522374650166373613e+03 3.564489570656518980e-27
7.523691301357066550e+03 4.412461502916652705e-27
7.525007956066214319e+03 3.916084645001930615e-27
7.526324614293820559e+03 2.813221277205990508e-27
7.527641276039880722e+03 2.115240961607729150e-27
7.528957941304397536e+03 1.926800079536110006e-27
7.530274610087370093e+03 2.261794408132881423e-27
7.531591282388798390e+03 2.008193153066820052e-27
7.532907958208682430e+03 1.670660448803346258e-27
7.534224637547022212e+03 1.505771089946158086e-27
7.535541320403818645e+03 1.428301906084142595e-27
7.536858006779069910e+03 1.398154169106682560e-27
7.538174696672778737e+03 1.430275984277139512e-27
7.539491390084941486e+03 1.536837976989576929e-27
7.540808087015560886e+03 1.525689250024005318e-27
7.542124787464636938e+03 1.428858018355584409e-27
7.543441491432167822e+03 1.352455318200273350e-27
7.544758198918155358e+03 1.282124786270123587e-27
7.546074909922597726e+03 1.383813791037272421e-27
7.547391624445496745e+03 1.277852014392003285e-27
7.548708342486851507e+03 1.386448270608199721e-27
7.550025064046662010e+03 1.401969628919508113e-27
7.551341789124928255e+03 1.375885507828207926e-27
7.552658517721650242e+03 1.378777484232699799e-27
7.553975249836828880e+03 1.415134323054367063e-27
7.555291985470463260e+03 1.672449830314676439e-27
7.556608724622553382e+03 1.933054729623501993e-27
7.557925467293099246e+03 1.920560836888273117e-27
7.559242213482099942e+03 1.714855918795166791e-27
7.560558963189558199e+03 1.607553694908604139e-27
7.561875716415471288e+03 1.337700865192819955e-27
7.563192473159841029e+03 1.365017485152030754e-27
7.564509233422665602e+03 1.407752522467022446e-27
7.565825997203947736e+03 1.551460792685331456e-27
7.567142764503683793e+03 1.563154654121661875e-27
7.568459535321876501e+03 1.881964815616764033e-27
7.569776309658525861e+03 2.771466153046703042e-27
7.571093087513630053e+03 3.338698551394414855e-27
7.572409868887190896e+03 3.521288265701991137e-27
7.573726653779206572e+03 2.838037654911397797e-27
7.575043442189678899e+03 2.019418050561692178e-27
7.576360234118606968e+03 1.509013681897025656e-27
7.577677029565989869e+03 1.406283904587929960e-27
7.578993828531830331e+03 1.392926039679648969e-27
7.580310631016125626e+03 1.277458065421878876e-27
7.581627437018877572e+03 1.438600720165256119e-27
7.582944246540084350e+03 1.330145153131497171e-27
7.584261059579747780e+03 1.742280390831263275e-27
7.585577876137866951e+03 2.074626373161507804e-27
7.586894696214441865e+03 2.047368686658595255e-27
7.588211519809473430e+03 1.689507021460136432e-27
7.589528346922959827e+03 1.518557724032933822e-27
7.590845177554902875e+03 1.395507941363094498e-27
7.592162011705300756e+03 1.181557346806088660e-27
7.593478849374154379e+03 1.106019389195807470e-27
7.594795690561465562e+03 1.258588189012761617e-27
7.596112535267231578e+03 1.402675867430114912e-27
7.597429383491453336e+03 1.563091483619485974e-27
7.598746235234130836e+03 1.653859021154500890e-27
7.600063090495264987e+03 1.487101510251257099e-27
7.601379949274854880e+03 1.215392469255072497e-27
7.602696811572899605e+03 1.033223955826333703e-27
7.604013677389401892e+03 9.293428575964833179e-28
7.605330546724358101e+03 8.872017770763406489e-28
7.606647419577771871e+03 9.899460951565164685e-28
7.607964295949640473e+03 9.199270823948713412e-28
7.609281175839965726e+03 1.025552399078856027e-27
7.610598059248745813e+03 9.963999826966553152e-28
7.611914946175982550e+03 1.006378996110503339e-27
7.613231836621675029e+03 1.008160385012564313e-27
7.614548730585823250e+03 1.280532619985098659e-27
7.615865628068428123e+03 1.366530206826849708e-27
7.617182529069486918e+03 1.715523831299880285e-27
7.618499433589004184e+03 1.699550360934126989e-27
7.619816341626975372e+03 1.649629871589620958e-27
7.621133253183402303e+03 1.456085852944358956e-27
7.622450168258286794e+03 1.288190695222965625e-27
7.623767086851625209e+03 1.147644513083848798e-27
7.625084008963421184e+03 1.291542391105182732e-27
7.626400934593671991e+03 1.405405487940294941e-27
7.627717863742378540e+03 1.693744837709766105e-27
7.629034796409541741e+03 1.844844634461638888e-27
7.630351732595160684e+03 1.490708295554608295e-27
7.631668672299235368e+03 1.223023292584226384e-27
7.632985615521765794e+03 1.193260356409654918e-27
7.634302562262752872e+03 1.073223883730803863e-27
7.635619512522194782e+03 1.145050670634748069e-27
7.636936466300093343e+03 1.181556961620099783e-27
7.638253423596446737e+03 1.077706678269359593e-27
7.639570384411255873e+03 1.105783077591631156e-27
7.640887348744522569e+03 1.088945923942317405e-27
7.642204316596243189e+03 1.248345997272013077e-27
7.643521287966421369e+03 1.137931759484812310e-27
7.644838262855054381e+03 1.116924004540927999e-27
7.646155241262143136e+03 1.166854123535155966e-27
7.647472223187688542e+03 1.225002859677564804e-27
7.648789208631689689e+03 1.235962845508586467e-27
7.650106197594146579e+03 1.270010590623430654e-27
7.651423190075059210e+03 1.401065982589601622e-27
7.652740186074428493e+03 1.465615932088170315e-27
7.654057185592252608e+03 1.367436549458678341e-27
7.655374188628532465e+03 1.474072497880980229e-27
7.656691195183268974e+03 1.350309061870248214e-27
7.658008205256460315e+03 1.285040836798920301e-27
7.659325218848109216e+03 1.484733290495141334e-27
7.660642235958212041e+03 1.688522871258554554e-27
7.661959256586772426e+03 1.842325710687374822e-27
7.663276280733787644e+03 1.889791217131770443e-27
7.664593308399258603e+03 1.610706057041577167e-27
7.665910339583186214e+03 1.432065173195475254e-27
7.667227374285569567e+03 1.340890397773719657e-27
7.668544412506408662e+03 1.339655010010892464e-27
7.669861454245703499e+03 1.249146991535883728e-27
7.671178499503454077e+03 1.411055781211138214e-27
7.672495548279661307e+03 1.314956499218081674e-27
7.673812600574323369e+03 1.415107167442151203e-27
7.675129656387442083e+03 1.469682147979755086e-27
7.676446715719015629e+03 1.324558222955824239e-27
7.677763778569046735e+03 1.388669830799050397e-27
7.679080844937531765e+03 1.422425701230822700e-27
7.680397914824473446e+03 1.465967125413529328e-27
7.681714988229871778e+03 1.427720756723423746e-27
7.683032065153724943e+03 1.517008313392674291e-27
7.684349145596034759e+03 1.529363442875410067e-27
7.685666229556800317e+03 1.506385943080903711e-27
7.686983317036021617e+03 1.607314205520019587e-27
7.688300408033698659e+03 1.611964267074245348e-27
7.689617502549831443e+03 1.644299282689545967e-27
7.690934600584420878e+03 1.569887320021250774e-27
7.692251702137465145e+03 1.603912050273259534e-27
7.693568807208966064e+03 1.621014597068909847e-27
7.694885915798921815e+03 1.538101001847106079e-27
7.696203027907335127e+03 1.557030582084499342e-27
7.697520143534203271e+03 1.720015677709174635e-27
7.698837262679526248e+03 1.865941463665451108e-27
7.700154385343306785e+03 1.956868853385850165e-27
7.701471511525542155e+03 1.850154230725320058e-27
7.702788641226234176e+03 1.646435909369849166e-27
7.704105774445381940e+03 1.628201397249385256e-27
7.705422911182985445e+03 1.422779109375617757e-27
7.706740051439044692e+03 1.518185538071180989e-27
7.708057195213559680e+03 1.779995876932198515e-27
7.709374342506531320e+03 2.758711104211015256e-27
7.710691493317957793e+03 4.235727000826002498e-27
7.712008647647840917e+03 5.469662227289138082e-27
7.713325805496178873e+03 6.503764503466609585e-27
7.714642966862973481e+03 7.448128844257335587e-27
7.715960131748223830e+03 7.046703414088815244e-27
7.717277300151929921e+03 6.372197680803706587e-27
7.718594472074092664e+03 5.280572499419254879e-27
7.719911647514710239e+03 3.733517656667698102e-27
7.721228826473784466e+03 2.682174070442083187e-27
7.722546008951314434e+03 2.497257254982703808e-27
7.723863194947299235e+03 2.639431329407313945e-27
7.725180384461741596e+03 2.886369059458789920e-27
7.726497577494638790e+03 2.645838705739295840e-27
7.727814774045992635e+03 2.364239821885688344e-27
7.729131974115801313e+03 2.064649863456587483e-27
7.730449177704066642e+03 1.849281591867518202e-27
7.731766384810786803e+03 1.679576734073881405e-27
7.733083595435963616e+03 1.669504313057730600e-27
7.734400809579596171e+03 1.883865901064868674e-27
7.735718027241684467e+03 1.912020685735876797e-27
7.737035248422229415e+03 1.739571185178493750e-27
7.738352473121229195e+03 1.630847239806984441e-27
7.739669701338685627e+03 1.593753155002605743e-27
7.740986933074597800e+03 1.678482420679480577e-27
7.742304168328964806e+03 1.663625026716499685e-27
7.743621407101789373e+03 1.582458827733238456e-27
7.744938649393068772e+03 1.748790804415269887e-27
7.746255895202804822e+03 2.406817125538234722e-27
7.747573144530995705e+03 4.405888689202447947e-27
7.748890397377643239e+03 6.500282422127157462e-27
7.750207653742745606e+03 7.935426868414216248e-27
7.751524913626304624e+03 7.509144616011456484e-27
7.752842177028319384e+03 5.910346583816025596e-27
7.754159443948789885e+03 3.651884034486934091e-27
7.755476714387717038e+03 2.537924421316406925e-27
7.756793988345099024e+03 2.649385498324879374e-27
7.758111265820936751e+03 3.177246881191460680e-27
7.759428546815232039e+03 3.637411056140852891e-27
7.760745831327981250e+03 3.894645578047000783e-27
7.762063119359188022e+03 3.225403026113913564e-27
7.763380410908849626e+03 2.345363204721765729e-27
7.764697705976967882e+03 1.895653170103501873e-27
7.766015004563540970e+03 1.658923446536261565e-27
7.767332306668570709e+03 1.566792158007626047e-27
7.768649612292055281e+03 1.540958696698587859e-27
7.769966921433996504e+03 1.854934774033278055e-27
7.771284234094393469e+03 1.996905662848755340e-27
7.772601550273246175e+03 2.435434711174879098e-27
7.773918869970555534e+03 2.393539186722645802e-27
7.775236193186319724e+03 2.167127247646471232e-27
7.776553519920539657e+03 2.182163753094280137e-27
7.777870850173217150e+03 2.328569865978686787e-27
7.779188183944348566e+03 2.717508914538761364e-27
7.780505521233937543e+03 2.792914271872371494e-27
7.781822862041980443e+03 2.729362820753470362e-27
7.783140206368480904e+03 2.200283479790058568e-27
7.784457554213436197e+03 1.968299632791777287e-27
7.785774905576848141e+03 1.784719605306797088e-27
7.787092260458715828e+03 1.748319721950872769e-27
7.788409618859038346e+03 1.961195455005916090e-27
7.789726980777818426e+03 2.566141028338629879e-27
7.791044346215053338e+03 3.667014910502017971e-27
7.792361715170744901e+03 5.409708798492341185e-27
7.793679087644891297e+03 6.198060487836057005e-27
7.794996463637493434e+03 6.020290220621315342e-27
7.796313843148552223e+03 4.899930164466606075e-27
7.797631226178066754e+03 3.145632741154344203e-27
7.798948612726037936e+03 2.078084187783660647e-27
7.800266002792463041e+03 1.670985738370953262e-27
7.801583396377344798e+03 1.615593296868454217e-27
7.802900793480683205e+03 1.776471810319958750e-27
7.804218194102477355e+03 1.770008774612584064e-27
7.805535598242727247e+03 2.503319697261645949e-27
7.806853005901431970e+03 3.197356286112785564e-27
7.808170417078594255e+03 3.500239006967805282e-27
7.809487831774211372e+03 3.418090391119912124e-27
7.810805249988285141e+03 3.010039569349705250e-27
7.812122671720813742e+03 2.285090649333183867e-27
7.813440096971798084e+03 1.918562491977976921e-27
7.814757525741239078e+03 1.952070013743420489e-27
7.816074958029135814e+03 2.075004240616596580e-27
7.817392393835488292e+03 2.691311452470233989e-27
7.818709833160296512e+03 4.505488926648411604e-27
7.820027276003560473e+03 6.308071917375389182e-27
7.821344722365281086e+03 7.164632726815512225e-27
7.822662172245456532e+03 6.779015329630522313e-27
7.823979625644089538e+03 5.268847437917825387e-27
7.825297082561176467e+03 3.275435604581182932e-27
7.826614542996720957e+03 2.094751763301371102e-27
7.827932006950720279e+03 1.761567423666334810e-27
7.829249474423174433e+03 1.869880760773700760e-27
7.830566945414087058e+03 1.691987041449523875e-27
7.831884419923453606e+03 1.704513097214824019e-27
7.833201897951276806e+03 1.774231761201641956e-27
7.834519379497555747e+03 1.588877855941383894e-27
7.835836864562290430e+03 1.637336660754597232e-27
7.837154353145480854e+03 1.965760486753097155e-27
7.838471845247127021e+03 2.368991091058491655e-27
7.839789340867229839e+03 2.916516796436249955e-27
7.841106840005787490e+03 3.329613939846740264e-27
7.842424342662801791e+03 3.218097396055869462e-27
7.843741848838271835e+03 2.705491111685785013e-27
7.845059358532197621e+03 2.115223820831224103e-27
7.846376871744579148e+03 1.957732632965907840e-27
7.847694388475416417e+03 2.164257226843345373e-27
7.849011908724710338e+03 2.969408417905962174e-27
7.850329432492459091e+03 4.744410165899370148e-27
7.851646959778665405e+03 6.468380548156349533e-27
7.852964490583325642e+03 7.472089723881446066e-27
7.854282024906443439e+03 7.195790421455808926e-27
7.855599562748016069e+03 6.254697850454607960e-27
7.856917104108044441e+03 4.684550722483859348e-27
7.858234648986529464e+03 3.853837433641368520e-27
7.859552197383469320e+03 3.849403172537411348e-27
7.860869749298865827e+03 4.048584773315883667e-27
7.862187304732718076e+03 3.735227112086336213e-27
7.863504863685025157e+03 3.056771489078283774e-27
7.864822426155789799e+03 2.472183573036726384e-27
7.866139992145009273e+03 2.786285221003790628e-27
7.867457561652685399e+03 3.244587214289954820e-27
7.868775134678816357e+03 4.213508317429584712e-27
7.870092711223404876e+03 4.652407336898025259e-27
7.871410291286447318e+03 4.380992577997343027e-27
7.872727874867946412e+03 3.616549768169239230e-27
7.874045461967901247e+03 2.713293053890497705e-27
7.875363052586311824e+03 2.322613927625669260e-27
7.876680646723179052e+03 2.522301085014543229e-27
7.877998244378502022e+03 3.196297987608344778e-27
7.879315845552280734e+03 3.451924743196918206e-27
7.880633450244514279e+03 3.593104652584235653e-27
7.881951058455204475e+03 3.408266607659581711e-27
7.883268670184351322e+03 2.835746761242549180e-27
7.884586285431953002e+03 2.625548648589187433e-27
7.885903904198011332e+03 2.687921430582123576e-27
7.887221526482524496e+03 3.540135416137764628e-27
7.888539152285493401e+03 4.268524047034961614e-27
7.889856781606919867e+03 4.666042535718298011e-27
7.891174414446800256e+03 4.367537646219864919e-27
7.892492050805138206e+03 3.711464218060508742e-27
7.893809690681930988e+03 2.610370009511482750e-27
7.895127334077180421e+03 1.986592885775545008e-27
7.896444980990884687e+03 1.789354740903953848e-27
7.897762631423046514e+03 1.665551341846875798e-27
7.899080285373662264e+03 1.707162599039317539e-27
7.900397942842734665e+03 1.793599683094377755e-27
7.901715603830263717e+03 1.753188858036272579e-27
7.903033268336246692e+03 1.788494813183784948e-27
7.904350936360687228e+03 1.750815149379815311e-27
7.905668607903583506e+03 1.781763880621145997e-27
7.906986282964934617e+03 1.829214942590958714e-27
7.908303961544742378e+03 2.178383730392431310e-27
7.909621643643005882e+03 3.528859866685355117e-27
7.910939329259726037e+03 5.763527166365553445e-27
7.912257018394901024e+03 8.009404148694063242e-27
7.913574711048532663e+03 9.226409295388068391e-27
7.914892407220619134e+03 8.785365945519547096e-27
7.916210106911161347e+03 7.196561563805541575e-27
7.917527810120161121e+03 5.051000109304340856e-27
7.918845516847614817e+03 4.365367508358529382e-27
7.920163227093526075e+03 4.854717803464149081e-27
7.921480940857892165e+03 4.853474808278041559e-27
7.922798658140714906e+03 4.383774006023027073e-27
7.924116378941992480e+03 3.084593087868912905e-27
7.925434103261726705e+03 2.344601499428760577e-27
7.926751831099916672e+03 2.175083842025718220e-27
7.928069562456562380e+03 2.660615788423595785e-27
7.929387297331663831e+03 3.182081928316844836e-27
7.930705035725221023e+03 3.609335619783553522e-27
7.932022777637233958e+03 3.881074705286870564e-27
7.933340523067704453e+03 3.322545776950839108e-27
7.934658272016628871e+03 2.667485195349236178e-27
7.935976024484009940e+03 2.053238921129087550e-27
7.937293780469846752e+03 1.763507798085304950e-27
7.938611539974140214e+03 1.723588855534996273e-27
7.939929302996888509e+03 1.648524002615553808e-27
7.941247069538093456e+03 1.665035385214774458e-27
7.942564839597753235e+03 1.731723020655115764e-27
7.943882613175868755e+03 1.801170706298758418e-27
7.945200390272441837e+03 2.061617871945138658e-27
7.946518170887468841e+03 2.643716716126569984e-27
7.947835955020953406e+03 2.909092529093631599e-27
7.949153742672892804e+03 3.061451498843144757e-27
7.950471533843287943e+03 3.029299253979566486e-27
7.951789328532139734e+03 2.712683689656093584e-27
7.953107126739447267e+03 2.047951665652761271e-27
7.954424928465210542e+03 1.689820562855082674e-27
7.955742733709429558e+03 1.510454758977913405e-27
7.957060542472104316e+03 1.624041195976514388e-27
7.958378354753234817e+03 1.683942624664812830e-27
7.959696170552821059e+03 2.150195627133385287e-27
7.961013989870864862e+03 3.102241539507299780e-27
7.962331812707362587e+03 4.899087762708931098e-27
7.963649639062316965e+03 6.399686478899945604e-27
7.964967468935727084e+03 7.218766765692348650e-27
7.966285302327593854e+03 6.495254204228351267e-27
7.967603139237915457e+03 4.980472169554891401e-27
7.968920979666692801e+03 3.058056469537178937e-27
7.970238823613926797e+03 2.063486216584188716e-27
7.971556671079615626e+03 1.924782282733375499e-27
7.972874522063762015e+03 1.943596114581111090e-27
7.974192376566362327e+03 1.972623923295909948e-27
7.975510234587420200e+03 2.579917205230831777e-27
7.976828096126932905e+03 2.981524058000113398e-27
7.978145961184901353e+03 3.961688354969087095e-27
7.979463829761326451e+03 4.072598808606459234e-27
7.980781701856206382e+03 3.725352869261462854e-27
7.982099577469543874e+03 3.266651052918843872e-27
7.983417456601336198e+03 2.420741791629148876e-27
7.984735339251584264e+03 1.950474765970484542e-27
7.986053225420288072e+03 1.759827538554575381e-27
7.987371115107447622e+03 2.017481528002610813e-27
7.988689008313063823e+03 2.473875117306881693e-27
7.990006905037135766e+03 3.660271459394740503e-27
7.991324805279663451e+03 5.879300207926514477e-27
7.992642709040646878e+03 7.323943340699291110e-27
7.993960616320086046e+03 7.741956420292829838e-27
7.995278527117980957e+03 6.926375163023389522e-27
7.996596441434331609e+03 4.767916911242594116e-27
7.997914359269139823e+03 2.532755803124654900e-27
7.999232280622401959e+03 2.075350522820597405e-27
8.000550205494120746e+03 1.829669076871845224e-27
8.001868133884295275e+03 1.652990234156587808e-27
8.003186065792925547e+03 1.859604576369433786e-27
8.004504001220012469e+03 1.829639802736690538e-27
8.005821940165554224e+03 1.592433700397706047e-27
8.007139882629552631e+03 1.743430171008062455e-27
8.008457828612005869e+03 1.696949585137226466e-27
8.009775778112916669e+03 1.792504984513988050e-27
8.011093731132281391e+03 2.507125527424749565e-27
8.012411687670102765e+03 3.045127701820507423e-27
8.013729647726380790e+03 3.190001544841159588e-27
8.015047611301113648e+03 3.359662684025058795e-27
8.016365578394303157e+03 2.893907919633099316e-27
8.017683549005948407e+03 2.508318255839308581e-27
8.019001523136048490e+03 2.196938717255641256e-27
8.020319500784606134e+03 2.096520537362296340e-27
8.021637481951617701e+03 2.678219365894278437e-27
8.022955466637086829e+03 3.709271739411818312e-27
8.024273454841010789e+03 5.090947363024832024e-27
8.025591446563391401e+03 5.761716021845851689e-27
8.026909441804227754e+03 6.016178360190048593e-27
8.028227440563519849e+03 5.113960685116303983e-27
8.029545442841267686e+03 3.412720128062982755e-27
8.030863448637471265e+03 2.332757222863773516e-27
8.032181457952130586e+03 2.047083649026825944e-27
8.033499470785246558e+03 1.923164501580090221e-27
8.034817487136818272e+03 1.858397403480291867e-27
8.036135507006844819e+03 1.820924969738338296e-27
8.037453530395327107e+03 1.638483937222468708e-27
8.038771557302266956e+03 1.831780281276882512e-27
8.040089587727661637e+03 1.520216142308045671e-27
8.041407621671512970e+03 1.687869403228423965e-27
8.042725659133819136e+03 1.729581193963962719e-27
8.044043700114581043e+03 1.671337798364787249e-27
8.045361744613799601e+03 1.585519419304361432e-27
8.046679792631474811e+03 1.773610648794577073e-27
8.047997844167603944e+03 1.872912752285149586e-27
8.049315899222189728e+03 2.158236384651201997e-27
8.050633957795232163e+03 2.445052034945171199e-27
8.051952019886729431e+03 2.642570402623670701e-27
8.053270085496683350e+03 2.698786564363384167e-27
8.054588154625092102e+03 2.375500926863514951e-27
8.055906227271957505e+03 1.948714658594309047e-27
8.057224303437279559e+03 1.775835868252322085e-27
8.058542383121055536e+03 2.248035179424190133e-27
8.059860466323289074e+03 2.988111893967884377e-27
8.061178553043977445e+03 3.401022414766763562e-27
8.062496643283121557e+03 3.777515141061235628e-27
8.063814737040723230e+03 3.533209772057748127e-27
8.065132834316778826e+03 2.962568862894459784e-27
8.066450935111291983e+03 2.158984415841601999e-27
8.067769039424259063e+03 1.800146304161338847e-27
8.069087147255683703e+03 1.744802396093438360e-27
8.070405258605563176e+03 1.706221011889506619e-27
8.071723373473900210e+03 1.748800048879002946e-27
8.073041491860691167e+03 1.669716165351613196e-27
8.074359613765937866e+03 1.669244505108232762e-27
8.075677739189642125e+03 1.763882584052482706e-27
8.076995868131801217e+03 1.723863878331054771e-27
8.078314000592416960e+03 1.761003896564607104e-27
8.079632136571487536e+03 1.776350284140467916e-27
8.080950276069013853e+03 1.778972630352745576e-27
8.082268419084996822e+03 1.806316020738183357e-27
8.083586565619435532e+03 1.810120887936314780e-27
8.084904715672329985e+03 1.897623974215593332e-27
8.086222869243680179e+03 1.827872184233731933e-27
8.087541026333487025e+03 1.731074174856851704e-27
8.088859186941748703e+03 1.803039628716791792e-27
