 3.78806168e+03  4.07018308e-15
 3.78909374e+03  3.88205663e-15
 3.79012587e+03  4.08239345e-15
 3.79115809e+03  3.79642829e-15
 3.79219037e+03  3.95182703e-15
 3.79322273e+03  3.81134221e-15
 3.79425517e+03  3.77728340e-15
 3.79528768e+03  3.53030838e-15
 3.79632026e+03  3.59377685e-15
 3.79735292e+03  3.35523582e-15
 3.79838566e+03  3.59689180e-15
 3.79941847e+03  3.28500047e-15
 3.80045135e+03  3.48636918e-15
 3.80148431e+03  3.35718197e-15
 3.80251734e+03  3.40686119e-15
 3.80355045e+03  3.22284601e-15
 3.80458363e+03  3.13735663e-15
 3.80561689e+03  3.07501906e-15
 3.80665022e+03  3.05504307e-15
 3.80768362e+03  3.03881503e-15
 3.80871710e+03  2.93629633e-15
 3.80975065e+03  2.95378391e-15
 3.81078428e+03  2.92619070e-15
 3.81181798e+03  2.92731201e-15
 3.81285175e+03  2.79368092e-15
 3.81388560e+03  2.84092390e-15
 3.81491953e+03  2.69938475e-15
 3.81595352e+03  2.78159061e-15
 3.81698759e+03  2.56637883e-15
 3.81802174e+03  2.64544890e-15
 3.81905595e+03  2.58250777e-15
 3.82009024e+03  2.60136219e-15
 3.82112461e+03  2.51943059e-15
 3.82215905e+03  2.48030526e-15
 3.82319356e+03  2.41378943e-15
 3.82422815e+03  2.41274904e-15
 3.82526280e+03  2.37454874e-15
 3.82629754e+03  2.32500796e-15
 3.82733234e+03  2.30041052e-15
 3.82836722e+03  2.34518969e-15
 3.82940217e+03  2.29859689e-15
 3.83043720e+03  2.27497076e-15
 3.83147230e+03  2.23840026e-15
 3.83250747e+03  2.16599817e-15
 3.83354271e+03  2.16568810e-15
 3.83457803e+03  2.10854376e-15
 3.83561342e+03  2.06799554e-15
 3.83664889e+03  2.02081124e-15
 3.83768442e+03  2.01092940e-15
 3.83872003e+03  2.00547979e-15
 3.83975571e+03  1.98197652e-15
 3.84079147e+03  1.94993973e-15
 3.84182730e+03  1.92797454e-15
 3.84286320e+03  1.88752038e-15
 3.84389917e+03  1.87546270e-15
 3.84493522e+03  1.85516211e-15
 3.84597134e+03  1.84706634e-15
 3.84700753e+03  1.80904358e-15
 3.84804379e+03  1.80479852e-15
 3.84908013e+03  1.75363538e-15
 3.85011653e+03  1.74824262e-15
 3.85115301e+03  1.71659391e-15
 3.85218957e+03  1.73615422e-15
 3.85322619e+03  1.68846942e-15
 3.85426289e+03  1.65160480e-15
 3.85529966e+03  1.64434931e-15
 3.85633650e+03  1.64275735e-15
 3.85737341e+03  1.59920061e-15
 3.85841040e+03  1.60894354e-15
 3.85944745e+03  1.56544668e-15
 3.86048458e+03  1.56156849e-15
 3.86152178e+03  1.56566384e-15
 3.86255906e+03  1.55929390e-15
 3.86359640e+03  1.50727419e-15
 3.86463382e+03  1.52336996e-15
 3.86567131e+03  1.47696776e-15
 3.86670887e+03  1.46168707e-15
 3.86774650e+03  1.47869917e-15
 3.86878420e+03  1.45236639e-15
 3.86982197e+03  1.45164166e-15
 3.87085982e+03  1.41937350e-15
 3.87189774e+03  1.43363153e-15
 3.87293572e+03  1.41468529e-15
 3.87397378e+03  1.40875303e-15
 3.87501192e+03  1.40373433e-15
 3.87605012e+03  1.37976670e-15
 3.87708839e+03  1.32662653e-15
 3.87812674e+03  1.35422742e-15
 3.87916515e+03  1.32481832e-15
 3.88020364e+03  1.30250308e-15
 3.88124220e+03  1.29318408e-15
 3.88228082e+03  1.27857777e-15
 3.88331952e+03  1.26492482e-15
 3.88435829e+03  1.22801656e-15
 3.88539714e+03  1.24266587e-15
 3.88643605e+03  1.21153292e-15
 3.88747503e+03  1.23245257e-15
 3.88851408e+03  1.19178573e-15
 3.88955321e+03  1.19918880e-15
 3.89059240e+03  1.19931535e-15
 3.89163167e+03  1.20268193e-15
 3.89267100e+03  1.16559760e-15
 3.89371041e+03  1.15908238e-15
 3.89474989e+03  1.16736013e-15
 3.89578943e+03  1.17648389e-15
 3.89682905e+03  1.13994181e-15
 3.89786874e+03  1.14839976e-15
 3.89890850e+03  1.11431386e-15
 3.89994832e+03  1.15166689e-15
 3.90098822e+03  1.11903387e-15
 3.90202819e+03  1.13011744e-15
 3.90306823e+03  1.12497798e-15
 3.90410834e+03  1.14416053e-15
 3.90514852e+03  1.11227326e-15
 3.90618876e+03  1.15654274e-15
 3.90722908e+03  1.16254420e-15
 3.90826947e+03  1.15874817e-15
 3.90930993e+03  1.16293721e-15
 3.91035046e+03  1.12795582e-15
 3.91139105e+03  1.14881469e-15
 3.91243172e+03  1.13096484e-15
 3.91347246e+03  1.09716672e-15
 3.91451326e+03  1.06373666e-15
 3.91555414e+03  1.08042121e-15
 3.91659508e+03  1.03312605e-15
 3.91763610e+03  1.01679320e-15
 3.91867718e+03  9.93802262e-16
 3.91971833e+03  1.00120480e-15
 3.92075956e+03  9.55070576e-16
 3.92180085e+03  9.61830849e-16
 3.92284221e+03  9.58586349e-16
 3.92388364e+03  9.39926480e-16
 3.92492514e+03  9.25909692e-16
 3.92596671e+03  9.42364553e-16
 3.92700834e+03  9.05865246e-16
 3.92805005e+03  9.20317037e-16
 3.92909182e+03  8.93130982e-16
 3.93013367e+03  9.01933076e-16
 3.93117558e+03  8.96391235e-16
 3.93221756e+03  9.11849647e-16
 3.93325961e+03  9.18712939e-16
 3.93430173e+03  8.68233692e-16
 3.93534392e+03  8.71428391e-16
 3.93638618e+03  8.60164370e-16
 3.93742850e+03  8.76294630e-16
 3.93847089e+03  9.14001424e-16
 3.93951336e+03  9.08105127e-16
 3.94055589e+03  8.93384506e-16
 3.94159848e+03  8.93292576e-16
 3.94264115e+03  8.93895696e-16
 3.94368389e+03  8.98436974e-16
 3.94472669e+03  8.88376285e-16
 3.94576956e+03  8.95038631e-16
 3.94681250e+03  8.69992077e-16
 3.94785551e+03  8.70007886e-16
 3.94889858e+03  8.28554619e-16
 3.94994173e+03  8.48267098e-16
 3.95098494e+03  8.38657129e-16
 3.95202822e+03  8.60743927e-16
 3.95307157e+03  8.08750240e-16
 3.95411498e+03  8.15205257e-16
 3.95515847e+03  8.07865487e-16
 3.95620202e+03  7.79686990e-16
 3.95724564e+03  7.96331648e-16
 3.95828932e+03  7.71019094e-16
 3.95933308e+03  7.85178977e-16
 3.96037690e+03  7.90566619e-16
 3.96142079e+03  7.67916540e-16
 3.96246475e+03  7.54724920e-16
 3.96350877e+03  7.33677942e-16
 3.96455286e+03  7.21528177e-16
 3.96559702e+03  7.02772679e-16
 3.96664125e+03  6.97541707e-16
 3.96768554e+03  7.19337678e-16
 3.96872990e+03  6.81182904e-16
 3.96977433e+03  6.97519492e-16
 3.97081882e+03  7.17869671e-16
 3.97186338e+03  7.16498099e-16
 3.97290801e+03  6.94416081e-16
 3.97395271e+03  7.27558348e-16
 3.97499747e+03  7.04496259e-16
 3.97604230e+03  7.18923243e-16
 3.97708720e+03  7.22784718e-16
 3.97813216e+03  7.08288869e-16
 3.97917719e+03  7.12980256e-16
 3.98022229e+03  7.08698833e-16
 3.98126745e+03  7.09565435e-16
 3.98231268e+03  7.03909192e-16
 3.98335798e+03  7.02451285e-16
 3.98440334e+03  7.01856594e-16
 3.98544877e+03  6.82234679e-16
 3.98649427e+03  6.98280822e-16
 3.98753983e+03  6.94473894e-16
 3.98858546e+03  6.82523703e-16
 3.98963116e+03  6.70036804e-16
 3.99067692e+03  6.85620123e-16
 3.99172275e+03  6.79070780e-16
 3.99276864e+03  6.76630485e-16
 3.99381460e+03  6.70774303e-16
 3.99486063e+03  6.80503226e-16
 3.99590672e+03  6.77006318e-16
 3.99695288e+03  6.67691901e-16
 3.99799910e+03  6.70577827e-16
 3.99904539e+03  6.60939588e-16
 4.00009175e+03  6.72081512e-16
 4.00113817e+03  6.51350819e-16
 4.00218465e+03  6.64322108e-16
 4.00323121e+03  6.47672656e-16
 4.00427783e+03  6.46776059e-16
 4.00532451e+03  6.57964762e-16
 4.00637126e+03  6.68977849e-16
 4.00741808e+03  6.74779547e-16
 4.00846496e+03  6.54764001e-16
 4.00951190e+03  6.67891094e-16
 4.01055892e+03  6.58496009e-16
 4.01160599e+03  6.60900320e-16
 4.01265313e+03  6.37689231e-16
 4.01370034e+03  6.46937626e-16
 4.01474762e+03  6.28990196e-16
 4.01579495e+03  6.38049384e-16
 4.01684236e+03  6.39738919e-16
 4.01788982e+03  6.84382679e-16
 4.01893736e+03  6.70526917e-16
 4.01998496e+03  6.97246747e-16
 4.02103262e+03  6.81871471e-16
 4.02208035e+03  6.87233624e-16
 4.02312814e+03  6.68867728e-16
 4.02417600e+03  6.48559592e-16
 4.02522392e+03  6.57945978e-16
 4.02627191e+03  6.40154127e-16
 4.02731996e+03  6.14671521e-16
 4.02836808e+03  6.09767541e-16
 4.02941626e+03  6.08519064e-16
 4.03046450e+03  5.97824166e-16
 4.03151281e+03  5.93418564e-16
 4.03256119e+03  6.01526986e-16
 4.03360963e+03  5.95195917e-16
 4.03465813e+03  5.90923914e-16
 4.03570670e+03  5.83271971e-16
 4.03675533e+03  5.92632183e-16
 4.03780403e+03  5.87764596e-16
 4.03885279e+03  5.99199749e-16
 4.03990161e+03  5.96795839e-16
 4.04095050e+03  6.10329422e-16
 4.04199945e+03  6.32155991e-16
 4.04304847e+03  8.28616690e-16
 4.04409755e+03  1.10253455e-15
 4.04514670e+03  1.21709001e-15
 4.04619591e+03  1.22005217e-15
 4.04724518e+03  1.02270856e-15
 4.04829451e+03  8.36519707e-16
 4.04934391e+03  7.30990482e-16
 4.05039338e+03  6.47097427e-16
 4.05144290e+03  5.94647419e-16
 4.05249249e+03  6.07799444e-16
 4.05354215e+03  5.77761061e-16
 4.05459187e+03  5.66471454e-16
 4.05564165e+03  5.64666428e-16
 4.05669149e+03  5.59343974e-16
 4.05774140e+03  5.51778506e-16
 4.05879137e+03  5.43468285e-16
 4.05984141e+03  5.57786958e-16
 4.06089150e+03  5.41112254e-16
 4.06194166e+03  5.55264204e-16
 4.06299189e+03  5.50542867e-16
 4.06404218e+03  5.54583401e-16
 4.06509253e+03  5.35091284e-16
 4.06614294e+03  5.43534747e-16
 4.06719341e+03  5.40772326e-16
 4.06824395e+03  5.24333923e-16
 4.06929456e+03  5.19202801e-16
 4.07034522e+03  5.30464531e-16
 4.07139595e+03  5.34752046e-16
 4.07244674e+03  5.27269649e-16
 4.07349759e+03  5.44379374e-16
 4.07454851e+03  5.42493530e-16
 4.07559949e+03  5.68285249e-16
 4.07665053e+03  5.94497344e-16
 4.07770163e+03  5.91198519e-16
 4.07875279e+03  5.66398442e-16
 4.07980402e+03  5.64170748e-16
 4.08085531e+03  5.39103568e-16
 4.08190667e+03  5.40820809e-16
 4.08295808e+03  5.51399002e-16
 4.08400956e+03  5.45095584e-16
 4.08506110e+03  5.40646189e-16
 4.08611270e+03  5.31572379e-16
 4.08716436e+03  5.29409275e-16
 4.08821609e+03  5.22046734e-16
 4.08926788e+03  4.94234389e-16
 4.09031973e+03  4.99918149e-16
 4.09137164e+03  5.07442637e-16
 4.09242361e+03  5.02683675e-16
 4.09347565e+03  4.95480701e-16
 4.09452774e+03  4.83926210e-16
 4.09557990e+03  4.88932634e-16
 4.09663212e+03  4.88807041e-16
 4.09768441e+03  4.67274061e-16
 4.09873675e+03  4.78057927e-16
 4.09978916e+03  4.80303653e-16
 4.10084162e+03  4.70585354e-16
 4.10189415e+03  4.78989199e-16
 4.10294674e+03  4.68754982e-16
 4.10399939e+03  4.76564250e-16
 4.10505210e+03  4.75689970e-16
 4.10610488e+03  4.69675534e-16
 4.10715771e+03  4.80250057e-16
 4.10821061e+03  4.59099428e-16
 4.10926357e+03  4.64895221e-16
 4.11031659e+03  4.85005935e-16
 4.11136967e+03  4.75781251e-16
 4.11242281e+03  4.89895145e-16
 4.11347601e+03  4.86669533e-16
 4.11452927e+03  4.79402708e-16
 4.11558259e+03  4.76796906e-16
 4.11663598e+03  4.72081776e-16
 4.11768942e+03  4.63193241e-16
 4.11874293e+03  4.66349654e-16
 4.11979649e+03  4.53452597e-16
 4.12085012e+03  4.61216720e-16
 4.12190381e+03  4.64413362e-16
 4.12295756e+03  4.75990846e-16
 4.12401137e+03  4.75914169e-16
 4.12506524e+03  4.76185289e-16
 4.12611916e+03  4.71054387e-16
 4.12717315e+03  4.80458280e-16
 4.12822721e+03  4.67509932e-16
 4.12928132e+03  4.65995286e-16
 4.13033549e+03  4.91694360e-16
 4.13138972e+03  4.73232464e-16
 4.13244401e+03  4.72690184e-16
 4.13349836e+03  4.79049369e-16
 4.13455277e+03  4.80904964e-16
 4.13560724e+03  4.77960466e-16
 4.13666177e+03  4.69145892e-16
 4.13771637e+03  4.80785771e-16
 4.13877102e+03  4.88092560e-16
 4.13982573e+03  4.76788244e-16
 4.14088050e+03  4.61912777e-16
 4.14193533e+03  4.62082241e-16
 4.14299022e+03  4.58640831e-16
 4.14404517e+03  4.63738045e-16
 4.14510018e+03  4.45056806e-16
 4.14615525e+03  4.55269107e-16
 4.14721038e+03  4.44073809e-16
 4.14826557e+03  4.42976757e-16
 4.14932081e+03  4.54887633e-16
 4.15037612e+03  4.62734628e-16
 4.15143149e+03  4.75578174e-16
 4.15248691e+03  4.64511562e-16
 4.15354240e+03  4.72295976e-16
 4.15459794e+03  4.71244474e-16
 4.15565354e+03  4.80017546e-16
 4.15670921e+03  4.58070666e-16
 4.15776493e+03  4.68005647e-16
 4.15882071e+03  4.67018916e-16
 4.15987655e+03  4.56232138e-16
 4.16093245e+03  4.80750675e-16
 4.16198840e+03  4.94643998e-16
 4.16304442e+03  4.98766169e-16
 4.16410049e+03  5.14757732e-16
 4.16515663e+03  4.90534412e-16
 4.16621282e+03  4.84327362e-16
 4.16726907e+03  4.79645803e-16
 4.16832538e+03  4.69327622e-16
 4.16938175e+03  4.63851492e-16
 4.17043817e+03  4.70682620e-16
 4.17149466e+03  4.64894068e-16
 4.17255120e+03  4.47587088e-16
 4.17360781e+03  4.58134271e-16
 4.17466447e+03  4.42610289e-16
 4.17572118e+03  4.64478417e-16
 4.17677796e+03  4.55567169e-16
 4.17783480e+03  4.58807613e-16
 4.17889169e+03  4.57140047e-16
 4.17994864e+03  4.48242238e-16
 4.18100565e+03  4.51131115e-16
 4.18206272e+03  4.39841512e-16
 4.18311984e+03  4.49267841e-16
 4.18417703e+03  4.45818241e-16
 4.18523427e+03  4.34062314e-16
 4.18629157e+03  4.36345101e-16
 4.18734892e+03  4.31791363e-16
 4.18840634e+03  4.26663978e-16
 4.18946381e+03  4.42185874e-16
 4.19052134e+03  4.32666110e-16
 4.19157893e+03  4.49006565e-16
 4.19263658e+03  4.49977208e-16
 4.19369428e+03  4.41403127e-16
 4.19475204e+03  4.35068298e-16
 4.19580986e+03  4.20892631e-16
 4.19686773e+03  4.30693557e-16
 4.19792566e+03  4.32203539e-16
 4.19898365e+03  4.34580942e-16
 4.20004170e+03  4.14717993e-16
 4.20109981e+03  4.17966244e-16
 4.20215797e+03  4.36837102e-16
 4.20321619e+03  4.30513763e-16
 4.20427446e+03  4.40812749e-16
 4.20533279e+03  4.43145730e-16
 4.20639118e+03  4.30710997e-16
 4.20744963e+03  4.39074303e-16
 4.20850813e+03  4.32954667e-16
 4.20956669e+03  4.35758369e-16
 4.21062531e+03  4.32173788e-16
 4.21168399e+03  4.33355510e-16
 4.21274272e+03  4.28977460e-16
 4.21380150e+03  4.28186390e-16
 4.21486035e+03  4.31382409e-16
 4.21591925e+03  4.15655186e-16
 4.21697821e+03  4.38323368e-16
 4.21803722e+03  4.15156449e-16
 4.21909629e+03  4.31292138e-16
 4.22015542e+03  4.41246606e-16
 4.22121460e+03  4.30271653e-16
 4.22227384e+03  4.26588689e-16
 4.22333313e+03  4.19008473e-16
 4.22439248e+03  4.06899164e-16
 4.22545189e+03  4.14037719e-16
 4.22651136e+03  4.15867551e-16
 4.22757088e+03  4.27760493e-16
 4.22863045e+03  4.34887465e-16
 4.22969008e+03  4.27256373e-16
 4.23074977e+03  4.48028507e-16
 4.23180952e+03  4.35171975e-16
 4.23286932e+03  4.36189497e-16
 4.23392917e+03  4.28883576e-16
 4.23498908e+03  4.22967641e-16
 4.23604905e+03  4.34529193e-16
 4.23710907e+03  4.32906713e-16
 4.23816915e+03  4.34360591e-16
 4.23922929e+03  4.25190795e-16
 4.24028948e+03  4.29501304e-16
 4.24134972e+03  4.17815786e-16
 4.24241002e+03  4.40531895e-16
 4.24347038e+03  4.55806603e-16
 4.24453079e+03  4.72435172e-16
 4.24559126e+03  4.79435713e-16
 4.24665178e+03  4.71003181e-16
 4.24771235e+03  4.63878488e-16
 4.24877299e+03  4.48175346e-16
 4.24983367e+03  4.42410431e-16
 4.25089442e+03  4.28757862e-16
 4.25195521e+03  4.26019072e-16
 4.25301607e+03  4.22486666e-16
 4.25407697e+03  4.44405047e-16
 4.25513794e+03  4.33015061e-16
 4.25619895e+03  4.43005757e-16
 4.25726003e+03  4.17371048e-16
 4.25832115e+03  4.10453662e-16
 4.25938233e+03  4.27865526e-16
 4.26044357e+03  4.27739650e-16
 4.26150486e+03  4.21433065e-16
 4.26256621e+03  4.13937992e-16
 4.26362761e+03  4.23612265e-16
 4.26468906e+03  4.26044134e-16
 4.26575057e+03  4.33639515e-16
 4.26681213e+03  4.21960627e-16
 4.26787375e+03  4.19365676e-16
 4.26893542e+03  4.27252799e-16
 4.26999715e+03  4.09955854e-16
 4.27105893e+03  4.08979539e-16
 4.27212077e+03  4.14020060e-16
 4.27318266e+03  4.29094018e-16
 4.27424460e+03  4.15196882e-16
 4.27530660e+03  4.19524035e-16
 4.27636865e+03  4.18128517e-16
 4.27743075e+03  4.16671462e-16
 4.27849291e+03  4.27429717e-16
 4.27955512e+03  4.18557027e-16
 4.28061739e+03  4.25075094e-16
 4.28167971e+03  4.27021743e-16
 4.28274209e+03  4.27955050e-16
 4.28380451e+03  4.08467325e-16
 4.28486700e+03  4.18953702e-16
 4.28592953e+03  4.30056374e-16
 4.28699212e+03  4.11355940e-16
 4.28805476e+03  4.12210512e-16
 4.28911746e+03  4.10481391e-16
 4.29018021e+03  4.17743094e-16
 4.29124301e+03  4.09776108e-16
 4.29230586e+03  4.11596763e-16
 4.29336877e+03  4.21475177e-16
 4.29443174e+03  4.19129842e-16
 4.29549475e+03  4.23517543e-16
 4.29655782e+03  4.00223717e-16
 4.29762094e+03  4.22966008e-16
 4.29868412e+03  4.03699661e-16
 4.29974735e+03  3.92446622e-16
 4.30081063e+03  3.99097224e-16
 4.30187396e+03  4.01609647e-16
 4.30293735e+03  3.98455838e-16
 4.30400079e+03  4.13004174e-16
 4.30506428e+03  4.00937030e-16
 4.30612782e+03  3.96506044e-16
 4.30719142e+03  4.12626840e-16
 4.30825507e+03  4.00565032e-16
 4.30931877e+03  4.10881948e-16
 4.31038253e+03  4.23725413e-16
 4.31144634e+03  4.39292958e-16
 4.31251020e+03  4.58799523e-16
 4.31357411e+03  4.54760812e-16
 4.31463808e+03  4.55618733e-16
 4.31570209e+03  4.51831825e-16
 4.31676616e+03  4.55124786e-16
 4.31783029e+03  4.64643086e-16
 4.31889446e+03  4.59738112e-16
 4.31995869e+03  4.55044852e-16
 4.32102297e+03  4.40304880e-16
 4.32208730e+03  4.32501010e-16
 4.32315168e+03  4.31649294e-16
 4.32421611e+03  4.45007639e-16
 4.32528060e+03  4.26367353e-16
 4.32634514e+03  4.33222509e-16
 4.32740973e+03  4.19269607e-16
 4.32847437e+03  4.38689610e-16
 4.32953907e+03  4.31391221e-16
 4.33060381e+03  4.14296079e-16
 4.33166861e+03  4.24729596e-16
 4.33273346e+03  4.14930290e-16
 4.33379836e+03  4.34915024e-16
 4.33486331e+03  4.14771476e-16
 4.33592831e+03  4.30585303e-16
 4.33699337e+03  4.35814830e-16
 4.33805848e+03  4.36102974e-16
 4.33912363e+03  4.42335930e-16
 4.34018884e+03  4.33338162e-16
 4.34125410e+03  4.31569402e-16
 4.34231941e+03  4.46057930e-16
 4.34338478e+03  4.39738591e-16
 4.34445019e+03  4.78565796e-16
 4.34551565e+03  4.78097641e-16
 4.34658117e+03  4.82548677e-16
 4.34764674e+03  4.72271890e-16
 4.34871235e+03  4.51470170e-16
 4.34977802e+03  4.59657532e-16
 4.35084374e+03  4.37600945e-16
 4.35190951e+03  4.39190772e-16
 4.35297533e+03  4.80554946e-16
 4.35404120e+03  6.15282389e-16
 4.35510713e+03  1.08503111e-15
 4.35617310e+03  1.44471373e-15
 4.35723912e+03  1.69678226e-15
 4.35830520e+03  1.53306215e-15
 4.35937132e+03  1.19524118e-15
 4.36043750e+03  8.86028651e-16
 4.36150372e+03  6.78089570e-16
 4.36257000e+03  5.59108384e-16
 4.36363632e+03  5.04320547e-16
 4.36470270e+03  4.79880604e-16
 4.36576913e+03  4.57546370e-16
 4.36683560e+03  4.44294672e-16
 4.36790213e+03  4.40070331e-16
 4.36896871e+03  4.61646455e-16
 4.37003533e+03  4.40559392e-16
 4.37110201e+03  4.59092142e-16
 4.37216874e+03  4.48614639e-16
 4.37323551e+03  4.64893742e-16
 4.37430234e+03  4.68819687e-16
 4.37536922e+03  4.67445847e-16
 4.37643614e+03  4.42345864e-16
 4.37750312e+03  4.39817276e-16
 4.37857014e+03  4.31649922e-16
 4.37963722e+03  4.31751218e-16
 4.38070434e+03  4.07928592e-16
 4.38177152e+03  4.16105798e-16
 4.38283874e+03  4.09469831e-16
 4.38390601e+03  4.14899220e-16
 4.38497334e+03  4.11580835e-16
 4.38604071e+03  4.05926494e-16
 4.38710813e+03  4.02135246e-16
 4.38817560e+03  4.05476445e-16
 4.38924312e+03  4.05876530e-16
 4.39031069e+03  4.10100386e-16
 4.39137831e+03  4.09206026e-16
 4.39244597e+03  4.26718151e-16
 4.39351369e+03  4.07730461e-16
 4.39458145e+03  4.10675740e-16
 4.39564927e+03  4.10088006e-16
 4.39671713e+03  4.05507003e-16
 4.39778504e+03  4.31194443e-16
 4.39885300e+03  4.25340300e-16
 4.39992101e+03  4.34907852e-16
 4.40098907e+03  4.23222088e-16
 4.40205718e+03  4.27682580e-16
 4.40312533e+03  4.08769039e-16
 4.40419354e+03  4.25847396e-16
 4.40526179e+03  4.20097149e-16
 4.40633009e+03  4.27001194e-16
 4.40739844e+03  4.14307049e-16
 4.40846684e+03  4.23396337e-16
 4.40953528e+03  4.25799870e-16
 4.41060378e+03  4.33235083e-16
 4.41167232e+03  4.28567822e-16
 4.41274091e+03  4.30224552e-16
 4.41380955e+03  4.38772143e-16
 4.41487824e+03  4.29701866e-16
 4.41594697e+03  4.20298273e-16
 4.41701576e+03  4.26245178e-16
 4.41808459e+03  4.09268809e-16
 4.41915347e+03  4.18993484e-16
 4.42022239e+03  4.24271931e-16
 4.42129137e+03  4.09301397e-16
 4.42236039e+03  4.22410741e-16
 4.42342946e+03  4.16361273e-16
 4.42449858e+03  4.21367889e-16
 4.42556775e+03  4.06775449e-16
 4.42663696e+03  4.19809494e-16
 4.42770622e+03  4.06754470e-16
 4.42877553e+03  4.14129277e-16
 4.42984489e+03  3.99476671e-16
 4.43091429e+03  4.01192632e-16
 4.43198374e+03  4.08384973e-16
 4.43305324e+03  4.04877940e-16
 4.43412279e+03  3.94791918e-16
 4.43519238e+03  3.90112914e-16
 4.43626202e+03  4.00562506e-16
 4.43733171e+03  4.13493832e-16
 4.43840144e+03  4.02656018e-16
 4.43947123e+03  4.04816306e-16
 4.44054105e+03  4.01324408e-16
 4.44161093e+03  3.92383411e-16
 4.44268085e+03  4.04286124e-16
 4.44375082e+03  3.96572604e-16
 4.44482084e+03  4.04089839e-16
 4.44589090e+03  3.94213218e-16
 4.44696101e+03  3.98305043e-16
 4.44803117e+03  4.07200524e-16
 4.44910137e+03  3.97924938e-16
 4.45017162e+03  4.05462807e-16
 4.45124192e+03  4.08902670e-16
 4.45231226e+03  3.87171594e-16
 4.45338265e+03  3.82655930e-16
 4.45445309e+03  3.85313552e-16
 4.45552357e+03  3.92806885e-16
 4.45659410e+03  3.90169687e-16
 4.45766468e+03  3.89613134e-16
 4.45873530e+03  3.89167105e-16
 4.45980597e+03  3.92818607e-16
 4.46087668e+03  3.99894398e-16
 4.46194744e+03  3.89782946e-16
 4.46301825e+03  3.84552531e-16
 4.46408910e+03  3.91833277e-16
 4.46516000e+03  3.90312819e-16
 4.46623094e+03  3.90451582e-16
 4.46730193e+03  3.90086173e-16
 4.46837297e+03  4.04949536e-16
 4.46944405e+03  3.93327420e-16
 4.47051518e+03  3.92957533e-16
 4.47158635e+03  4.00917651e-16
 4.47265757e+03  4.03356279e-16
 4.47372884e+03  3.95519253e-16
 4.47480015e+03  3.87424831e-16
 4.47587150e+03  3.99357403e-16
 4.47694290e+03  3.89854764e-16
 4.47801435e+03  3.86682887e-16
 4.47908584e+03  3.89404196e-16
 4.48015738e+03  3.90110317e-16
 4.48122897e+03  3.77151012e-16
 4.48230059e+03  3.88477922e-16
 4.48337227e+03  3.90520180e-16
 4.48444399e+03  3.96931668e-16
 4.48551575e+03  3.99884470e-16
 4.48658756e+03  4.05625999e-16
 4.48765941e+03  3.80207095e-16
 4.48873131e+03  3.94636369e-16
 4.48980326e+03  4.03572244e-16
 4.49087525e+03  3.97791709e-16
 4.49194728e+03  3.97281230e-16
 4.49301936e+03  3.95745374e-16
 4.49409148e+03  3.89343352e-16
 4.49516365e+03  3.86370800e-16
 4.49623586e+03  3.94424085e-16
 4.49730812e+03  4.09281423e-16
 4.49838042e+03  3.96434863e-16
 4.49945277e+03  3.84686145e-16
 4.50052516e+03  3.83853048e-16
 4.50159760e+03  3.82386283e-16
 4.50267008e+03  3.85785348e-16
 4.50374260e+03  3.77633481e-16
 4.50481517e+03  3.83674998e-16
 4.50588778e+03  3.77601688e-16
 4.50696044e+03  3.80088848e-16
 4.50803314e+03  3.72232203e-16
 4.50910589e+03  3.77561929e-16
 4.51017868e+03  3.69639804e-16
 4.51125151e+03  3.78733681e-16
 4.51232439e+03  3.65623624e-16
 4.51339731e+03  3.77433433e-16
 4.51447028e+03  3.69900379e-16
 4.51554329e+03  3.71536102e-16
 4.51661634e+03  3.67371897e-16
 4.51768944e+03  3.71818856e-16
 4.51876258e+03  3.69454397e-16
 4.51983577e+03  3.66924084e-16
 4.52090899e+03  3.67487063e-16
 4.52198227e+03  3.77933281e-16
 4.52305558e+03  3.60816497e-16
 4.52412894e+03  3.70452191e-16
 4.52520234e+03  3.68919399e-16
 4.52627579e+03  3.68320345e-16
 4.52734928e+03  3.65319464e-16
 4.52842281e+03  3.69080283e-16
 4.52949639e+03  3.72929992e-16
 4.53057001e+03  3.62969128e-16
 4.53164367e+03  3.75665762e-16
 4.53271738e+03  3.57893747e-16
 4.53379112e+03  3.71063994e-16
 4.53486492e+03  3.71596362e-16
 4.53593875e+03  3.68032955e-16
 4.53701263e+03  3.69921188e-16
 4.53808655e+03  3.71704160e-16
 4.53916051e+03  3.63723350e-16
 4.54023452e+03  3.77268695e-16
 4.54130857e+03  3.89883717e-16
 4.54238266e+03  3.93418851e-16
 4.54345680e+03  3.81490235e-16
 4.54453097e+03  3.86803453e-16
 4.54560519e+03  3.79065204e-16
 4.54667946e+03  3.78013674e-16
 4.54775376e+03  3.83792681e-16
 4.54882811e+03  3.86016100e-16
 4.54990250e+03  3.64470748e-16
 4.55097693e+03  3.78143471e-16
 4.55205141e+03  3.96536702e-16
 4.55312592e+03  3.80330156e-16
 4.55420048e+03  3.65084619e-16
 4.55527509e+03  3.76630942e-16
 4.55634973e+03  3.78460080e-16
 4.55742442e+03  3.77465947e-16
 4.55849914e+03  3.77429827e-16
 4.55957391e+03  3.80209032e-16
 4.56064873e+03  3.92272957e-16
 4.56172358e+03  3.68667150e-16
 4.56279848e+03  3.69601076e-16
 4.56387341e+03  3.64407416e-16
 4.56494839e+03  3.83779356e-16
 4.56602341e+03  3.75525933e-16
 4.56709848e+03  3.75609611e-16
 4.56817358e+03  3.77262844e-16
 4.56924873e+03  3.65567377e-16
 4.57032392e+03  3.73959201e-16
 4.57139915e+03  3.73607641e-16
 4.57247442e+03  3.71929477e-16
 4.57354973e+03  3.66069157e-16
 4.57462508e+03  3.73392092e-16
 4.57570048e+03  3.62763481e-16
 4.57677591e+03  3.70555949e-16
 4.57785139e+03  3.80775374e-16
 4.57892691e+03  3.73788388e-16
 4.58000247e+03  3.56945927e-16
 4.58107807e+03  3.56720968e-16
 4.58215371e+03  3.54377186e-16
 4.58322940e+03  3.56382892e-16
 4.58430512e+03  3.47752087e-16
 4.58538089e+03  3.63145295e-16
 4.58645669e+03  3.50073062e-16
 4.58753254e+03  3.62888268e-16
 4.58860843e+03  3.55327035e-16
 4.58968436e+03  3.47747547e-16
 4.59076032e+03  3.54826743e-16
 4.59183633e+03  3.55596874e-16
 4.59291238e+03  3.58458038e-16
 4.59398848e+03  3.63593741e-16
 4.59506461e+03  3.52543047e-16
 4.59614078e+03  3.46368142e-16
 4.59721699e+03  3.59698988e-16
 4.59829325e+03  3.58436563e-16
 4.59936954e+03  3.47997393e-16
 4.60044587e+03  3.49692989e-16
 4.60152225e+03  3.44901433e-16
 4.60259866e+03  3.48558630e-16
 4.60367511e+03  3.42325621e-16
 4.60475161e+03  3.45332549e-16
 4.60582814e+03  3.50556931e-16
 4.60690472e+03  3.59614824e-16
 4.60798133e+03  3.43801962e-16
 4.60905799e+03  3.46025166e-16
 4.61013468e+03  3.52506640e-16
 4.61121142e+03  3.52552696e-16
 4.61228819e+03  3.44707753e-16
 4.61336500e+03  3.47466476e-16
 4.61444186e+03  3.50977160e-16
 4.61551875e+03  3.40759883e-16
 4.61659568e+03  3.52411227e-16
 4.61767266e+03  3.35217573e-16
 4.61874967e+03  3.36989604e-16
 4.61982672e+03  3.42016538e-16
 4.62090381e+03  3.41467765e-16
 4.62198094e+03  3.50260360e-16
 4.62305811e+03  3.57346726e-16
 4.62413532e+03  3.49515907e-16
 4.62521257e+03  3.44986779e-16
 4.62628986e+03  3.41734066e-16
 4.62736718e+03  3.49731659e-16
 4.62844455e+03  3.55598620e-16
 4.62952195e+03  3.56866493e-16
 4.63059940e+03  3.49880633e-16
 4.63167688e+03  3.54227129e-16
 4.63275440e+03  3.52365642e-16
 4.63383196e+03  3.37718736e-16
 4.63490956e+03  3.48578842e-16
 4.63598720e+03  3.38286196e-16
 4.63706488e+03  3.47102447e-16
 4.63814260e+03  3.44266104e-16
 4.63922035e+03  3.55040561e-16
 4.64029814e+03  3.34938278e-16
 4.64137598e+03  3.44347469e-16
 4.64245385e+03  3.44821993e-16
 4.64353175e+03  3.49091694e-16
 4.64460970e+03  3.33526283e-16
 4.64568769e+03  3.36588295e-16
 4.64676571e+03  3.33529926e-16
 4.64784378e+03  3.37820535e-16
 4.64892188e+03  3.35555355e-16
 4.65000002e+03  3.44310303e-16
 4.65107819e+03  3.40522942e-16
 4.65215641e+03  3.52245878e-16
 4.65323466e+03  3.51974842e-16
 4.65431295e+03  3.46742220e-16
 4.65539128e+03  3.52282731e-16
 4.65646965e+03  3.51558147e-16
 4.65754806e+03  3.50678778e-16
 4.65862650e+03  3.59505817e-16
 4.65970498e+03  3.56478220e-16
 4.66078350e+03  3.59600771e-16
 4.66186206e+03  3.56563569e-16
 4.66294065e+03  3.58626174e-16
 4.66401928e+03  3.69185020e-16
 4.66509795e+03  3.50405803e-16
 4.66617666e+03  3.60828158e-16
 4.66725540e+03  3.66415964e-16
 4.66833419e+03  3.75818747e-16
 4.66941301e+03  3.80207438e-16
 4.67049186e+03  3.69251075e-16
 4.67157076e+03  3.65124048e-16
 4.67264969e+03  3.75771210e-16
 4.67372866e+03  3.60533275e-16
 4.67480766e+03  3.64995841e-16
 4.67588671e+03  3.64326101e-16
 4.67696579e+03  3.57899035e-16
 4.67804490e+03  3.57176136e-16
 4.67912406e+03  3.54844787e-16
 4.68020325e+03  3.54305279e-16
 4.68128248e+03  3.54429723e-16
 4.68236174e+03  3.57633924e-16
 4.68344104e+03  3.43048697e-16
 4.68452038e+03  3.32169140e-16
 4.68559976e+03  3.56846129e-16
 4.68667917e+03  3.41110302e-16
 4.68775862e+03  3.40641271e-16
 4.68883810e+03  3.38504851e-16
 4.68991763e+03  3.29768774e-16
 4.69099719e+03  3.33847101e-16
 4.69207678e+03  3.38811560e-16
 4.69315641e+03  3.43712481e-16
 4.69423608e+03  3.25636362e-16
 4.69531578e+03  3.40890754e-16
 4.69639552e+03  3.33678972e-16
 4.69747530e+03  3.38902219e-16
 4.69855511e+03  3.25788763e-16
 4.69963496e+03  3.30440214e-16
 4.70071485e+03  3.34908233e-16
 4.70179477e+03  3.42768471e-16
 4.70287473e+03  3.28999296e-16
 4.70395472e+03  3.24873917e-16
 4.70503475e+03  3.30044353e-16
 4.70611481e+03  3.36175339e-16
 4.70719491e+03  3.28588395e-16
 4.70827505e+03  3.38922720e-16
 4.70935522e+03  3.38399924e-16
 4.71043543e+03  3.37835907e-16
 4.71151567e+03  3.34764432e-16
 4.71259595e+03  3.41295617e-16
 4.71367627e+03  3.41952585e-16
 4.71475662e+03  3.44122507e-16
 4.71583700e+03  3.28758975e-16
 4.71691742e+03  3.34882915e-16
 4.71799788e+03  3.31345608e-16
 4.71907837e+03  3.32467801e-16
 4.72015890e+03  3.30389408e-16
 4.72123946e+03  3.20099986e-16
 4.72232006e+03  3.28937431e-16
 4.72340069e+03  3.28009007e-16
 4.72448136e+03  3.40667603e-16
 4.72556207e+03  3.45256406e-16
 4.72664280e+03  3.47307199e-16
 4.72772358e+03  3.58299403e-16
 4.72880438e+03  3.57336220e-16
 4.72988523e+03  3.48932815e-16
 4.73096610e+03  3.53154730e-16
 4.73204702e+03  3.44113139e-16
 4.73312796e+03  3.50611493e-16
 4.73420895e+03  3.61642173e-16
 4.73528996e+03  3.56711751e-16
 4.73637101e+03  3.60036779e-16
 4.73745210e+03  3.70989614e-16
 4.73853322e+03  3.61897796e-16
 4.73961438e+03  3.78180863e-16
 4.74069556e+03  3.85645271e-16
 4.74177679e+03  3.93173522e-16
 4.74285805e+03  3.92107544e-16
 4.74393934e+03  3.71783466e-16
 4.74502067e+03  3.65026515e-16
 4.74610203e+03  3.37060054e-16
 4.74718342e+03  3.37514255e-16
 4.74826485e+03  3.33944789e-16
 4.74934631e+03  3.40815690e-16
 4.75042781e+03  3.37576104e-16
 4.75150934e+03  3.52338508e-16
 4.75259091e+03  3.44265957e-16
 4.75367251e+03  3.38743771e-16
 4.75475414e+03  3.28234906e-16
 4.75583580e+03  3.31932322e-16
 4.75691751e+03  3.20972255e-16
 4.75799924e+03  3.30231959e-16
 4.75908101e+03  3.12262358e-16
 4.76016281e+03  3.23021116e-16
 4.76124464e+03  3.09890735e-16
 4.76232651e+03  3.12899939e-16
 4.76340841e+03  3.01843038e-16
 4.76449035e+03  3.17498661e-16
 4.76557232e+03  3.23554400e-16
 4.76665432e+03  3.13961410e-16
 4.76773636e+03  3.09479554e-16
 4.76881842e+03  3.17353890e-16
 4.76990053e+03  3.12644875e-16
 4.77098266e+03  3.15484083e-16
 4.77206483e+03  3.12679263e-16
 4.77314703e+03  3.11392311e-16
 4.77422927e+03  3.17585861e-16
 4.77531153e+03  3.14426758e-16
 4.77639383e+03  3.19159192e-16
 4.77747617e+03  3.29053852e-16
 4.77855853e+03  3.25009914e-16
 4.77964093e+03  3.27920150e-16
 4.78072336e+03  3.21055953e-16
 4.78180583e+03  3.18560586e-16
 4.78288832e+03  3.17065031e-16
 4.78397085e+03  3.13094683e-16
 4.78505342e+03  3.17148428e-16
 4.78613601e+03  3.15579285e-16
 4.78721864e+03  3.07741227e-16
 4.78830130e+03  3.10911584e-16
 4.78938399e+03  3.11426258e-16
 4.79046671e+03  3.21658166e-16
 4.79154947e+03  3.21811171e-16
 4.79263226e+03  3.11362809e-16
 4.79371508e+03  3.27604416e-16
 4.79479793e+03  3.16638916e-16
 4.79588082e+03  3.16016801e-16
 4.79696374e+03  3.11692997e-16
 4.79804669e+03  3.10600088e-16
 4.79912967e+03  3.14042401e-16
 4.80021268e+03  3.11330422e-16
 4.80129573e+03  3.11429125e-16
 4.80237881e+03  3.15105961e-16
 4.80346191e+03  3.08422439e-16
 4.80454506e+03  3.03852383e-16
 4.80562823e+03  3.15639646e-16
 4.80671143e+03  3.00718680e-16
 4.80779467e+03  3.14626222e-16
 4.80887794e+03  3.03967413e-16
 4.80996124e+03  3.10808705e-16
 4.81104457e+03  3.03158176e-16
 4.81212793e+03  3.12374349e-16
 4.81321132e+03  3.19442994e-16
 4.81429475e+03  3.20859003e-16
 4.81537820e+03  3.16471439e-16
 4.81646169e+03  3.14265486e-16
 4.81754521e+03  3.19346905e-16
 4.81862876e+03  3.24754045e-16
 4.81971234e+03  3.24375069e-16
 4.82079595e+03  3.24611934e-16
 4.82187959e+03  3.20489396e-16
 4.82296327e+03  3.19894329e-16
 4.82404697e+03  3.15464927e-16
 4.82513071e+03  3.25204696e-16
 4.82621448e+03  3.21046710e-16
 4.82729827e+03  3.23694417e-16
 4.82838210e+03  3.17285391e-16
 4.82946596e+03  3.26867698e-16
 4.83054985e+03  3.26434073e-16
 4.83163377e+03  3.31702500e-16
 4.83271772e+03  3.28077452e-16
 4.83380170e+03  3.23973959e-16
 4.83488572e+03  3.24170246e-16
 4.83596976e+03  3.22709948e-16
 4.83705383e+03  3.29395326e-16
 4.83813794e+03  3.36739434e-16
 4.83922207e+03  3.26056325e-16
 4.84030623e+03  3.29450299e-16
 4.84139043e+03  3.28544747e-16
 4.84247465e+03  3.16542801e-16
 4.84355891e+03  3.20646793e-16
 4.84464319e+03  3.20175410e-16
 4.84572751e+03  3.22263035e-16
 4.84681185e+03  3.16761290e-16
 4.84789622e+03  3.16365477e-16
 4.84898063e+03  3.17012318e-16
 4.85006506e+03  3.24737642e-16
 4.85114953e+03  3.17560502e-16
 4.85223402e+03  3.17605874e-16
 4.85331855e+03  3.06943743e-16
 4.85440310e+03  3.01589662e-16
 4.85548768e+03  3.09697719e-16
 4.85657230e+03  3.04079095e-16
 4.85765694e+03  3.20612587e-16
 4.85874161e+03  3.35903366e-16
 4.85982631e+03  3.49622375e-16
 4.86091104e+03  3.45105352e-16
 4.86199580e+03  3.36162165e-16
 4.86308059e+03  3.21629358e-16
 4.86416541e+03  3.13082129e-16
 4.86525026e+03  3.05460047e-16
 4.86633513e+03  3.13644723e-16
 4.86742004e+03  3.10812425e-16
 4.86850498e+03  3.16753384e-16
 4.86958994e+03  3.01271088e-16
 4.87067493e+03  3.02545557e-16
 4.87175996e+03  3.06281801e-16
 4.87284501e+03  3.23584397e-16
 4.87393009e+03  3.15462066e-16
 4.87501520e+03  3.06766119e-16
 4.87610033e+03  3.16156966e-16
 4.87718550e+03  3.06119603e-16
 4.87827070e+03  3.12951683e-16
 4.87935592e+03  3.18352449e-16
 4.88044117e+03  3.16934155e-16
 4.88152645e+03  3.16600498e-16
 4.88261176e+03  3.11896778e-16
 4.88369710e+03  3.12181688e-16
 4.88478247e+03  3.06863762e-16
 4.88586786e+03  3.10900332e-16
 4.88695328e+03  3.02073935e-16
 4.88803874e+03  3.04485314e-16
 4.88912422e+03  3.11177435e-16
 4.89020972e+03  3.05862406e-16
 4.89129526e+03  3.02372615e-16
 4.89238082e+03  3.12728098e-16
 4.89346642e+03  3.07431840e-16
 4.89455204e+03  3.05473248e-16
 4.89563768e+03  3.17221393e-16
 4.89672336e+03  3.03190666e-16
 4.89780906e+03  3.12082608e-16
 4.89889480e+03  3.05318178e-16
 4.89998055e+03  3.00613786e-16
 4.90106634e+03  3.06200373e-16
 4.90215216e+03  3.08539095e-16
 4.90323800e+03  3.04028669e-16
 4.90432387e+03  3.01118972e-16
 4.90540977e+03  3.07062838e-16
 4.90649569e+03  3.06360698e-16
 4.90758165e+03  2.99961147e-16
 4.90866763e+03  3.04669097e-16
 4.90975363e+03  2.96101550e-16
 4.91083967e+03  3.06189724e-16
 4.91192573e+03  3.02599732e-16
 4.91301182e+03  3.03390501e-16
 4.91409794e+03  3.06044917e-16
 4.91518408e+03  3.05981300e-16
 4.91627025e+03  3.10040438e-16
 4.91735645e+03  2.95514820e-16
 4.91844268e+03  2.95256760e-16
 4.91952893e+03  2.98114464e-16
 4.92061521e+03  2.96984621e-16
 4.92170151e+03  2.95460784e-16
 4.92278785e+03  3.10086402e-16
 4.92387421e+03  2.96207508e-16
 4.92496059e+03  2.99618806e-16
 4.92604700e+03  3.01216591e-16
 4.92713344e+03  2.92670013e-16
 4.92821991e+03  2.84681375e-16
 4.92930640e+03  2.95281176e-16
 4.93039292e+03  2.99747964e-16
 4.93147947e+03  2.98801633e-16
 4.93256604e+03  2.93109863e-16
 4.93365264e+03  2.89487708e-16
 4.93473926e+03  3.04331883e-16
 4.93582592e+03  2.95339331e-16
 4.93691259e+03  3.03025556e-16
 4.93799930e+03  2.88818862e-16
 4.93908603e+03  2.98127311e-16
 4.94017278e+03  2.99101671e-16
 4.94125957e+03  2.98200484e-16
 4.94234637e+03  2.97438027e-16
 4.94343321e+03  3.00186245e-16
 4.94452007e+03  2.90081316e-16
 4.94560695e+03  2.96507580e-16
 4.94669387e+03  2.90875294e-16
 4.94778080e+03  2.95838241e-16
 4.94886777e+03  3.01815066e-16
 4.94995476e+03  2.98382126e-16
 4.95104177e+03  3.05463385e-16
 4.95212881e+03  3.01864160e-16
 4.95321588e+03  3.09159675e-16
 4.95430297e+03  2.99276363e-16
 4.95539009e+03  2.93921449e-16
 4.95647723e+03  2.89438750e-16
 4.95756440e+03  3.00444370e-16
 4.95865159e+03  2.90590034e-16
 4.95973881e+03  2.99932942e-16
 4.96082605e+03  2.99683030e-16
 4.96191332e+03  2.96398852e-16
 4.96300061e+03  3.05598836e-16
 4.96408793e+03  3.01015774e-16
 4.96517528e+03  3.07918836e-16
 4.96626265e+03  3.06610960e-16
 4.96735004e+03  3.05813141e-16
 4.96843746e+03  3.09771126e-16
 4.96952491e+03  3.17527464e-16
 4.97061237e+03  3.28366348e-16
 4.97169987e+03  3.24808934e-16
 4.97278739e+03  3.37894978e-16
 4.97387493e+03  3.39771070e-16
 4.97496250e+03  3.45086188e-16
 4.97605009e+03  3.42031050e-16
 4.97713771e+03  3.60525215e-16
 4.97822535e+03  3.71384363e-16
 4.97931302e+03  3.91323459e-16
 4.98040071e+03  3.81516122e-16
 4.98148842e+03  3.84881529e-16
 4.98257616e+03  3.79289020e-16
 4.98366392e+03  3.84322480e-16
 4.98475171e+03  3.62478818e-16
 4.98583952e+03  3.66348588e-16
 4.98692736e+03  3.50825943e-16
 4.98801522e+03  3.44012636e-16
 4.98910311e+03  3.36271727e-16
 4.99019102e+03  3.24106956e-16
 4.99127895e+03  3.27876693e-16
 4.99236690e+03  3.39900299e-16
 4.99345488e+03  3.16455010e-16
 4.99454289e+03  3.16105647e-16
 4.99563092e+03  3.07644803e-16
 4.99671897e+03  3.05136980e-16
 4.99780705e+03  2.97150636e-16
 4.99889514e+03  2.97452714e-16
 4.99998327e+03  2.98495765e-16
 5.00107141e+03  2.95820894e-16
 5.00215958e+03  2.89831139e-16
 5.00324778e+03  2.98385595e-16
 5.00433599e+03  2.84853432e-16
 5.00542424e+03  2.82421498e-16
 5.00651250e+03  2.92260502e-16
 5.00760079e+03  2.89275353e-16
 5.00868910e+03  2.86472861e-16
 5.00977743e+03  2.90134151e-16
 5.01086579e+03  2.75726392e-16
 5.01195417e+03  2.87137696e-16
 5.01304257e+03  2.85293842e-16
 5.01413100e+03  2.81565681e-16
 5.01521945e+03  2.72883640e-16
 5.01630792e+03  2.91775278e-16
 5.01739641e+03  2.93560075e-16
 5.01848493e+03  2.89208494e-16
 5.01957347e+03  2.92235110e-16
 5.02066203e+03  2.94021419e-16
 5.02175062e+03  2.80656721e-16
 5.02283923e+03  2.75740657e-16
 5.02392786e+03  2.71814150e-16
 5.02501651e+03  2.73889011e-16
 5.02610519e+03  2.74307714e-16
 5.02719389e+03  2.83614807e-16
 5.02828261e+03  2.82765291e-16
 5.02937136e+03  2.87082919e-16
 5.03046012e+03  2.90069852e-16
 5.03154891e+03  2.77590869e-16
 5.03263772e+03  2.78039065e-16
 5.03372655e+03  2.71619358e-16
 5.03481541e+03  2.69149970e-16
 5.03590429e+03  2.74859011e-16
 5.03699319e+03  2.78403272e-16
 5.03808211e+03  2.70013096e-16
 5.03917105e+03  2.70111758e-16
 5.04026002e+03  2.70610769e-16
 5.04134901e+03  2.66306832e-16
 5.04243802e+03  2.74322823e-16
 5.04352705e+03  2.88009743e-16
 5.04461610e+03  2.76432883e-16
 5.04570517e+03  2.71673192e-16
 5.04679427e+03  2.76596579e-16
 5.04788339e+03  2.83698464e-16
 5.04897253e+03  2.70711041e-16
 5.05006169e+03  2.70611285e-16
 5.05115087e+03  2.73990082e-16
 5.05224008e+03  2.76193337e-16
 5.05332930e+03  2.68052926e-16
 5.05441855e+03  2.72780339e-16
 5.05550782e+03  2.74025413e-16
 5.05659711e+03  2.80556451e-16
 5.05768642e+03  2.74783072e-16
 5.05877575e+03  2.73372166e-16
 5.05986510e+03  2.76152028e-16
 5.06095448e+03  2.77622900e-16
 5.06204387e+03  2.80143372e-16
 5.06313329e+03  2.85773578e-16
 5.06422273e+03  2.89249179e-16
 5.06531218e+03  2.92560929e-16
 5.06640166e+03  2.82984885e-16
 5.06749116e+03  2.94624684e-16
 5.06858068e+03  3.04861664e-16
 5.06967023e+03  3.02169343e-16
 5.07075979e+03  2.94185245e-16
 5.07184937e+03  2.81316123e-16
 5.07293897e+03  2.79769022e-16
 5.07402860e+03  2.85615789e-16
 5.07511824e+03  2.86512505e-16
 5.07620791e+03  2.81265808e-16
 5.07729759e+03  2.85313164e-16
 5.07838730e+03  2.97375421e-16
 5.07947702e+03  3.20116645e-16
 5.08056677e+03  3.38407400e-16
 5.08165654e+03  3.59871283e-16
 5.08274632e+03  3.58762441e-16
 5.08383613e+03  3.67322594e-16
 5.08492596e+03  3.66357007e-16
 5.08601580e+03  3.47514820e-16
 5.08710567e+03  3.32610509e-16
 5.08819556e+03  3.02875426e-16
 5.08928547e+03  3.00352787e-16
 5.09037539e+03  2.91666833e-16
 5.09146534e+03  2.80440652e-16
 5.09255531e+03  2.82497904e-16
 5.09364529e+03  2.86219796e-16
 5.09473530e+03  2.88272915e-16
 5.09582532e+03  2.85669583e-16
 5.09691537e+03  3.03338796e-16
 5.09800543e+03  3.01232044e-16
 5.09909552e+03  3.06853767e-16
 5.10018562e+03  2.93952357e-16
 5.10127575e+03  2.91288493e-16
 5.10236589e+03  2.87721048e-16
 5.10345605e+03  2.72690688e-16
 5.10454623e+03  2.69072994e-16
 5.10563643e+03  2.74569728e-16
 5.10672665e+03  2.73694148e-16
 5.10781689e+03  2.66593966e-16
 5.10890715e+03  2.70434858e-16
 5.10999743e+03  2.83678934e-16
 5.11108772e+03  2.77219154e-16
 5.11217804e+03  2.76820759e-16
 5.11326837e+03  2.75127977e-16
 5.11435872e+03  2.90967803e-16
 5.11544909e+03  2.88146326e-16
 5.11653949e+03  2.86083693e-16
 5.11762989e+03  2.78012455e-16
 5.11872032e+03  2.79055639e-16
 5.11981077e+03  2.68348143e-16
 5.12090123e+03  2.60805092e-16
 5.12199172e+03  2.66076298e-16
 5.12308222e+03  2.56163218e-16
 5.12417274e+03  2.71590532e-16
 5.12526328e+03  2.70259669e-16
 5.12635384e+03  2.64161872e-16
 5.12744441e+03  2.56374105e-16
 5.12853501e+03  2.65692573e-16
 5.12962562e+03  2.69199426e-16
 5.13071625e+03  2.71740288e-16
 5.13180690e+03  2.75374201e-16
 5.13289757e+03  2.68136502e-16
 5.13398825e+03  2.70951165e-16
 5.13507896e+03  2.67412554e-16
 5.13616968e+03  2.67036742e-16
 5.13726042e+03  2.63570806e-16
 5.13835117e+03  2.68839901e-16
 5.13944195e+03  2.71476419e-16
 5.14053274e+03  2.64113006e-16
 5.14162355e+03  2.66031368e-16
 5.14271438e+03  2.72514191e-16
 5.14380522e+03  2.71692572e-16
 5.14489609e+03  2.69725217e-16
 5.14598697e+03  2.78773089e-16
 5.14707787e+03  2.77370953e-16
 5.14816878e+03  2.82479416e-16
 5.14925972e+03  2.89622532e-16
 5.15035067e+03  2.90142090e-16
 5.15144163e+03  2.98788397e-16
 5.15253262e+03  3.06237433e-16
 5.15362362e+03  2.98565573e-16
 5.15471464e+03  2.98583007e-16
 5.15580568e+03  2.92973182e-16
 5.15689673e+03  2.74410382e-16
 5.15798780e+03  2.73995833e-16
 5.15907889e+03  2.74888908e-16
 5.16017000e+03  2.63238727e-16
 5.16126112e+03  2.73374740e-16
 5.16235226e+03  2.59034645e-16
 5.16344342e+03  2.62039360e-16
 5.16453459e+03  2.58300078e-16
 5.16562578e+03  2.51449152e-16
 5.16671698e+03  2.55574577e-16
 5.16780821e+03  2.51649038e-16
 5.16889945e+03  2.57706804e-16
 5.16999070e+03  2.56030952e-16
 5.17108198e+03  2.51500782e-16
 5.17217326e+03  2.53885447e-16
 5.17326457e+03  2.61613070e-16
 5.17435589e+03  2.60866842e-16
 5.17544723e+03  2.65652410e-16
 5.17653859e+03  2.66577046e-16
 5.17762996e+03  2.64743125e-16
 5.17872134e+03  2.58012858e-16
 5.17981275e+03  2.54766484e-16
 5.18090417e+03  2.47273791e-16
 5.18199560e+03  2.50942516e-16
 5.18308705e+03  2.47756361e-16
 5.18417852e+03  2.53617663e-16
 5.18527000e+03  2.63660073e-16
 5.18636150e+03  2.75242272e-16
 5.18745302e+03  2.61534165e-16
 5.18854455e+03  2.69662490e-16
 5.18963610e+03  2.63366795e-16
 5.19072766e+03  2.60500937e-16
 5.19181924e+03  2.54832585e-16
 5.19291083e+03  2.66731877e-16
 5.19400244e+03  2.63647167e-16
 5.19509407e+03  2.59358259e-16
 5.19618571e+03  2.78901345e-16
 5.19727736e+03  2.86261311e-16
 5.19836903e+03  2.78584706e-16
 5.19946072e+03  2.83128156e-16
 5.20055242e+03  2.70803055e-16
 5.20164414e+03  2.73842637e-16
 5.20273587e+03  2.61466110e-16
 5.20382762e+03  2.63831398e-16
 5.20491938e+03  2.63899839e-16
 5.20601116e+03  2.65901853e-16
 5.20710295e+03  2.59629436e-16
 5.20819476e+03  2.80888526e-16
 5.20928658e+03  2.73012664e-16
 5.21037842e+03  2.75540462e-16
 5.21147028e+03  2.68662478e-16
 5.21256214e+03  2.66386263e-16
 5.21365402e+03  2.67252107e-16
 5.21474592e+03  2.62542008e-16
 5.21583783e+03  2.72167056e-16
 5.21692976e+03  2.67284155e-16
 5.21802170e+03  2.71489856e-16
 5.21911366e+03  2.75197071e-16
 5.22020563e+03  2.68654312e-16
 5.22129761e+03  2.69107217e-16
 5.22238961e+03  2.67489474e-16
 5.22348162e+03  2.71914274e-16
 5.22457365e+03  2.62544605e-16
 5.22566569e+03  2.53687481e-16
 5.22675775e+03  2.67243662e-16
 5.22784982e+03  2.65756832e-16
 5.22894190e+03  2.69097715e-16
 5.23003400e+03  2.65181047e-16
 5.23112611e+03  2.71408119e-16
 5.23221824e+03  2.59968044e-16
 5.23331038e+03  2.68823394e-16
 5.23440254e+03  2.70820425e-16
 5.23549470e+03  2.70073476e-16
 5.23658689e+03  2.75442723e-16
 5.23767908e+03  2.79151809e-16
 5.23877129e+03  2.78909322e-16
 5.23986351e+03  2.78326675e-16
 5.24095575e+03  2.65826511e-16
 5.24204800e+03  2.57811432e-16
 5.24314027e+03  2.57889420e-16
 5.24423254e+03  2.57456259e-16
 5.24532483e+03  2.62628499e-16
 5.24641714e+03  2.70885447e-16
 5.24750946e+03  2.67866765e-16
 5.24860179e+03  2.67827778e-16
 5.24969413e+03  2.64949868e-16
 5.25078649e+03  2.59036898e-16
 5.25187886e+03  2.63081739e-16
 5.25297125e+03  2.62048670e-16
 5.25406364e+03  2.78759566e-16
 5.25515605e+03  2.72515784e-16
 5.25624848e+03  2.87782360e-16
 5.25734091e+03  2.84334506e-16
 5.25843336e+03  2.68500583e-16
 5.25952582e+03  2.62165927e-16
 5.26061830e+03  2.61044460e-16
 5.26171079e+03  2.51957052e-16
 5.26280329e+03  2.54484185e-16
 5.26389580e+03  2.51227298e-16
 5.26498832e+03  2.47228937e-16
 5.26608086e+03  2.50044802e-16
 5.26717341e+03  2.54477349e-16
 5.26826598e+03  2.58758474e-16
 5.26935855e+03  2.55474987e-16
 5.27045114e+03  2.55134072e-16
 5.27154374e+03  2.61392254e-16
 5.27263635e+03  2.64463343e-16
 5.27372898e+03  2.63326985e-16
 5.27482162e+03  2.66760963e-16
 5.27591427e+03  2.70688964e-16
 5.27700693e+03  2.66655099e-16
 5.27809960e+03  2.65581568e-16
 5.27919229e+03  2.66302183e-16
 5.28028499e+03  2.59384962e-16
 5.28137770e+03  2.55347798e-16
 5.28247042e+03  2.55852746e-16
 5.28356315e+03  2.68849381e-16
 5.28465590e+03  2.69243713e-16
 5.28574865e+03  2.72027072e-16
 5.28684142e+03  2.68621439e-16
 5.28793420e+03  2.64778391e-16
 5.28902700e+03  2.59767690e-16
 5.29011980e+03  2.69092488e-16
 5.29121262e+03  2.67177746e-16
 5.29230544e+03  2.66013545e-16
 5.29339828e+03  2.65691270e-16
 5.29449113e+03  2.59832509e-16
 5.29558399e+03  2.60718505e-16
 5.29667687e+03  2.63609309e-16
 5.29776975e+03  2.67202766e-16
 5.29886265e+03  2.63059263e-16
 5.29995555e+03  2.65453267e-16
 5.30104847e+03  2.65063794e-16
 5.30214140e+03  2.67626896e-16
 5.30323434e+03  2.64998996e-16
 5.30432729e+03  2.55567417e-16
 5.30542025e+03  2.67877570e-16
 5.30651322e+03  2.70914647e-16
 5.30760621e+03  2.62616013e-16
 5.30869920e+03  2.68579751e-16
 5.30979221e+03  2.67226224e-16
 5.31088522e+03  2.69801534e-16
 5.31197825e+03  2.69802277e-16
 5.31307129e+03  2.65035444e-16
 5.31416434e+03  2.67455967e-16
 5.31525739e+03  2.70372113e-16
 5.31635046e+03  2.64926174e-16
 5.31744354e+03  2.69949442e-16
 5.31853663e+03  2.64226323e-16
 5.31962973e+03  2.63661081e-16
 5.32072285e+03  2.70116586e-16
 5.32181597e+03  2.63932754e-16
 5.32290910e+03  2.63456842e-16
 5.32400224e+03  2.67074713e-16
 5.32509539e+03  2.60470578e-16
 5.32618855e+03  2.61175529e-16
 5.32728172e+03  2.67998467e-16
 5.32837491e+03  2.71411753e-16
 5.32946810e+03  2.66527113e-16
 5.33056130e+03  2.70398660e-16
 5.33165451e+03  2.69107842e-16
 5.33274773e+03  2.66767422e-16
 5.33384096e+03  2.69772736e-16
 5.33493421e+03  2.70488120e-16
 5.33602746e+03  2.71471111e-16
 5.33712072e+03  2.60807991e-16
 5.33821399e+03  2.78064983e-16
 5.33930727e+03  2.76569577e-16
 5.34040056e+03  2.84650068e-16
 5.34149386e+03  2.78402033e-16
 5.34258716e+03  2.78386410e-16
 5.34368048e+03  2.73595913e-16
 5.34477381e+03  2.72395672e-16
 5.34586714e+03  2.73221661e-16
 5.34696049e+03  2.83875207e-16
 5.34805384e+03  3.03409662e-16
 5.34914721e+03  3.06899052e-16
 5.35024058e+03  2.84344686e-16
 5.35133396e+03  2.81363239e-16
 5.35242735e+03  2.82002437e-16
 5.35352075e+03  2.96612751e-16
 5.35461416e+03  3.09074724e-16
 5.35570758e+03  2.91350886e-16
 5.35680101e+03  2.97370863e-16
 5.35789444e+03  2.72630771e-16
 5.35898789e+03  2.76219137e-16
 5.36008134e+03  2.64138217e-16
 5.36117480e+03  2.67331637e-16
 5.36226827e+03  2.70530642e-16
 5.36336175e+03  2.70275263e-16
 5.36445524e+03  2.73698819e-16
 5.36554874e+03  2.74282193e-16
 5.36664224e+03  2.64297916e-16
 5.36773575e+03  2.64423557e-16
 5.36882927e+03  2.64766670e-16
 5.36992280e+03  2.76312465e-16
 5.37101634e+03  2.71010140e-16
 5.37210989e+03  2.75592926e-16
 5.37320344e+03  2.80055327e-16
 5.37429700e+03  2.86763154e-16
 5.37539057e+03  2.85698477e-16
 5.37648415e+03  2.84192018e-16
 5.37757774e+03  2.81184470e-16
 5.37867133e+03  2.73868553e-16
 5.37976493e+03  2.78641784e-16
 5.38085854e+03  2.67161174e-16
 5.38195216e+03  2.65890253e-16
 5.38304579e+03  2.79260204e-16
 5.38413942e+03  2.77842828e-16
 5.38523306e+03  2.79574052e-16
 5.38632671e+03  2.73831624e-16
 5.38742037e+03  2.72094348e-16
 5.38851403e+03  2.88603997e-16
 5.38960770e+03  2.83608632e-16
 5.39070138e+03  2.96303607e-16
 5.39179507e+03  2.85603323e-16
 5.39288876e+03  2.87392651e-16
 5.39398246e+03  2.75626212e-16
 5.39507617e+03  2.87310571e-16
 5.39616989e+03  2.81341000e-16
 5.39726361e+03  2.76760266e-16
 5.39835734e+03  2.82542610e-16
 5.39945107e+03  2.94205186e-16
 5.40054482e+03  2.84183202e-16
 5.40163857e+03  2.87961807e-16
 5.40273233e+03  2.92616131e-16
 5.40382609e+03  2.87028418e-16
 5.40491986e+03  2.84771701e-16
 5.40601364e+03  2.95901246e-16
 5.40710743e+03  2.93917594e-16
 5.40820122e+03  2.90787284e-16
 5.40929502e+03  2.89070702e-16
 5.41038882e+03  3.06903252e-16
 5.41148263e+03  3.10205186e-16
 5.41257645e+03  3.17623773e-16
 5.41367028e+03  3.09648799e-16
 5.41476411e+03  3.13181876e-16
 5.41585795e+03  3.29357875e-16
 5.41695179e+03  3.37477598e-16
 5.41804564e+03  3.37677679e-16
 5.41913950e+03  3.37840452e-16
 5.42023336e+03  3.68523722e-16
 5.42132723e+03  3.98066725e-16
 5.42242110e+03  4.30285631e-16
 5.42351498e+03  4.55287368e-16
 5.42460887e+03  4.71673313e-16
 5.42570276e+03  4.87167333e-16
 5.42679666e+03  4.87570484e-16
 5.42789057e+03  4.73944687e-16
 5.42898448e+03  4.26480104e-16
 5.43007840e+03  4.00735806e-16
 5.43117232e+03  3.63520425e-16
 5.43226625e+03  3.33895939e-16
 5.43336018e+03  3.20798623e-16
 5.43445412e+03  3.14293156e-16
 5.43554807e+03  3.18620534e-16
 5.43664202e+03  3.31336668e-16
 5.43773597e+03  3.23857429e-16
 5.43882994e+03  3.24014515e-16
 5.43992390e+03  3.31787516e-16
 5.44101788e+03  3.22277549e-16
 5.44211185e+03  3.16976791e-16
 5.44320584e+03  3.23916694e-16
 5.44429983e+03  3.35306883e-16
 5.44539382e+03  3.25443143e-16
 5.44648782e+03  3.30951261e-16
 5.44758182e+03  3.29909053e-16
 5.44867583e+03  3.28632564e-16
 5.44976985e+03  3.23034679e-16
 5.45086386e+03  3.21906265e-16
 5.45195789e+03  3.17029145e-16
 5.45305192e+03  3.20071986e-16
 5.45414595e+03  3.25175267e-16
 5.45523999e+03  3.36913690e-16
 5.45633403e+03  4.15407852e-16
 5.45742808e+03  6.50805454e-16
 5.45852213e+03  9.28819673e-16
 5.45961619e+03  1.06426646e-15
 5.46071025e+03  9.45973909e-16
 5.46180432e+03  6.83259870e-16
 5.46289839e+03  4.71947500e-16
 5.46399246e+03  3.79603298e-16
 5.46508654e+03  3.64432937e-16
 5.46618062e+03  3.49008988e-16
 5.46727471e+03  3.43229017e-16
 5.46836880e+03  3.33614251e-16
 5.46946290e+03  3.16757518e-16
 5.47055700e+03  3.24241001e-16
 5.47165111e+03  3.20113172e-16
 5.47274522e+03  3.32003865e-16
 5.47383933e+03  3.22545346e-16
 5.47493344e+03  3.27259473e-16
 5.47602757e+03  3.15575149e-16
 5.47712169e+03  3.19833654e-16
 5.47821582e+03  3.13684367e-16
 5.47930995e+03  3.38645555e-16
 5.48040409e+03  3.39042653e-16
 5.48149823e+03  3.49190290e-16
 5.48259237e+03  3.42142775e-16
 5.48368652e+03  3.31848189e-16
 5.48478067e+03  3.38067569e-16
 5.48587482e+03  3.17805028e-16
 5.48696898e+03  3.16111534e-16
 5.48806314e+03  3.22396344e-16
 5.48915730e+03  3.11369158e-16
 5.49025147e+03  3.12759170e-16
 5.49134564e+03  2.94332668e-16
 5.49243982e+03  3.09416440e-16
 5.49353399e+03  3.08049394e-16
 5.49462817e+03  3.09895924e-16
 5.49572236e+03  3.04583784e-16
 5.49681654e+03  3.00238676e-16
 5.49791073e+03  3.05173552e-16
 5.49900493e+03  3.05046943e-16
 5.50009912e+03  3.03561127e-16
 5.50119332e+03  3.04572946e-16
 5.50228752e+03  3.01202477e-16
 5.50338172e+03  3.02499818e-16
 5.50447593e+03  3.04498180e-16
 5.50557014e+03  2.98402176e-16
 5.50666435e+03  3.01740904e-16
 5.50775857e+03  3.01857358e-16
 5.50885279e+03  3.07747458e-16
 5.50994701e+03  3.08368694e-16
 5.51104123e+03  3.07106096e-16
 5.51213545e+03  3.21106216e-16
 5.51322968e+03  3.22315095e-16
 5.51432391e+03  3.14555846e-16
 5.51541814e+03  3.07394212e-16
 5.51651237e+03  3.17403974e-16
 5.51760661e+03  3.18545544e-16
 5.51870085e+03  3.26292705e-16
 5.51979509e+03  3.23697958e-16
 5.52088933e+03  3.24033754e-16
 5.52198358e+03  3.05911350e-16
 5.52307782e+03  3.04303580e-16
 5.52417207e+03  3.07150091e-16
 5.52526632e+03  3.11072634e-16
 5.52636058e+03  3.21909501e-16
 5.52745483e+03  3.02139801e-16
 5.52854909e+03  3.05705064e-16
 5.52964334e+03  3.01341152e-16
 5.53073760e+03  2.92552756e-16
 5.53183186e+03  2.93215271e-16
 5.53292613e+03  3.03598070e-16
 5.53402039e+03  3.02929982e-16
 5.53511465e+03  2.97419553e-16
 5.53620892e+03  3.08644389e-16
 5.53730319e+03  2.96930756e-16
 5.53839746e+03  3.12126785e-16
 5.53949173e+03  3.06201328e-16
 5.54058600e+03  3.13217147e-16
 5.54168028e+03  3.10639552e-16
 5.54277455e+03  3.10342055e-16
 5.54386883e+03  3.13145141e-16
 5.54496310e+03  3.16554944e-16
 5.54605738e+03  3.07589809e-16
 5.54715166e+03  3.22020253e-16
 5.54824594e+03  3.10604675e-16
 5.54934022e+03  3.10641688e-16
 5.55043450e+03  3.05997796e-16
 5.55152878e+03  3.04357154e-16
 5.55262307e+03  3.00800358e-16
 5.55371735e+03  3.07585462e-16
 5.55481164e+03  3.08662984e-16
 5.55590592e+03  3.17439678e-16
 5.55700021e+03  3.13466883e-16
 5.55809449e+03  3.10848816e-16
 5.55918878e+03  2.99365143e-16
 5.56028307e+03  3.01495248e-16
 5.56137735e+03  3.31721950e-16
 5.56247164e+03  3.30545892e-16
 5.56356593e+03  3.37334370e-16
 5.56466022e+03  3.31160020e-16
 5.56575451e+03  3.11468034e-16
 5.56684880e+03  3.14200220e-16
 5.56794308e+03  3.18736627e-16
 5.56903737e+03  3.10996286e-16
 5.57013166e+03  3.20950115e-16
 5.57122595e+03  3.32313944e-16
 5.57232024e+03  3.95744864e-16
 5.57341453e+03  9.72893108e-16
 5.57450882e+03  2.16611556e-15
 5.57560311e+03  3.10625459e-15
 5.57669740e+03  3.09739706e-15
 5.57779168e+03  2.05131313e-15
 5.57888597e+03  9.80046462e-16
 5.57998026e+03  4.54244142e-16
 5.58107455e+03  3.47073782e-16
 5.58216883e+03  3.23836997e-16
 5.58326312e+03  3.19359391e-16
 5.58435740e+03  3.18520245e-16
 5.58545169e+03  3.19875522e-16
 5.58654597e+03  3.20608293e-16
 5.58764026e+03  3.24510180e-16
 5.58873454e+03  3.28603235e-16
 5.58982882e+03  3.19927595e-16
 5.59092310e+03  3.15496597e-16
 5.59201738e+03  3.04652587e-16
 5.59311166e+03  3.08298410e-16
 5.59420594e+03  3.07650911e-16
 5.59530022e+03  3.17729790e-16
 5.59639449e+03  2.98224513e-16
 5.59748877e+03  3.16246900e-16
 5.59858304e+03  3.06487390e-16
 5.59967732e+03  2.94990921e-16
 5.60077159e+03  3.07587428e-16
 5.60186586e+03  3.06598467e-16
 5.60296013e+03  3.28054603e-16
 5.60405440e+03  3.36781270e-16
 5.60514866e+03  3.23202734e-16
 5.60624293e+03  3.18039060e-16
 5.60733719e+03  3.11862623e-16
 5.60843145e+03  3.13707566e-16
 5.60952571e+03  3.09266381e-16
 5.61061997e+03  3.08171631e-16
 5.61171423e+03  3.15735649e-16
 5.61280848e+03  3.08803667e-16
 5.61390274e+03  3.12497206e-16
 5.61499699e+03  3.15558127e-16
 5.61609124e+03  3.13438868e-16
 5.61718549e+03  3.15742823e-16
 5.61827973e+03  3.10828109e-16
 5.61937398e+03  3.12288941e-16
 5.62046822e+03  3.03790349e-16
 5.62156246e+03  3.27634329e-16
 5.62265670e+03  3.34263088e-16
 5.62375093e+03  3.22777520e-16
 5.62484517e+03  3.16932298e-16
 5.62593940e+03  3.09528008e-16
 5.62703363e+03  3.21422034e-16
 5.62812785e+03  3.23266646e-16
 5.62922208e+03  3.29973553e-16
 5.63031630e+03  3.34336161e-16
 5.63141052e+03  3.41833720e-16
 5.63250473e+03  3.29461539e-16
 5.63359895e+03  3.27108569e-16
 5.63469316e+03  3.25142530e-16
 5.63578737e+03  3.12155251e-16
 5.63688157e+03  3.18484047e-16
 5.63797578e+03  3.20207113e-16
 5.63906998e+03  3.18944810e-16
 5.64016417e+03  3.07736185e-16
 5.64125837e+03  3.13230045e-16
 5.64235256e+03  3.20603405e-16
 5.64344675e+03  3.20952950e-16
 5.64454093e+03  3.22138345e-16
 5.64563512e+03  3.31744443e-16
 5.64672930e+03  3.24765250e-16
 5.64782347e+03  3.20324473e-16
 5.64891764e+03  3.18428826e-16
 5.65001181e+03  3.13805285e-16
 5.65110598e+03  3.19949958e-16
 5.65220014e+03  3.16579855e-16
 5.65329430e+03  3.15114743e-16
 5.65438846e+03  3.26997814e-16
 5.65548261e+03  3.21415704e-16
 5.65657676e+03  3.45180691e-16
 5.65767091e+03  3.29731579e-16
 5.65876505e+03  3.45044247e-16
 5.65985919e+03  3.35173092e-16
 5.66095332e+03  3.44705076e-16
 5.66204745e+03  3.50692213e-16
 5.66314158e+03  3.52592900e-16
 5.66423570e+03  3.56265645e-16
 5.66532982e+03  3.51078566e-16
 5.66642394e+03  3.63236863e-16
 5.66751805e+03  3.75684711e-16
 5.66861216e+03  3.93160488e-16
 5.66970626e+03  4.15564755e-16
 5.67080036e+03  4.11045647e-16
 5.67189445e+03  4.07602252e-16
 5.67298855e+03  3.91254753e-16
 5.67408263e+03  3.96512758e-16
 5.67517671e+03  3.82312605e-16
 5.67627079e+03  3.82764230e-16
 5.67736487e+03  3.93910633e-16
 5.67845893e+03  4.05007915e-16
 5.67955300e+03  4.45724577e-16
 5.68064706e+03  4.96293824e-16
 5.68174111e+03  5.33857295e-16
 5.68283517e+03  5.56551258e-16
 5.68392921e+03  5.71123682e-16
 5.68502325e+03  5.89353089e-16
 5.68611729e+03  6.24865948e-16
 5.68721132e+03  6.38774692e-16
 5.68830535e+03  6.19602165e-16
 5.68939937e+03  5.67536646e-16
 5.69049339e+03  5.34915097e-16
 5.69158740e+03  5.03071668e-16
 5.69268141e+03  4.74483094e-16
 5.69377541e+03  4.53572094e-16
 5.69486941e+03  4.29864890e-16
 5.69596340e+03  4.10104942e-16
 5.69705739e+03  4.11550916e-16
 5.69815137e+03  4.27653024e-16
 5.69924534e+03  4.19472773e-16
 5.70033931e+03  4.06882922e-16
 5.70143328e+03  3.95386579e-16
 5.70252724e+03  3.76390835e-16
 5.70362119e+03  3.69864664e-16
 5.70471514e+03  3.54990256e-16
 5.70580909e+03  3.63624689e-16
 5.70690302e+03  3.65680453e-16
 5.70799696e+03  3.74858121e-16
 5.70909088e+03  3.69723970e-16
 5.71018480e+03  3.72354705e-16
 5.71127872e+03  3.78415455e-16
 5.71237263e+03  3.63212127e-16
 5.71346653e+03  3.41970540e-16
 5.71456043e+03  3.50603025e-16
 5.71565432e+03  3.62935105e-16
 5.71674820e+03  3.63134053e-16
 5.71784208e+03  3.52476325e-16
 5.71893596e+03  3.51277312e-16
 5.72002982e+03  3.57348239e-16
 5.72112368e+03  3.47120643e-16
 5.72221754e+03  3.47614561e-16
 5.72331139e+03  3.51270273e-16
 5.72440523e+03  3.44365430e-16
 5.72549906e+03  3.41569361e-16
 5.72659289e+03  3.34558973e-16
 5.72768672e+03  3.31526073e-16
 5.72878053e+03  3.32461075e-16
 5.72987434e+03  3.30863215e-16
 5.73096815e+03  3.32005640e-16
 5.73206194e+03  3.33264309e-16
 5.73315573e+03  3.31919024e-16
 5.73424951e+03  3.41435471e-16
 5.73534329e+03  3.39876927e-16
 5.73643706e+03  3.42877982e-16
 5.73753082e+03  3.42185871e-16
 5.73862458e+03  3.37841071e-16
 5.73971833e+03  3.31565507e-16
 5.74081207e+03  3.34143129e-16
 5.74190580e+03  3.26323848e-16
 5.74299953e+03  3.29751472e-16
 5.74409325e+03  3.30605339e-16
 5.74518696e+03  3.28865755e-16
 5.74628067e+03  3.34214184e-16
 5.74737437e+03  3.44663503e-16
 5.74846806e+03  3.42920730e-16
 5.74956174e+03  3.46808563e-16
 5.75065542e+03  3.42674818e-16
 5.75174909e+03  3.23850704e-16
 5.75284275e+03  3.53753427e-16
 5.75393640e+03  3.40435802e-16
 5.75503005e+03  3.43137715e-16
 5.75612368e+03  3.36048875e-16
 5.75721732e+03  3.58010724e-16
 5.75831094e+03  3.50696458e-16
 5.75940455e+03  3.56696565e-16
 5.76049816e+03  3.56043259e-16
 5.76159176e+03  3.59947304e-16
 5.76268535e+03  3.71893706e-16
 5.76377894e+03  3.85573593e-16
 5.76487251e+03  3.91732190e-16
 5.76596608e+03  4.58706004e-16
 5.76705964e+03  5.10422068e-16
 5.76815319e+03  5.46307944e-16
 5.76924673e+03  5.21603890e-16
 5.77034027e+03  4.66462349e-16
 5.77143380e+03  4.19878169e-16
 5.77252731e+03  4.01199170e-16
 5.77362082e+03  3.70638214e-16
 5.77471433e+03  3.73059412e-16
 5.77580782e+03  3.85309443e-16
 5.77690130e+03  3.76500527e-16
 5.77799478e+03  3.78779399e-16
 5.77908825e+03  3.73232322e-16
 5.78018171e+03  3.69423740e-16
 5.78127516e+03  3.61584893e-16
 5.78236860e+03  3.72137925e-16
 5.78346203e+03  3.70242219e-16
 5.78455545e+03  3.80218566e-16
 5.78564887e+03  3.93337689e-16
 5.78674227e+03  4.53347335e-16
 5.78783567e+03  4.96438246e-16
 5.78892906e+03  5.41213978e-16
 5.79002244e+03  5.22070124e-16
 5.79111581e+03  4.76346380e-16
 5.79220917e+03  4.36222283e-16
 5.79330252e+03  4.03245535e-16
 5.79439586e+03  4.04695039e-16
 5.79548920e+03  3.80889707e-16
 5.79658252e+03  3.79597031e-16
 5.79767583e+03  3.78564130e-16
 5.79876914e+03  3.79816175e-16
 5.79986243e+03  3.77069893e-16
 5.80095572e+03  3.79355745e-16
 5.80204900e+03  3.85558796e-16
 5.80314226e+03  3.82706702e-16
 5.80423552e+03  3.85706866e-16
 5.80532877e+03  3.73419455e-16
 5.80642201e+03  3.75447219e-16
 5.80751524e+03  3.79898040e-16
 5.80860845e+03  3.77363222e-16
 5.80970166e+03  3.85624810e-16
 5.81079486e+03  3.83913320e-16
 5.81188805e+03  3.80613685e-16
 5.81298123e+03  3.83663983e-16
 5.81407440e+03  3.73554391e-16
 5.81516755e+03  3.80302010e-16
 5.81626070e+03  3.84430350e-16
 5.81735384e+03  3.72998146e-16
 5.81844697e+03  3.93548431e-16
 5.81954009e+03  3.84665200e-16
 5.82063319e+03  3.86882381e-16
 5.82172629e+03  3.92387414e-16
 5.82281938e+03  3.89624658e-16
 5.82391245e+03  3.98745673e-16
 5.82500552e+03  3.89432042e-16
 5.82609857e+03  3.92205161e-16
 5.82719162e+03  3.98622677e-16
 5.82828465e+03  3.76975820e-16
 5.82937768e+03  4.08493504e-16
 5.83047069e+03  4.01991164e-16
 5.83156369e+03  3.91923738e-16
 5.83265668e+03  4.03900072e-16
 5.83374966e+03  4.09073724e-16
 5.83484263e+03  3.99350530e-16
 5.83593559e+03  4.02615552e-16
 5.83702854e+03  4.09704330e-16
 5.83812147e+03  4.02999208e-16
 5.83921440e+03  4.02266520e-16
 5.84030731e+03  3.95353525e-16
 5.84140021e+03  4.16720240e-16
 5.84249311e+03  4.21029025e-16
 5.84358599e+03  4.31424219e-16
 5.84467885e+03  4.11505017e-16
 5.84577171e+03  4.17416374e-16
 5.84686456e+03  4.12273507e-16
 5.84795739e+03  4.17949379e-16
 5.84905022e+03  4.17040510e-16
 5.85014303e+03  4.06141104e-16
 5.85123583e+03  4.12079957e-16
 5.85232862e+03  4.28986386e-16
 5.85342139e+03  4.33586808e-16
 5.85451416e+03  4.32597418e-16
 5.85560691e+03  4.33337772e-16
 5.85669965e+03  4.26638711e-16
 5.85779238e+03  4.33106123e-16
 5.85888510e+03  4.27462106e-16
 5.85997781e+03  4.37007705e-16
 5.86107050e+03  4.47620032e-16
 5.86216318e+03  4.48770610e-16
 5.86325585e+03  4.64521118e-16
 5.86434851e+03  4.87736886e-16
 5.86544116e+03  5.03207197e-16
 5.86653379e+03  4.95864548e-16
 5.86762641e+03  4.71794206e-16
 5.86871902e+03  4.67313485e-16
 5.86981162e+03  4.57696132e-16
 5.87090420e+03  4.62662174e-16
 5.87199677e+03  4.51906134e-16
 5.87308933e+03  4.50754569e-16
 5.87418188e+03  4.35904524e-16
 5.87527441e+03  4.44519883e-16
 5.87636693e+03  4.24902812e-16
 5.87745944e+03  4.19896985e-16
 5.87855194e+03  4.11537844e-16
 5.87964442e+03  3.99500774e-16
 5.88073689e+03  4.16193908e-16
 5.88182935e+03  4.11797584e-16
 5.88292179e+03  4.25115641e-16
 5.88401423e+03  4.34170121e-16
 5.88510664e+03  5.26403724e-16
 5.88619905e+03  9.41433056e-16
 5.88729144e+03  1.48697351e-15
 5.88838382e+03  1.90034892e-15
 5.88947619e+03  1.78861960e-15
 5.89056854e+03  1.22220325e-15
 5.89166088e+03  9.41853524e-16
 5.89275321e+03  1.20842477e-15
 5.89384552e+03  1.56345917e-15
 5.89493782e+03  1.72225284e-15
 5.89603011e+03  1.32724649e-15
 5.89712238e+03  8.43567710e-16
 5.89821464e+03  5.49181888e-16
 5.89930689e+03  4.71177345e-16
 5.90039912e+03  4.37862451e-16
 5.90149134e+03  4.26471770e-16
 5.90258354e+03  4.32873152e-16
 5.90367574e+03  4.45993489e-16
 5.90476791e+03  4.43907810e-16
 5.90586008e+03  4.38442720e-16
 5.90695223e+03  4.25071904e-16
 5.90804436e+03  4.31438019e-16
 5.90913648e+03  4.27529037e-16
 5.91022859e+03  4.39349388e-16
 5.91132069e+03  4.43534004e-16
 5.91241277e+03  4.83830294e-16
 5.91350483e+03  4.82420754e-16
 5.91459688e+03  5.03165988e-16
 5.91568892e+03  4.66580473e-16
 5.91678094e+03  4.60095340e-16
 5.91787295e+03  4.44879332e-16
 5.91896494e+03  4.47766851e-16
 5.92005692e+03  4.42346350e-16
 5.92114889e+03  4.54052356e-16
 5.92224084e+03  4.52965715e-16
 5.92333278e+03  4.78116850e-16
 5.92442470e+03  4.68223609e-16
 5.92551660e+03  4.73967008e-16
 5.92660850e+03  4.50094158e-16
 5.92770037e+03  4.53073761e-16
 5.92879224e+03  4.61803188e-16
 5.92988408e+03  4.95062482e-16
 5.93097592e+03  5.16866236e-16
 5.93206773e+03  4.97117365e-16
 5.93315954e+03  4.84009484e-16
 5.93425133e+03  4.67922450e-16
 5.93534310e+03  4.57832555e-16
 5.93643486e+03  4.67122860e-16
 5.93752660e+03  4.57790190e-16
 5.93861833e+03  4.44613432e-16
 5.93971004e+03  4.45004113e-16
 5.94080174e+03  4.30891290e-16
 5.94189342e+03  4.40910002e-16
 5.94298508e+03  4.42658799e-16
 5.94407673e+03  4.48337596e-16
 5.94516837e+03  4.44871003e-16
 5.94625999e+03  4.37835922e-16
 5.94735159e+03  4.44718291e-16
 5.94844318e+03  4.38552714e-16
 5.94953475e+03  4.45897042e-16
 5.95062631e+03  4.55003575e-16
 5.95171785e+03  4.80878964e-16
 5.95280938e+03  4.78260706e-16
 5.95390089e+03  4.69800173e-16
 5.95499238e+03  4.42623463e-16
 5.95608386e+03  4.37047370e-16
 5.95717532e+03  4.27320176e-16
 5.95826677e+03  4.38883018e-16
 5.95935820e+03  4.28588907e-16
 5.96044961e+03  4.32429630e-16
 5.96154101e+03  4.32874262e-16
 5.96263239e+03  4.28859503e-16
 5.96372376e+03  4.22860806e-16
 5.96481511e+03  4.33644006e-16
 5.96590644e+03  4.25999465e-16
 5.96699776e+03  4.49019186e-16
 5.96808906e+03  4.39754731e-16
 5.96918034e+03  4.52979725e-16
 5.97027161e+03  4.51836375e-16
 5.97136286e+03  4.45513169e-16
 5.97245409e+03  4.40766501e-16
 5.97354531e+03  4.48390947e-16
 5.97463651e+03  4.41019469e-16
 5.97572769e+03  4.41367450e-16
 5.97681886e+03  4.34062923e-16
 5.97791001e+03  4.22040281e-16
 5.97900115e+03  4.07840038e-16
 5.98009226e+03  4.18878930e-16
 5.98118336e+03  4.18004430e-16
 5.98227444e+03  4.09249199e-16
 5.98336551e+03  4.21328014e-16
 5.98445656e+03  4.22707061e-16
 5.98554759e+03  4.20052310e-16
 5.98663860e+03  4.08422630e-16
 5.98772960e+03  4.24798789e-16
 5.98882058e+03  4.08247710e-16
 5.98991154e+03  4.21546420e-16
 5.99100249e+03  4.16619040e-16
 5.99209342e+03  4.08116664e-16
 5.99318433e+03  4.10663237e-16
 5.99427522e+03  4.22006686e-16
 5.99536609e+03  4.03748039e-16
 5.99645695e+03  4.30558134e-16
 5.99754779e+03  3.99995687e-16
 5.99863861e+03  4.22198978e-16
 5.99972942e+03  4.17901858e-16
 6.00082020e+03  4.22061501e-16
 6.00191097e+03  4.36743750e-16
 6.00300172e+03  4.19782136e-16
 6.00409246e+03  4.17224407e-16
 6.00518317e+03  4.17098061e-16
 6.00627387e+03  4.00054298e-16
 6.00736455e+03  4.02852513e-16
 6.00845521e+03  4.05509339e-16
 6.00954585e+03  3.99152882e-16
 6.01063648e+03  3.97400070e-16
 6.01172708e+03  4.03032714e-16
 6.01281767e+03  4.04452417e-16
 6.01390824e+03  4.07777799e-16
 6.01499879e+03  4.03837460e-16
 6.01608932e+03  4.12754847e-16
 6.01717984e+03  3.94796275e-16
 6.01827033e+03  3.92601280e-16
 6.01936081e+03  3.98395902e-16
 6.02045127e+03  4.02993085e-16
 6.02154171e+03  4.03118483e-16
 6.02263213e+03  3.94493451e-16
 6.02372254e+03  3.94420148e-16
 6.02481292e+03  3.92359105e-16
 6.02590329e+03  3.94378543e-16
 6.02699363e+03  3.79382361e-16
 6.02808396e+03  3.93969260e-16
 6.02917427e+03  3.89563691e-16
 6.03026456e+03  3.88003588e-16
 6.03135483e+03  3.90012709e-16
 6.03244508e+03  3.97438459e-16
 6.03353531e+03  3.98871694e-16
 6.03462553e+03  3.94671488e-16
 6.03571572e+03  3.91540015e-16
 6.03680590e+03  3.81387554e-16
 6.03789605e+03  3.79674478e-16
 6.03898619e+03  3.76999276e-16
 6.04007630e+03  3.86146880e-16
 6.04116640e+03  3.92354174e-16
 6.04225648e+03  3.82175300e-16
 6.04334654e+03  3.86496296e-16
 6.04443658e+03  3.73512978e-16
 6.04552659e+03  3.81326675e-16
 6.04661659e+03  3.83883159e-16
 6.04770657e+03  3.76312490e-16
 6.04879653e+03  3.83178637e-16
 6.04988647e+03  3.68870397e-16
 6.05097639e+03  3.94440694e-16
 6.05206629e+03  3.74931614e-16
 6.05315617e+03  3.94499146e-16
 6.05424604e+03  3.80265969e-16
 6.05533588e+03  3.78778427e-16
 6.05642570e+03  3.79132449e-16
 6.05751550e+03  3.78078177e-16
 6.05860528e+03  3.76441265e-16
 6.05969504e+03  3.84405345e-16
 6.06078478e+03  3.88813997e-16
 6.06187449e+03  3.82974923e-16
 6.06296419e+03  3.74600150e-16
 6.06405387e+03  3.83887089e-16
 6.06514353e+03  3.87570518e-16
 6.06623317e+03  3.86891718e-16
 6.06732278e+03  3.73827627e-16
 6.06841238e+03  3.77699626e-16
 6.06950196e+03  3.81114837e-16
 6.07059151e+03  3.69989844e-16
 6.07168105e+03  3.70105498e-16
 6.07277056e+03  3.78639752e-16
 6.07386005e+03  3.80828046e-16
 6.07494953e+03  3.79477161e-16
 6.07603898e+03  3.87204330e-16
 6.07712841e+03  3.69450484e-16
 6.07821782e+03  3.78473493e-16
 6.07930720e+03  3.67427703e-16
 6.08039657e+03  3.78043140e-16
 6.08148592e+03  3.77053213e-16
 6.08257524e+03  3.84859124e-16
 6.08366455e+03  3.77424532e-16
 6.08475383e+03  3.73507464e-16
 6.08584309e+03  3.84053053e-16
 6.08693233e+03  3.82659151e-16
 6.08802155e+03  3.71171061e-16
 6.08911075e+03  3.78535114e-16
 6.09019992e+03  3.75025606e-16
 6.09128908e+03  3.88910767e-16
 6.09237821e+03  3.86058236e-16
 6.09346732e+03  3.75511124e-16
 6.09455641e+03  3.81223250e-16
 6.09564547e+03  3.75517259e-16
 6.09673452e+03  3.78356892e-16
 6.09782354e+03  3.72253754e-16
 6.09891255e+03  3.90074772e-16
 6.10000153e+03  3.94816621e-16
 6.10109049e+03  3.91247961e-16
 6.10217942e+03  3.93458442e-16
 6.10326834e+03  4.03948534e-16
 6.10435723e+03  4.00957884e-16
 6.10544610e+03  4.20366842e-16
 6.10653495e+03  4.11247986e-16
 6.10762377e+03  4.48121525e-16
 6.10871258e+03  4.36237256e-16
 6.10980136e+03  4.50455492e-16
 6.11089012e+03  4.60338767e-16
 6.11197885e+03  4.72604568e-16
 6.11306757e+03  4.71595985e-16
 6.11415626e+03  4.62838560e-16
 6.11524493e+03  4.44945242e-16
 6.11633357e+03  4.32448667e-16
 6.11742220e+03  4.25351965e-16
 6.11851080e+03  4.22458685e-16
 6.11959938e+03  4.06575999e-16
 6.12068793e+03  4.03044532e-16
 6.12177647e+03  4.09723276e-16
 6.12286498e+03  3.97595182e-16
 6.12395346e+03  4.02938917e-16
 6.12504193e+03  3.91937995e-16
 6.12613037e+03  3.94805641e-16
 6.12721879e+03  3.93880219e-16
 6.12830718e+03  3.90034663e-16
 6.12939555e+03  3.85766361e-16
 6.13048390e+03  3.85921880e-16
 6.13157223e+03  3.93937150e-16
 6.13266053e+03  3.87657828e-16
 6.13374881e+03  3.87376576e-16
 6.13483707e+03  3.93482625e-16
 6.13592530e+03  3.90405315e-16
 6.13701351e+03  4.02672541e-16
 6.13810169e+03  3.99166428e-16
 6.13918986e+03  3.98154065e-16
 6.14027800e+03  4.01723330e-16
 6.14136611e+03  4.06419562e-16
 6.14245420e+03  4.02408205e-16
 6.14354227e+03  3.93871943e-16
 6.14463031e+03  4.00053984e-16
 6.14571833e+03  3.96781402e-16
 6.14680633e+03  3.92808905e-16
 6.14789430e+03  3.98201894e-16
 6.14898225e+03  3.95203144e-16
 6.15007018e+03  3.97394478e-16
 6.15115808e+03  4.13288166e-16
 6.15224595e+03  4.17769854e-16
 6.15333381e+03  4.22863524e-16
 6.15442163e+03  4.23321019e-16
 6.15550944e+03  4.13526100e-16
 6.15659722e+03  3.91390465e-16
 6.15768497e+03  4.16979317e-16
 6.15877271e+03  4.27811789e-16
 6.15986041e+03  4.44588129e-16
 6.16094809e+03  4.39968018e-16
 6.16203575e+03  4.20264438e-16
 6.16312339e+03  4.02868596e-16
 6.16421099e+03  3.92377364e-16
 6.16529858e+03  3.83283564e-16
 6.16638614e+03  3.72127182e-16
 6.16747367e+03  3.85668973e-16
 6.16856118e+03  4.12463706e-16
 6.16964867e+03  4.04445965e-16
 6.17073613e+03  4.01731619e-16
 6.17182357e+03  3.85520052e-16
 6.17291098e+03  3.89017631e-16
 6.17399836e+03  3.86128938e-16
 6.17508572e+03  3.82905174e-16
 6.17617306e+03  3.75750529e-16
 6.17726037e+03  3.73325817e-16
 6.17834766e+03  3.70005653e-16
 6.17943492e+03  3.69745697e-16
 6.18052215e+03  3.79590073e-16
 6.18160936e+03  3.80493757e-16
 6.18269655e+03  3.78778305e-16
 6.18378371e+03  3.82148378e-16
 6.18487084e+03  3.70080309e-16
 6.18595795e+03  3.72147228e-16
 6.18704503e+03  3.80137552e-16
 6.18813209e+03  3.79638699e-16
 6.18921912e+03  3.76299767e-16
 6.19030613e+03  3.77952623e-16
 6.19139311e+03  3.91534565e-16
 6.19248006e+03  3.86760363e-16
 6.19356699e+03  3.67782840e-16
 6.19465389e+03  3.73516425e-16
 6.19574077e+03  3.82245070e-16
 6.19682762e+03  3.75452038e-16
 6.19791445e+03  3.81533004e-16
 6.19900125e+03  3.84710771e-16
 6.20008802e+03  4.01461167e-16
 6.20117477e+03  3.97869847e-16
 6.20226149e+03  3.92314261e-16
 6.20334819e+03  3.92523957e-16
 6.20443485e+03  3.86349332e-16
 6.20552150e+03  3.85684795e-16
 6.20660811e+03  3.75236307e-16
 6.20769470e+03  3.84481415e-16
 6.20878127e+03  3.94576223e-16
 6.20986780e+03  3.95919215e-16
 6.21095431e+03  3.97765915e-16
 6.21204080e+03  3.87962947e-16
 6.21312726e+03  3.89033698e-16
 6.21421369e+03  3.77334172e-16
 6.21530009e+03  3.78814032e-16
 6.21638647e+03  3.71475863e-16
 6.21747282e+03  3.67245960e-16
 6.21855914e+03  3.82882564e-16
 6.21964544e+03  3.93586859e-16
 6.22073171e+03  4.00075649e-16
 6.22181795e+03  3.87711568e-16
 6.22290417e+03  3.95212129e-16
 6.22399036e+03  3.82803603e-16
 6.22507652e+03  3.68161252e-16
 6.22616265e+03  3.82042874e-16
 6.22724876e+03  3.63314431e-16
 6.22833484e+03  3.75023188e-16
 6.22942089e+03  3.73780071e-16
 6.23050692e+03  3.85296088e-16
 6.23159292e+03  4.08453091e-16
 6.23267889e+03  4.36096824e-16
 6.23376483e+03  4.79187592e-16
 6.23485075e+03  4.68705490e-16
 6.23593664e+03  4.82429576e-16
 6.23702250e+03  4.52241648e-16
 6.23810833e+03  4.25086865e-16
 6.23919414e+03  4.34645558e-16
 6.24027992e+03  4.12218720e-16
 6.24136567e+03  4.10304816e-16
 6.24245139e+03  4.08238306e-16
 6.24353708e+03  3.95510098e-16
 6.24462275e+03  3.94522374e-16
 6.24570839e+03  3.94872845e-16
 6.24679400e+03  3.82577666e-16
 6.24787958e+03  3.94595520e-16
 6.24896514e+03  3.87704665e-16
 6.25005066e+03  3.85711598e-16
 6.25113616e+03  3.83140458e-16
 6.25222163e+03  3.79840894e-16
 6.25330708e+03  3.81770776e-16
 6.25439249e+03  4.24056072e-16
 6.25547787e+03  4.66654114e-16
 6.25656323e+03  4.93659825e-16
 6.25764856e+03  4.73894973e-16
 6.25873386e+03  4.49585438e-16
 6.25981913e+03  4.27976227e-16
 6.26090437e+03  4.08943015e-16
 6.26198959e+03  4.11507153e-16
 6.26307477e+03  4.27304405e-16
 6.26415993e+03  4.22908187e-16
 6.26524506e+03  4.25719728e-16
 6.26633016e+03  4.02659046e-16
 6.26741523e+03  3.99593881e-16
 6.26850027e+03  3.86551323e-16
 6.26958528e+03  3.86888990e-16
 6.27067027e+03  3.93733716e-16
 6.27175522e+03  3.85977314e-16
 6.27284015e+03  3.94019104e-16
 6.27392504e+03  3.87349838e-16
 6.27500991e+03  3.91578663e-16
 6.27609475e+03  3.91007338e-16
 6.27717956e+03  3.93057639e-16
 6.27826434e+03  3.76008455e-16
 6.27934909e+03  3.84181436e-16
 6.28043381e+03  3.75579278e-16
 6.28151850e+03  3.95012957e-16
 6.28260316e+03  3.83513593e-16
 6.28368779e+03  4.11442425e-16
 6.28477240e+03  4.58184513e-16
 6.28585697e+03  4.52366777e-16
 6.28694151e+03  4.77192893e-16
 6.28802603e+03  4.39732827e-16
 6.28911051e+03  4.21254430e-16
 6.29019496e+03  4.07151534e-16
 6.29127939e+03  3.93944419e-16
 6.29236378e+03  3.89915400e-16
 6.29344815e+03  4.00354419e-16
 6.29453248e+03  3.96883181e-16
 6.29561679e+03  4.21074969e-16
 6.29670106e+03  5.74649329e-16
 6.29778531e+03  7.65138082e-16
 6.29886952e+03  8.18793314e-16
 6.29995370e+03  7.96264823e-16
 6.30103786e+03  6.14370823e-16
 6.30212198e+03  5.43434879e-16
 6.30320608e+03  4.92912342e-16
 6.30429014e+03  4.90271664e-16
 6.30537417e+03  5.08248304e-16
 6.30645817e+03  5.05729145e-16
 6.30754214e+03  4.45906538e-16
 6.30862608e+03  4.20211386e-16
 6.30970999e+03  4.19289200e-16
 6.31079387e+03  4.04199856e-16
 6.31187772e+03  4.04617769e-16
 6.31296154e+03  4.05342685e-16
 6.31404533e+03  4.06447975e-16
 6.31512909e+03  4.11619332e-16
 6.31621281e+03  4.01009254e-16
 6.31729651e+03  4.40044239e-16
 6.31838017e+03  4.54028756e-16
 6.31946380e+03  4.60769349e-16
 6.32054740e+03  4.46763255e-16
 6.32163097e+03  4.19989100e-16
 6.32271451e+03  4.17836620e-16
 6.32379802e+03  3.92151667e-16
 6.32488150e+03  4.00723854e-16
 6.32596494e+03  4.19509595e-16
 6.32704836e+03  4.53486455e-16
 6.32813174e+03  4.61678363e-16
 6.32921509e+03  4.85187207e-16
 6.33029841e+03  4.42463989e-16
 6.33138170e+03  4.34512446e-16
 6.33246496e+03  4.11567548e-16
 6.33354818e+03  3.98164244e-16
 6.33463138e+03  4.00981836e-16
 6.33571454e+03  4.06295179e-16
 6.33679767e+03  3.92154661e-16
 6.33788077e+03  3.92888188e-16
 6.33896384e+03  4.03798080e-16
 6.34004687e+03  4.01984054e-16
 6.34112987e+03  4.08722621e-16
 6.34221284e+03  4.11544325e-16
 6.34329578e+03  3.92964226e-16
 6.34437869e+03  4.06746099e-16
 6.34546157e+03  3.98426931e-16
 6.34654441e+03  4.20192782e-16
 6.34762722e+03  4.25063614e-16
 6.34871000e+03  4.25241318e-16
 6.34979274e+03  4.01212118e-16
 6.35087546e+03  4.10619657e-16
 6.35195814e+03  4.06878240e-16
 6.35304079e+03  4.23103730e-16
 6.35412340e+03  4.44241591e-16
 6.35520599e+03  4.63623570e-16
 6.35628854e+03  4.33216818e-16
 6.35737106e+03  4.24068125e-16
 6.35845354e+03  4.20943992e-16
 6.35953600e+03  4.31888259e-16
 6.36061842e+03  4.95399088e-16
 6.36170080e+03  5.45553919e-16
 6.36278316e+03  5.63591519e-16
 6.36386548e+03  5.20734528e-16
 6.36494777e+03  4.73192627e-16
 6.36603003e+03  4.42835890e-16
 6.36711225e+03  4.14318949e-16
 6.36819444e+03  4.08861698e-16
 6.36927660e+03  4.18238536e-16
 6.37035872e+03  4.06390793e-16
 6.37144081e+03  4.09273894e-16
 6.37252287e+03  4.12951083e-16
 6.37360489e+03  4.05219290e-16
 6.37468689e+03  4.23680750e-16
 6.37576884e+03  4.24349494e-16
 6.37685077e+03  4.22255575e-16
 6.37793266e+03  4.24412594e-16
 6.37901452e+03  4.22371712e-16
 6.38009634e+03  4.36430450e-16
 6.38117813e+03  4.33485563e-16
 6.38225989e+03  4.21086858e-16
 6.38334161e+03  4.31849266e-16
 6.38442330e+03  4.39739056e-16
 6.38550495e+03  4.45614029e-16
 6.38658657e+03  4.41045134e-16
 6.38766816e+03  4.27836262e-16
 6.38874972e+03  4.35895028e-16
 6.38983124e+03  4.22666340e-16
 6.39091272e+03  4.15680519e-16
 6.39199417e+03  4.23364347e-16
 6.39307559e+03  4.13282330e-16
 6.39415697e+03  4.21684721e-16
 6.39523832e+03  4.12851091e-16
 6.39631964e+03  4.33932247e-16
 6.39740092e+03  4.20415124e-16
 6.39848217e+03  4.25321930e-16
 6.39956338e+03  4.34574240e-16
 6.40064456e+03  4.46211383e-16
 6.40172570e+03  4.37322101e-16
 6.40280681e+03  4.39885059e-16
 6.40388788e+03  4.32645351e-16
 6.40496892e+03  4.26575131e-16
 6.40604993e+03  4.21186325e-16
 6.40713090e+03  4.14173584e-16
 6.40821183e+03  4.32323237e-16
 6.40929273e+03  4.27125158e-16
 6.41037360e+03  4.30768638e-16
 6.41145443e+03  4.35034935e-16
 6.41253523e+03  4.41336601e-16
 6.41361599e+03  4.35464734e-16
 6.41469671e+03  4.30892263e-16
 6.41577741e+03  4.18919270e-16
 6.41685806e+03  4.43901123e-16
 6.41793868e+03  4.26512838e-16
 6.41901927e+03  4.34920232e-16
 6.42009982e+03  4.41114082e-16
 6.42118034e+03  4.38271481e-16
 6.42226082e+03  4.32920316e-16
 6.42334126e+03  4.31767099e-16
 6.42442167e+03  4.47771590e-16
 6.42550204e+03  4.39578791e-16
 6.42658238e+03  4.36636227e-16
 6.42766269e+03  4.37498358e-16
 6.42874295e+03  4.42458360e-16
 6.42982318e+03  4.41211859e-16
 6.43090338e+03  4.34064153e-16
 6.43198354e+03  4.32067487e-16
 6.43306367e+03  4.41235580e-16
 6.43414375e+03  4.29648767e-16
 6.43522381e+03  4.34798138e-16
 6.43630382e+03  4.46805152e-16
 6.43738380e+03  4.34586043e-16
 6.43846375e+03  4.42489209e-16
 6.43954366e+03  4.38682418e-16
 6.44062353e+03  4.36798189e-16
 6.44170337e+03  4.47057084e-16
 6.44278317e+03  4.40672301e-16
 6.44386293e+03  4.45461797e-16
 6.44494266e+03  4.36694082e-16
 6.44602235e+03  4.48616307e-16
 6.44710201e+03  4.45847481e-16
 6.44818163e+03  4.44390441e-16
 6.44926121e+03  4.36181264e-16
 6.45034076e+03  4.43057513e-16
 6.45142027e+03  4.54245168e-16
 6.45249974e+03  4.52943393e-16
 6.45357918e+03  4.57981560e-16
 6.45465858e+03  4.67442226e-16
 6.45573794e+03  4.62250180e-16
 6.45681727e+03  4.55550999e-16
 6.45789656e+03  4.63057190e-16
 6.45897581e+03  4.62296986e-16
 6.46005502e+03  4.52512860e-16
 6.46113420e+03  4.70884509e-16
 6.46221335e+03  4.81420719e-16
 6.46329245e+03  5.18886440e-16
 6.46437152e+03  5.01318989e-16
 6.46545055e+03  5.01406258e-16
 6.46652954e+03  4.99732699e-16
 6.46760850e+03  4.89305650e-16
 6.46868742e+03  5.13626383e-16
 6.46976630e+03  5.01581500e-16
 6.47084514e+03  5.05707614e-16
 6.47192395e+03  4.75615080e-16
 6.47300272e+03  4.63519270e-16
 6.47408145e+03  4.73390734e-16
 6.47516015e+03  4.75163253e-16
 6.47623880e+03  4.71977841e-16
 6.47731742e+03  4.64732694e-16
 6.47839601e+03  4.63742466e-16
 6.47947455e+03  4.74834722e-16
 6.48055306e+03  4.67578748e-16
 6.48163152e+03  4.63782658e-16
 6.48270996e+03  4.65300100e-16
 6.48378835e+03  4.65045624e-16
 6.48486670e+03  4.60476593e-16
 6.48594502e+03  4.68551757e-16
 6.48702330e+03  4.78357040e-16
 6.48810154e+03  4.72961638e-16
 6.48917974e+03  4.75965288e-16
 6.49025791e+03  4.68648468e-16
 6.49133603e+03  4.59458919e-16
 6.49241412e+03  4.62786252e-16
 6.49349217e+03  4.64342332e-16
 6.49457018e+03  5.01260104e-16
 6.49564816e+03  5.33393146e-16
 6.49672609e+03  5.61893548e-16
 6.49780399e+03  5.86575003e-16
 6.49888184e+03  5.32726586e-16
 6.49995966e+03  5.26412495e-16
 6.50103744e+03  5.08798452e-16
 6.50211518e+03  5.21526492e-16
 6.50319289e+03  5.10765041e-16
 6.50427055e+03  5.23266732e-16
 6.50534818e+03  5.03862033e-16
 6.50642576e+03  5.24320182e-16
 6.50750331e+03  4.81620347e-16
 6.50858082e+03  4.97660314e-16
 6.50965829e+03  4.80537748e-16
 6.51073572e+03  4.90848934e-16
 6.51181311e+03  5.00900068e-16
 6.51289047e+03  4.82212871e-16
 6.51396778e+03  4.91483253e-16
 6.51504506e+03  4.92241582e-16
 6.51612229e+03  4.87681661e-16
 6.51719949e+03  4.91347753e-16
 6.51827664e+03  5.04482242e-16
 6.51935376e+03  5.15627263e-16
 6.52043084e+03  5.32170827e-16
 6.52150788e+03  5.20216056e-16
 6.52258487e+03  5.14187170e-16
 6.52366183e+03  5.16456839e-16
 6.52473875e+03  5.04833399e-16
 6.52581563e+03  5.10519299e-16
 6.52689247e+03  5.13178476e-16
 6.52796927e+03  4.90580075e-16
 6.52904604e+03  5.34970994e-16
 6.53012276e+03  5.61382212e-16
 6.53119944e+03  5.77369985e-16
 6.53227608e+03  6.03101689e-16
 6.53335268e+03  5.55828227e-16
 6.53442924e+03  5.27456434e-16
 6.53550576e+03  5.23079923e-16
 6.53658224e+03  5.18112393e-16
 6.53765868e+03  5.11771674e-16
 6.53873508e+03  5.25651390e-16
 6.53981145e+03  5.07698945e-16
 6.54088777e+03  5.33269610e-16
 6.54196405e+03  5.36943957e-16
 6.54304028e+03  5.52396665e-16
 6.54411648e+03  5.48675175e-16
 6.54519264e+03  5.26094044e-16
 6.54626876e+03  5.27124041e-16
 6.54734484e+03  5.50184565e-16
 6.54842087e+03  5.26520776e-16
 6.54949687e+03  5.43635339e-16
 6.55057283e+03  5.82821029e-16
 6.55164874e+03  6.05259813e-16
 6.55272462e+03  6.18401814e-16
 6.55380045e+03  5.92925437e-16
 6.55487624e+03  5.55166187e-16
 6.55595199e+03  5.49481428e-16
 6.55702770e+03  5.31834718e-16
 6.55810337e+03  5.27504088e-16
 6.55917900e+03  6.06182548e-16
 6.56025459e+03  6.57579141e-16
 6.56133013e+03  6.61951972e-16
 6.56240564e+03  6.30245049e-16
 6.56348110e+03  5.92304530e-16
 6.56455653e+03  5.71634468e-16
 6.56563191e+03  5.64776192e-16
 6.56670725e+03  5.65838499e-16
 6.56778255e+03  5.68223452e-16
 6.56885780e+03  5.52501713e-16
 6.56993302e+03  5.65514941e-16
 6.57100819e+03  5.48456590e-16
 6.57208332e+03  5.52798527e-16
 6.57315841e+03  5.62522841e-16
 6.57423346e+03  5.90938808e-16
 6.57530847e+03  6.06626495e-16
 6.57638344e+03  6.17162483e-16
 6.57745836e+03  6.12124204e-16
 6.57853324e+03  5.83904420e-16
 6.57960808e+03  5.62378958e-16
 6.58068288e+03  5.82704218e-16
 6.58175764e+03  5.88885749e-16
 6.58283235e+03  5.96502323e-16
 6.58390702e+03  5.60624663e-16
 6.58498165e+03  5.73822862e-16
 6.58605624e+03  5.62578986e-16
 6.58713078e+03  5.74816199e-16
 6.58820529e+03  5.75355926e-16
 6.58927975e+03  5.78928118e-16
 6.59035417e+03  5.78844549e-16
 6.59142854e+03  5.59800742e-16
 6.59250288e+03  5.78586528e-16
 6.59357717e+03  5.75793141e-16
 6.59465142e+03  5.80005177e-16
 6.59572562e+03  5.69637343e-16
 6.59679978e+03  5.89191856e-16
 6.59787390e+03  5.83876614e-16
 6.59894798e+03  5.66625847e-16
 6.60002202e+03  5.82280778e-16
 6.60109601e+03  6.09013807e-16
 6.60216996e+03  6.19483300e-16
 6.60324387e+03  6.15616122e-16
 6.60431773e+03  5.98695946e-16
 6.60539155e+03  6.09183018e-16
 6.60646533e+03  5.83575040e-16
 6.60753906e+03  5.74877758e-16
 6.60861275e+03  5.70710243e-16
 6.60968640e+03  5.96002306e-16
 6.61076001e+03  5.86566419e-16
 6.61183357e+03  6.01311200e-16
 6.61290709e+03  5.90233452e-16
 6.61398056e+03  5.98024101e-16
 6.61505399e+03  5.88637077e-16
 6.61612738e+03  5.93905280e-16
 6.61720073e+03  5.92965931e-16
 6.61827403e+03  5.97045022e-16
 6.61934728e+03  6.13309042e-16
 6.62042050e+03  5.87989469e-16
 6.62149367e+03  5.96446691e-16
 6.62256679e+03  6.07161986e-16
 6.62363988e+03  6.09456422e-16
 6.62471292e+03  6.17469093e-16
 6.62578591e+03  6.07630771e-16
 6.62685886e+03  6.20782813e-16
 6.62793177e+03  6.20990448e-16
 6.62900463e+03  6.14341224e-16
 6.63007745e+03  6.14661619e-16
 6.63115023e+03  6.26127374e-16
 6.63222296e+03  6.38431234e-16
 6.63329565e+03  6.27787993e-16
 6.63436829e+03  6.29720434e-16
 6.63544089e+03  6.19821568e-16
 6.63651344e+03  6.27589996e-16
 6.63758595e+03  6.34600150e-16
 6.63865842e+03  6.27731654e-16
 6.63973084e+03  6.26476184e-16
 6.64080321e+03  6.32578133e-16
 6.64187554e+03  6.31641527e-16
 6.64294783e+03  6.40904298e-16
 6.64402007e+03  6.34690655e-16
 6.64509227e+03  6.60331305e-16
 6.64616443e+03  6.29129707e-16
 6.64723653e+03  6.33521173e-16
 6.64830860e+03  6.43993948e-16
 6.64938062e+03  6.38823760e-16
 6.65045259e+03  6.59342515e-16
 6.65152452e+03  6.53175556e-16
 6.65259640e+03  6.60040220e-16
 6.65366824e+03  6.48280966e-16
 6.65474004e+03  6.68592469e-16
 6.65581179e+03  6.41297480e-16
 6.65688349e+03  6.59037545e-16
 6.65795515e+03  6.42979649e-16
 6.65902676e+03  6.63335471e-16
 6.66009833e+03  6.66522614e-16
 6.66116985e+03  6.63206229e-16
 6.66224133e+03  6.74885783e-16
 6.66331276e+03  6.79208968e-16
 6.66438415e+03  6.69356923e-16
 6.66545549e+03  6.92361077e-16
 6.66652678e+03  6.66754275e-16
 6.66759803e+03  6.80839540e-16
 6.66866924e+03  6.71749957e-16
 6.66974040e+03  6.88180479e-16
 6.67081151e+03  6.69937837e-16
 6.67188257e+03  6.93510453e-16
 6.67295360e+03  6.72908663e-16
 6.67402457e+03  6.86243149e-16
 6.67509550e+03  6.79304482e-16
 6.67616638e+03  7.00754309e-16
 6.67723722e+03  6.85235848e-16
 6.67830801e+03  6.89970684e-16
 6.67937876e+03  6.76597788e-16
 6.68044945e+03  6.85187417e-16
 6.68152011e+03  7.02989003e-16
 6.68259071e+03  6.95849239e-16
 6.68366127e+03  7.05620922e-16
 6.68473179e+03  7.01495046e-16
 6.68580225e+03  7.10079775e-16
 6.68687267e+03  6.80322693e-16
 6.68794305e+03  7.02733664e-16
 6.68901338e+03  6.95004222e-16
 6.69008366e+03  7.03121980e-16
 6.69115389e+03  7.23010072e-16
 6.69222408e+03  7.18284235e-16
 6.69329422e+03  7.08007183e-16
 6.69436432e+03  7.31795915e-16
 6.69543436e+03  7.03916243e-16
 6.69650436e+03  7.14914028e-16
 6.69757432e+03  7.19950600e-16
 6.69864423e+03  7.16142808e-16
 6.69971409e+03  7.23436656e-16
 6.70078390e+03  7.34340662e-16
 6.70185366e+03  7.28997369e-16
 6.70292338e+03  7.30520136e-16
 6.70399306e+03  7.69169286e-16
 6.70506268e+03  7.50712218e-16
 6.70613226e+03  7.64204145e-16
 6.70720179e+03  7.65311249e-16
 6.70827127e+03  7.49356377e-16
 6.70934071e+03  7.56626335e-16
 6.71041009e+03  7.57482882e-16
 6.71147943e+03  7.70478907e-16
 6.71254873e+03  7.85649368e-16
 6.71361797e+03  7.70469326e-16
 6.71468717e+03  7.72808052e-16
 6.71575632e+03  7.67195286e-16
 6.71682542e+03  7.74708042e-16
 6.71789448e+03  7.64488529e-16
 6.71896348e+03  7.86643539e-16
 6.72003244e+03  7.85354702e-16
 6.72110135e+03  7.85945377e-16
 6.72217022e+03  7.79039408e-16
 6.72323903e+03  7.79299449e-16
 6.72430780e+03  7.81647021e-16
 6.72537652e+03  7.84119039e-16
 6.72644519e+03  7.57640422e-16
 6.72751381e+03  8.07694823e-16
 6.72858239e+03  7.94939956e-16
 6.72965091e+03  8.03659263e-16
 6.73071939e+03  7.97540480e-16
 6.73178782e+03  8.13491530e-16
 6.73285620e+03  7.74331683e-16
 6.73392454e+03  8.17518635e-16
 6.73499282e+03  7.82909007e-16
 6.73606106e+03  8.01649190e-16
 6.73712925e+03  8.16095669e-16
 6.73819739e+03  8.00096096e-16
 6.73926548e+03  8.10495553e-16
 6.74033352e+03  8.10382936e-16
 6.74140151e+03  8.33634111e-16
 6.74246945e+03  8.18571144e-16
 6.74353735e+03  8.30806887e-16
 6.74460520e+03  8.20773530e-16
 6.74567299e+03  8.07050180e-16
 6.74674074e+03  8.20448999e-16
 6.74780844e+03  8.43549667e-16
 6.74887609e+03  8.23715093e-16
 6.74994369e+03  8.34975639e-16
 6.75101125e+03  8.37356202e-16
 6.75207875e+03  8.37353655e-16
 6.75314620e+03  8.41091786e-16
 6.75421361e+03  8.28390452e-16
 6.75528096e+03  8.27796038e-16
 6.75634827e+03  8.30633038e-16
 6.75741553e+03  8.39847342e-16
 6.75848273e+03  8.60683754e-16
 6.75954989e+03  8.52683149e-16
 6.76061700e+03  8.54254594e-16
 6.76168406e+03  8.49109692e-16
 6.76275107e+03  8.80229122e-16
 6.76381803e+03  8.44783747e-16
 6.76488494e+03  8.68653807e-16
 6.76595179e+03  8.70418785e-16
 6.76701860e+03  8.73037079e-16
 6.76808536e+03  8.74936944e-16
 6.76915207e+03  8.66767567e-16
 6.77021873e+03  8.96768298e-16
 6.77128534e+03  8.85313960e-16
 6.77235190e+03  8.93836470e-16
 6.77341841e+03  8.90800056e-16
 6.77448487e+03  8.93684744e-16
 6.77555128e+03  8.94028068e-16
 6.77661764e+03  8.74183604e-16
 6.77768395e+03  9.10914428e-16
 6.77875021e+03  9.10684581e-16
 6.77981642e+03  9.23324980e-16
 6.78088258e+03  9.07864895e-16
 6.78194869e+03  9.07053462e-16
 6.78301474e+03  9.00678398e-16
 6.78408075e+03  9.24524792e-16
 6.78514671e+03  9.13338141e-16
 6.78621261e+03  9.21359409e-16
 6.78727847e+03  9.22962303e-16
 6.78834427e+03  9.52982251e-16
 6.78941002e+03  9.22675959e-16
 6.79047572e+03  9.33314546e-16
 6.79154138e+03  9.32627621e-16
 6.79260698e+03  9.31756493e-16
 6.79367253e+03  9.51620399e-16
 6.79473802e+03  9.50918880e-16
 6.79580347e+03  9.31685100e-16
 6.79686887e+03  9.62000849e-16
 6.79793421e+03  9.59896992e-16
 6.79899951e+03  9.69662158e-16
 6.80006475e+03  9.65835138e-16
 6.80112994e+03  9.59406947e-16
 6.80219508e+03  9.68483665e-16
 6.80326017e+03  9.60268149e-16
 6.80432521e+03  9.63968964e-16
 6.80539020e+03  9.77311949e-16
 6.80645513e+03  9.51231474e-16
 6.80752001e+03  9.70108008e-16
 6.80858485e+03  9.83545066e-16
 6.80964963e+03  9.81842973e-16
 6.81071435e+03  9.86612327e-16
 6.81177903e+03  9.79798314e-16
 6.81284366e+03  9.90145737e-16
 6.81390823e+03  9.91074265e-16
 6.81497275e+03  1.00031396e-15
 6.81603722e+03  1.02286707e-15
 6.81710164e+03  1.02051063e-15
 6.81816600e+03  1.01576660e-15
 6.81923032e+03  1.03277638e-15
 6.82029458e+03  9.95151224e-16
 6.82135879e+03  1.03338631e-15
 6.82242294e+03  1.01595073e-15
 6.82348705e+03  1.06135967e-15
 6.82455110e+03  1.09769667e-15
 6.82561510e+03  1.13876565e-15
 6.82667905e+03  1.19651047e-15
 6.82774294e+03  1.18973907e-15
 6.82880679e+03  1.19025274e-15
 6.82987058e+03  1.08171351e-15
 6.83093431e+03  1.18150642e-15
 6.83199800e+03  1.21327987e-15
 6.83306163e+03  1.17290013e-15
 6.83412521e+03  1.12364995e-15
 6.83518874e+03  1.12945170e-15
 6.83625221e+03  1.10833400e-15
 6.83731564e+03  1.10920753e-15
 6.83837901e+03  1.09308416e-15
 6.83944232e+03  1.11099482e-15
 6.84050558e+03  1.10069504e-15
 6.84156880e+03  1.08759343e-15
 6.84263195e+03  1.10463319e-15
