6.759175781250000000e+03 3.851447999477386475e-01
6.760492231488227844e+03 3.851877152919769287e-01
6.761808681726455688e+03 3.852306008338928223e-01
6.763125131964683533e+03 3.852733671665191650e-01
6.764441582202911377e+03 3.853160440921783447e-01
6.765758032441139221e+03 3.853586614131927490e-01
6.767074482679367065e+03 3.854011893272399902e-01
6.768390932917594910e+03 3.854436278343200684e-01
6.769707383155822754e+03 3.854859769344329834e-01
6.771023833394050598e+03 3.855282962322235107e-01
6.772340283632278442e+03 3.855704665184020996e-01
6.773656733870506287e+03 3.856126070022583008e-01
6.774973184108734131e+03 3.856546580791473389e-01
6.776289634346961975e+03 3.856965899467468262e-01
6.777606084585189819e+03 3.857384920120239258e-01
6.778922534823417664e+03 3.857802748680114746e-01
6.780238985061645508e+03 3.858220279216766357e-01
6.781555435299873352e+03 3.858636319637298584e-01
6.782871885538101196e+03 3.859052062034606934e-01
6.784188335776329041e+03 3.859466910362243652e-01
6.785504786014556885e+03 3.859880864620208740e-01
6.786821236252784729e+03 3.860293924808502197e-01
6.788137686491012573e+03 3.860706388950347900e-01
6.789454136729240417e+03 3.861117959022521973e-01
6.790770586967468262e+03 3.861528635025024414e-01
6.792087037205696106e+03 3.861938416957855225e-01
6.793403487443923950e+03 3.862347602844238281e-01
6.794719937682151794e+03 3.862755894660949707e-01
6.796036387920379639e+03 3.863163590431213379e-01
6.797352838158607483e+03 3.863570392131805420e-01
6.798669288396835327e+03 3.863976299762725830e-01
6.799985738635063171e+03 3.864381313323974609e-01
6.801302188873291016e+03 3.864785432815551758e-01
6.802618639111518860e+03 3.865188956260681152e-01
6.803935089349746704e+03 3.865591585636138916e-01
6.805251539587974548e+03 3.865993320941925049e-01
6.806567989826202393e+03 3.866394758224487305e-01
6.807884440064430237e+03 3.866795003414154053e-01
6.809200890302658081e+03 3.867194354534149170e-01
6.810517340540885925e+03 3.867593407630920410e-01
6.811833790779113770e+03 3.867991566658020020e-01
6.813150241017341614e+03 3.868387937545776367e-01
6.814466691255569458e+03 3.868784606456756592e-01
6.815783141493797302e+03 3.869180083274841309e-01
6.817099591732025146e+03 3.869574368000030518e-01
6.818416041970252991e+03 3.869968354701995850e-01
6.819732492208480835e+03 3.870362043380737305e-01
6.821048942446708679e+03 3.870754241943359375e-01
6.822365392684936523e+03 3.871145248413085938e-01
6.823681842923164368e+03 3.871536254882812500e-01
6.824998293161392212e+03 3.871926069259643555e-01
6.826314743399620056e+03 3.872315585613250732e-01
6.827631193637847900e+03 3.872703909873962402e-01
6.828947643876075745e+03 3.873090744018554688e-01
6.830264094114303589e+03 3.873477876186370850e-01
6.831580544352531433e+03 3.873863220214843750e-01
6.832896994590759277e+03 3.874248564243316650e-01
6.834213444828987122e+03 3.874633014202117920e-01
6.835529895067214966e+03 3.875016570091247559e-01
6.836846345305442810e+03 3.875399231910705566e-01
6.838162795543670654e+03 3.875781595706939697e-01
6.839479245781898499e+03 3.876162767410278320e-01
6.840795696020126343e+03 3.876543045043945312e-01
6.842112146258354187e+03 3.876922428607940674e-01
6.843428596496582031e+03 3.877301216125488281e-01
6.844745046734809875e+03 3.877679109573364258e-01
6.846061496973037720e+03 3.878056704998016357e-01
6.847377947211265564e+03 3.878432810306549072e-01
6.848694397449493408e+03 3.878808617591857910e-01
6.850010847687721252e+03 3.879183232784271240e-01
6.851327297925949097e+03 3.879557251930236816e-01
6.852643748164176941e+03 3.879930377006530762e-01
6.853960198402404785e+03 3.880302608013153076e-01
6.855276648640632629e+03 3.880674540996551514e-01
6.856593098878860474e+03 3.881045579910278320e-01
6.857909549117088318e+03 3.881415128707885742e-01
6.859225999355316162e+03 3.881784379482269287e-01
6.860542449593544006e+03 3.882152438163757324e-01
6.861858899831771851e+03 3.882520198822021484e-01
6.863175350069999695e+03 3.882887661457061768e-01
6.864491800308227539e+03 3.883253633975982666e-01
6.865808250546455383e+03 3.883618712425231934e-01
6.867124700784683228e+03 3.883983194828033447e-01
6.868441151022911072e+03 3.884347081184387207e-01
6.869757601261138916e+03 3.884710371494293213e-01
6.871074051499366760e+03 3.885071873664855957e-01
6.872390501737594604e+03 3.885433077812194824e-01
6.873706951975822449e+03 3.885793983936309814e-01
6.875023402214050293e+03 3.886153995990753174e-01
6.876339852452278137e+03 3.886513113975524902e-01
6.877656302690505981e+03 3.886871337890625000e-01
6.878972752928733826e+03 3.887228369712829590e-01
6.880289203166961670e+03 3.887585103511810303e-01
6.881605653405189514e+03 3.887940943241119385e-01
6.882922103643417358e+03 3.888296186923980713e-01
6.884238553881645203e+03 3.888650536537170410e-01
6.885555004119873047e+03 3.889003992080688477e-01
6.886871454358100891e+03 3.889356255531311035e-01
6.888187904596328735e+03 3.889708220958709717e-01
6.889504354834556580e+03 3.890059292316436768e-01
6.890820805072784424e+03 3.890409767627716064e-01
6.892137255311012268e+03 3.890759050846099854e-01
6.893453705549240112e+03 3.891107738018035889e-01
6.894770155787467957e+03 3.891455233097076416e-01
6.896086606025695801e+03 3.891803026199340820e-01
6.897403056263923645e+03 3.892149329185485840e-01
6.898719506502151489e+03 3.892495334148406982e-01
6.900035956740379333e+03 3.892840147018432617e-01
6.901352406978607178e+03 3.893183767795562744e-01
6.902668857216835022e+03 3.893527090549468994e-01
6.903985307455062866e+03 3.893869817256927490e-01
6.905301757693290710e+03 3.894211351871490479e-01
6.906618207931517645e+03 3.894552588462829590e-01
6.907934658169745489e+03 3.894892930984497070e-01
6.909251108407973334e+03 3.895231783390045166e-01
6.910567558646201178e+03 3.895570933818817139e-01
6.911884008884429022e+03 3.895908296108245850e-01
6.913200459122656866e+03 3.896245956420898438e-01
6.914516909360884711e+03 3.896581828594207764e-01
6.915833359599112555e+03 3.896917402744293213e-01
6.917149809837340399e+03 3.897251784801483154e-01
6.918466260075568243e+03 3.897586464881896973e-01
6.919782710313796088e+03 3.897919356822967529e-01
6.921099160552023932e+03 3.898251652717590332e-01
6.922415610790251776e+03 3.898583054542541504e-01
6.923732061028479620e+03 3.898913860321044922e-01
6.925048511266707465e+03 3.899243772029876709e-01
6.926364961504935309e+03 3.899573087692260742e-01
6.927681411743163153e+03 3.899901509284973145e-01
6.928997861981390997e+03 3.900228738784790039e-01
6.930314312219618841e+03 3.900555670261383057e-01
6.931630762457846686e+03 3.900882601737976074e-01
6.932947212696074530e+03 3.901207745075225830e-01
6.934263662934302374e+03 3.901531994342803955e-01
6.935580113172530218e+03 3.901856243610382080e-01
6.936896563410758063e+03 3.902178406715393066e-01
6.938213013648985907e+03 3.902501165866851807e-01
6.939529463887213751e+03 3.902822434902191162e-01
6.940845914125441595e+03 3.903143703937530518e-01
6.942162364363669440e+03 3.903463780879974365e-01
6.943478814601897284e+03 3.903782665729522705e-01
6.944795264840125128e+03 3.904100954532623291e-01
6.946111715078352972e+03 3.904418349266052246e-01
6.947428165316580817e+03 3.904735147953033447e-01
6.948744615554808661e+03 3.905051648616790771e-01
6.950061065793036505e+03 3.905366957187652588e-01
6.951377516031264349e+03 3.905681073665618896e-01
6.952693966269492194e+03 3.905995190143585205e-01
6.954010416507720038e+03 3.906307518482208252e-01
6.955326866745947882e+03 3.906619846820831299e-01
6.956643316984175726e+03 3.906931281089782715e-01
6.957959767222403570e+03 3.907241821289062500e-01
6.959276217460631415e+03 3.907551765441894531e-01
6.960592667698859259e+03 3.907861113548278809e-01
6.961909117937087103e+03 3.908169567584991455e-01
6.963225568175314947e+03 3.908476829528808594e-01
6.964542018413542792e+03 3.908783495426177979e-01
6.965858468651770636e+03 3.909089863300323486e-01
6.967174918889998480e+03 3.909395039081573486e-01
6.968491369128226324e+03 3.909699618816375732e-01
6.969807819366454169e+03 3.910003304481506348e-01
6.971124269604682013e+03 3.910306394100189209e-01
6.972440719842909857e+03 3.910608589649200439e-01
6.973757170081137701e+03 3.910909891128540039e-01
6.975073620319365546e+03 3.911210596561431885e-01
6.976390070557593390e+03 3.911510407924652100e-01
6.977706520795821234e+03 3.911809325218200684e-01
6.979022971034049078e+03 3.912107646465301514e-01
6.980339421272276923e+03 3.912405371665954590e-01
6.981655871510504767e+03 3.912702500820159912e-01
6.982972321748732611e+03 3.912998139858245850e-01
6.984288771986960455e+03 3.913293480873107910e-01
6.985605222225188299e+03 3.913587927818298340e-01
6.986921672463416144e+03 3.913881480693817139e-01
6.988238122701643988e+03 3.914174437522888184e-01
6.989554572939871832e+03 3.914467096328735352e-01
6.990871023178099676e+03 3.914758265018463135e-01
6.992187473416327521e+03 3.915048837661743164e-01
6.993503923654555365e+03 3.915338814258575439e-01
6.994820373892783209e+03 3.915628492832183838e-01
6.996136824131011053e+03 3.915916383266448975e-01
6.997453274369238898e+03 3.916203975677490234e-01
6.998769724607466742e+03 3.916490972042083740e-01
7.000086174845694586e+03 3.916777074337005615e-01
7.001402625083922430e+03 3.917062580585479736e-01
7.002719075322150275e+03 3.917347192764282227e-01
7.004035525560378119e+03 3.917630612850189209e-01
7.005351975798605963e+03 3.917913734912872314e-01
7.006668426036833807e+03 3.918195962905883789e-01
7.007984876275061652e+03 3.918477594852447510e-01
7.009301326513289496e+03 3.918758332729339600e-01
7.010617776751517340e+03 3.919038176536560059e-01
7.011934226989745184e+03 3.919317424297332764e-01
7.013250677227973028e+03 3.919596076011657715e-01
7.014567127466200873e+03 3.919873833656311035e-01
7.015883577704428717e+03 3.920150697231292725e-01
7.017200027942656561e+03 3.920427262783050537e-01
7.018516478180884405e+03 3.920702338218688965e-01
7.019832928419112250e+03 3.920976817607879639e-01
7.021149378657340094e+03 3.921251296997070312e-01
7.022465828895567938e+03 3.921523988246917725e-01
7.023782279133795782e+03 3.921796679496765137e-01
7.025098729372023627e+03 3.922068178653717041e-01
7.026415179610251471e+03 3.922339081764221191e-01
7.027731629848479315e+03 3.922608792781829834e-01
7.029048080086707159e+03 3.922878205776214600e-01
7.030364530324935004e+03 3.923147618770599365e-01
7.031680980563162848e+03 3.923415243625640869e-01
7.032997430801390692e+03 3.923682272434234619e-01
7.034313881039618536e+03 3.923948109149932861e-01
7.035630331277846381e+03 3.924213945865631104e-01
7.036946781516074225e+03 3.924478888511657715e-01
7.038263231754302069e+03 3.924743235111236572e-01
7.039579681992529913e+03 3.925006389617919922e-01
7.040896132230757757e+03 3.925268948078155518e-01
7.042212582468985602e+03 3.925530612468719482e-01
7.043529032707213446e+03 3.925791382789611816e-01
7.044845482945441290e+03 3.926052153110504150e-01
7.046161933183669134e+03 3.926311433315277100e-01
7.047478383421896979e+03 3.926570415496826172e-01
7.048794833660124823e+03 3.926828801631927490e-01
7.050111283898352667e+03 3.927085697650909424e-01
7.051427734136580511e+03 3.927342593669891357e-01
7.052744184374808356e+03 3.927597999572753906e-01
7.054060634613036200e+03 3.927852809429168701e-01
7.055377084851264044e+03 3.928107321262359619e-01
7.056693535089491888e+03 3.928360641002655029e-01
7.058009985327719733e+03 3.928613960742950439e-01
7.059326435565947577e+03 3.928865790367126465e-01
7.060642885804175421e+03 3.929117023944854736e-01
7.061959336042403265e+03 3.929367363452911377e-01
7.063275786280631110e+03 3.929617106914520264e-01
7.064592236518858954e+03 3.929865956306457520e-01
7.065908686757086798e+03 3.930114209651947021e-01
7.067225136995314642e+03 3.930361866950988770e-01
7.068541587233542487e+03 3.930608928203582764e-01
7.069858037471770331e+03 3.930854797363281250e-01
7.071174487709998175e+03 3.931100368499755859e-01
7.072490937948226019e+03 3.931344449520111084e-01
7.073807388186453863e+03 3.931588530540466309e-01
7.075123838424681708e+03 3.931831419467926025e-01
7.076440288662909552e+03 3.932074010372161865e-01
7.077756738901137396e+03 3.932315111160278320e-01
7.079073189139365240e+03 3.932556211948394775e-01
7.080389639377593085e+03 3.932796120643615723e-01
7.081706089615820929e+03 3.933035135269165039e-01
7.083022539854048773e+03 3.933273851871490479e-01
7.084338990092276617e+03 3.933511972427368164e-01
7.085655440330504462e+03 3.933748602867126465e-01
7.086971890568732306e+03 3.933984637260437012e-01
7.088288340806960150e+03 3.934220075607299805e-01
7.089604791045187994e+03 3.934455513954162598e-01
7.090921241283415839e+03 3.934689760208129883e-01
7.092237691521643683e+03 3.934922814369201660e-01
7.093554141759871527e+03 3.935155272483825684e-01
7.094870591998099371e+03 3.935386836528778076e-01
7.096187042236327216e+03 3.935618102550506592e-01
7.097503492474555060e+03 3.935848474502563477e-01
7.098819942712782904e+03 3.936078548431396484e-01
7.100136392951010748e+03 3.936307132244110107e-01
7.101452843189238592e+03 3.936534821987152100e-01
7.102769293427466437e+03 3.936762213706970215e-01
7.104085743665694281e+03 3.936988711357116699e-01
7.105402193903922125e+03 3.937215209007263184e-01
7.106718644142149969e+03 3.937439918518066406e-01
7.108035094380377814e+03 3.937664330005645752e-01
7.109351544618605658e+03 3.937887847423553467e-01
7.110667994856833502e+03 3.938110768795013428e-01
7.111984445095061346e+03 3.938333094120025635e-01
7.113300895333289191e+03 3.938553929328918457e-01
7.114617345571517035e+03 3.938774764537811279e-01
7.115933795809744879e+03 3.938995003700256348e-01
7.117250246047972723e+03 3.939213454723358154e-01
7.118566696286200568e+03 3.939431607723236084e-01
7.119883146524428412e+03 3.939649164676666260e-01
7.121199596762656256e+03 3.939866125583648682e-01
7.122516047000884100e+03 3.940082192420959473e-01
7.123832497239111945e+03 3.940297365188598633e-01
7.125148947477339789e+03 3.940511643886566162e-01
7.126465397715567633e+03 3.940725624561309814e-01
7.127781847953795477e+03 3.940938115119934082e-01
7.129098298192023321e+03 3.941150307655334473e-01
7.130414748430251166e+03 3.941361606121063232e-01
7.131731198668479010e+03 3.941572010517120361e-01
7.133047648906706854e+03 3.941781818866729736e-01
7.134364099144934698e+03 3.941990435123443604e-01
7.135680549383162543e+03 3.942199349403381348e-01
7.136996999621390387e+03 3.942406773567199707e-01
7.138313449859618231e+03 3.942613005638122559e-01
7.139629900097846075e+03 3.942819237709045410e-01
7.140946350336073920e+03 3.943023979663848877e-01
7.142262800574301764e+03 3.943228423595428467e-01
7.143579250812529608e+03 3.943431675434112549e-01
7.144895701050757452e+03 3.943634629249572754e-01
7.146212151288985297e+03 3.943836390972137451e-01
7.147528601527213141e+03 3.944037854671478271e-01
7.148845051765440985e+03 3.944238126277923584e-01
7.150161502003668829e+03 3.944437801837921143e-01
7.151477952241896674e+03 3.944636583328247070e-01
7.152794402480124518e+03 3.944834172725677490e-01
7.154110852718352362e+03 3.945031166076660156e-01
7.155427302956580206e+03 3.945227861404418945e-01
7.156743753194808050e+03 3.945423364639282227e-01
7.158060203433035895e+03 3.945617675781250000e-01
7.159376653671263739e+03 3.945811688899993896e-01
7.160693103909491583e+03 3.946005105972290039e-01
7.162009554147719427e+03 3.946197330951690674e-01
7.163326004385947272e+03 3.946388959884643555e-01
7.164642454624175116e+03 3.946579992771148682e-01
7.165958904862402960e+03 3.946769535541534424e-01
7.167275355100630804e+03 3.946958482265472412e-01
7.168591805338858649e+03 3.947146534919738770e-01
7.169908255577086493e+03 3.947334289550781250e-01
7.171224705815314337e+03 3.947520852088928223e-01
7.172541156053542181e+03 3.947706818580627441e-01
7.173857606291770026e+03 3.947891891002655029e-01
7.175174056529997870e+03 3.948076069355010986e-01
7.176490506768224805e+03 3.948259651660919189e-01
7.177806957006452649e+03 3.948442041873931885e-01
7.179123407244680493e+03 3.948623538017272949e-01
7.180439857482908337e+03 3.948804736137390137e-01
7.181756307721136181e+03 3.948984742164611816e-01
7.183072757959364026e+03 3.949164152145385742e-01
7.184389208197591870e+03 3.949342370033264160e-01
7.185705658435819714e+03 3.949519991874694824e-01
7.187022108674047558e+03 3.949697017669677734e-01
7.188338558912275403e+03 3.949872553348541260e-01
7.189655009150503247e+03 3.950048387050628662e-01
7.190971459388731091e+03 3.950222730636596680e-01
7.192287909626958935e+03 3.950395584106445312e-01
7.193604359865186780e+03 3.950568437576293945e-01
7.194920810103414624e+03 3.950740396976470947e-01
7.196237260341642468e+03 3.950911164283752441e-01
7.197553710579870312e+03 3.951081335544586182e-01
7.198870160818098157e+03 3.951250612735748291e-01
7.200186611056326001e+03 3.951418995857238770e-01
7.201503061294553845e+03 3.951586484909057617e-01
7.202819511532781689e+03 3.951753079891204834e-01
7.204135961771009534e+03 3.951919078826904297e-01
7.205452412009237378e+03 3.952083885669708252e-01
7.206768862247465222e+03 3.952248394489288330e-01
7.208085312485693066e+03 3.952412009239196777e-01
7.209401762723920911e+03 3.952574133872985840e-01
7.210718212962148755e+03 3.952735960483551025e-01
7.212034663200376599e+03 3.952896893024444580e-01
7.213351113438604443e+03 3.953056335449218750e-01
7.214667563676832287e+03 3.953215777873992920e-01
7.215984013915060132e+03 3.953373730182647705e-01
7.217300464153287976e+03 3.953531086444854736e-01
7.218616914391515820e+03 3.953687548637390137e-01
7.219933364629743664e+03 3.953843116760253906e-01
7.221249814867971509e+03 3.953998088836669922e-01
7.222566265106199353e+03 3.954152166843414307e-01
7.223882715344427197e+03 3.954305052757263184e-01
7.225199165582655041e+03 3.954457044601440430e-01
7.226515615820882886e+03 3.954608738422393799e-01
7.227832066059110730e+03 3.954758644104003906e-01
7.229148516297338574e+03 3.954908549785614014e-01
7.230464966535566418e+03 3.955057561397552490e-01
7.231781416773794263e+03 3.955205082893371582e-01
7.233097867012022107e+03 3.955352008342742920e-01
7.234414317250249951e+03 3.955498039722442627e-01
7.235730767488477795e+03 3.955643475055694580e-01
7.237047217726705640e+03 3.955787718296051025e-01
7.238363667964933484e+03 3.955931067466735840e-01
7.239680118203161328e+03 3.956073820590972900e-01
7.240996568441389172e+03 3.956215083599090576e-01
7.242313018679617016e+03 3.956356346607208252e-01
7.243629468917844861e+03 3.956495821475982666e-01
7.244945919156072705e+03 3.956635296344757080e-01
7.246262369394300549e+03 3.956773579120635986e-01
7.247578819632528393e+03 3.956910669803619385e-01
7.248895269870756238e+03 3.957047164440155029e-01
7.250211720108984082e+03 3.957182466983795166e-01
7.251528170347211926e+03 3.957316875457763672e-01
7.252844620585439770e+03 3.957450687885284424e-01
7.254161070823667615e+03 3.957583904266357422e-01
7.255477521061895459e+03 3.957716226577758789e-01
7.256793971300123303e+03 3.957847058773040771e-01
7.258110421538351147e+03 3.957976698875427246e-01
7.259426871776578992e+03 3.958106040954589844e-01
7.260743322014806836e+03 3.958234786987304688e-01
7.262059772253034680e+03 3.958362042903900146e-01
7.263376222491262524e+03 3.958488702774047852e-01
7.264692672729490369e+03 3.958614170551300049e-01
7.266009122967718213e+03 3.958738744258880615e-01
7.267325573205946057e+03 3.958862721920013428e-01
7.268642023444173901e+03 3.958985507488250732e-01
7.269958473682401745e+03 3.959107398986816406e-01
7.271274923920629590e+03 3.959228694438934326e-01
7.272591374158857434e+03 3.959349095821380615e-01
7.273907824397085278e+03 3.959468007087707520e-01
7.275224274635313122e+03 3.959586322307586670e-01
7.276540724873540967e+03 3.959704041481018066e-01
7.277857175111768811e+03 3.959820568561553955e-01
7.279173625349996655e+03 3.959936201572418213e-01
7.280490075588224499e+03 3.960050940513610840e-01
7.281806525826452344e+03 3.960164487361907959e-01
7.283122976064680188e+03 3.960277736186981201e-01
7.284439426302908032e+03 3.960389196872711182e-01
7.285755876541135876e+03 3.960500657558441162e-01
7.287072326779363721e+03 3.960610032081604004e-01
7.288388777017591565e+03 3.960719108581542969e-01
7.289705227255819409e+03 3.960827887058258057e-01
7.291021677494047253e+03 3.960935175418853760e-01
7.292338127732275098e+03 3.961041569709777832e-01
7.293654577970502942e+03 3.961146771907806396e-01
7.294971028208730786e+03 3.961251378059387207e-01
7.296287478446958630e+03 3.961355090141296387e-01
7.297603928685186474e+03 3.961457610130310059e-01
7.298920378923414319e+03 3.961559534072875977e-01
7.300236829161642163e+03 3.961660265922546387e-01
7.301553279399870007e+03 3.961760103702545166e-01
7.302869729638097851e+03 3.961859047412872314e-01
7.304186179876325696e+03 3.961956799030303955e-01
7.305502630114553540e+03 3.962053954601287842e-01
7.306819080352781384e+03 3.962150514125823975e-01
7.308135530591009228e+03 3.962245583534240723e-01
7.309451980829237073e+03 3.962339460849761963e-01
7.310768431067464917e+03 3.962432742118835449e-01
7.312084881305692761e+03 3.962524831295013428e-01
7.313401331543920605e+03 3.962616324424743652e-01
7.314717781782148450e+03 3.962706625461578369e-01
7.316034232020376294e+03 3.962796032428741455e-01
7.317350682258604138e+03 3.962884545326232910e-01
7.318667132496831982e+03 3.962971866130828857e-01
7.319983582735059827e+03 3.963058888912200928e-01
7.321300032973287671e+03 3.963144719600677490e-01
7.322616483211515515e+03 3.963228762149810791e-01
7.323932933449743359e+03 3.963312804698944092e-01
7.325249383687971203e+03 3.963395357131958008e-01
7.326565833926199048e+03 3.963477313518524170e-01
7.327882284164426892e+03 3.963558077812194824e-01
7.329198734402654736e+03 3.963637948036193848e-01
7.330515184640882580e+03 3.963716924190521240e-01
7.331831634879110425e+03 3.963794708251953125e-01
7.333148085117338269e+03 3.963872194290161133e-01
7.334464535355566113e+03 3.963947296142578125e-01
7.335780985593793957e+03 3.964022696018218994e-01
7.337097435832021802e+03 3.964096605777740479e-01
7.338413886070249646e+03 3.964169621467590332e-01
7.339730336308477490e+03 3.964242041110992432e-01
7.341046786546705334e+03 3.964312672615051270e-01
7.342363236784933179e+03 3.964382708072662354e-01
7.343679687023161023e+03 3.964452743530273438e-01
7.344996137261388867e+03 3.964520692825317383e-01
7.346312587499616711e+03 3.964587748050689697e-01
7.347629037737844556e+03 3.964653611183166504e-01
7.348945487976072400e+03 3.964719176292419434e-01
7.350261938214300244e+03 3.964783251285552979e-01
7.351578388452528088e+03 3.964846432209014893e-01
7.352894838690755932e+03 3.964909017086029053e-01
7.354211288928983777e+03 3.964970409870147705e-01
7.355527739167211621e+03 3.965030610561370850e-01
7.356844189405439465e+03 3.965090215206146240e-01
7.358160639643667309e+03 3.965148031711578369e-01
7.359477089881895154e+03 3.965205550193786621e-01
7.360793540120122998e+03 3.965261876583099365e-01
7.362109990358350842e+03 3.965317308902740479e-01
7.363426440596578686e+03 3.965371549129486084e-01
7.364742890834806531e+03 3.965424597263336182e-01
7.366059341073034375e+03 3.965477347373962402e-01
7.367375791311262219e+03 3.965528309345245361e-01
7.368692241549490063e+03 3.965578675270080566e-01
7.370008691787717908e+03 3.965628445148468018e-01
7.371325142025945752e+03 3.965676426887512207e-01
7.372641592264173596e+03 3.965723812580108643e-01
7.373958042502401440e+03 3.965770006179809570e-01
7.375274492740629285e+03 3.965815305709838867e-01
7.376590942978857129e+03 3.965859413146972656e-01
7.377907393217084973e+03 3.965903520584106445e-01
7.379223843455312817e+03 3.965945243835449219e-01
7.380540293693540661e+03 3.965986669063568115e-01
7.381856743931768506e+03 3.966026902198791504e-01
7.383173194169996350e+03 3.966066241264343262e-01
7.384489644408224194e+03 3.966104090213775635e-01
7.385806094646452038e+03 3.966141939163208008e-01
7.387122544884679883e+03 3.966177999973297119e-01
7.388438995122907727e+03 3.966212868690490723e-01
7.389755445361135571e+03 3.966246843338012695e-01
7.391071895599363415e+03 3.966279923915863037e-01
7.392388345837591260e+03 3.966312408447265625e-01
7.393704796075819104e+03 3.966343700885772705e-01
7.395021246314046948e+03 3.966373801231384277e-01
7.396337696552274792e+03 3.966402411460876465e-01
7.397654146790502637e+03 3.966430723667144775e-01
7.398970597028730481e+03 3.966457545757293701e-01
7.400287047266958325e+03 3.966483175754547119e-01
7.401603497505186169e+03 3.966507911682128906e-01
7.402919947743414014e+03 3.966532349586486816e-01
7.404236397981641858e+03 3.966554999351501465e-01
7.405552848219869702e+03 3.966576755046844482e-01
7.406869298458097546e+03 3.966597616672515869e-01
7.408185748696325390e+03 3.966616988182067871e-01
7.409502198934553235e+03 3.966635763645172119e-01
7.410818649172781079e+03 3.966653347015380859e-01
7.412135099411008923e+03 3.966669738292694092e-01
7.413451549649236767e+03 3.966685533523559570e-01
7.414767999887464612e+03 3.966699838638305664e-01
7.416084450125692456e+03 3.966713547706604004e-01
7.417400900363920300e+03 3.966725766658782959e-01
7.418717350602148144e+03 3.966737389564514160e-01
7.420033800840375989e+03 3.966747522354125977e-01
7.421350251078603833e+03 3.966756761074066162e-01
7.422666701316831677e+03 3.966764807701110840e-01
7.423983151555059521e+03 3.966771960258483887e-01
7.425299601793287366e+03 3.966778218746185303e-01
7.426616052031515210e+03 3.966782987117767334e-01
7.427932502269743054e+03 3.966787159442901611e-01
7.429248952507970898e+03 3.966789841651916504e-01
7.430565402746198743e+03 3.966791927814483643e-01
7.431881852984426587e+03 3.966792523860931396e-01
7.433198303222654431e+03 3.966792225837707520e-01
7.434514753460882275e+03 3.966791033744812012e-01
7.435831203699110119e+03 3.966788649559020996e-01
7.437147653937337964e+03 3.966785371303558350e-01
7.438464104175565808e+03 3.966780900955200195e-01
7.439780554413793652e+03 3.966775536537170410e-01
7.441097004652021496e+03 3.966768980026245117e-01
7.442413454890249341e+03 3.966761231422424316e-01
7.443729905128477185e+03 3.966752886772155762e-01
7.445046355366705029e+03 3.966743350028991699e-01
7.446362805604932873e+03 3.966733217239379883e-01
7.447679255843160718e+03 3.966720998287200928e-01
7.448995706081388562e+03 3.966708183288574219e-01
7.450312156319616406e+03 3.966695070266723633e-01
7.451628606557844250e+03 3.966680467128753662e-01
7.452945056796072095e+03 3.966665565967559814e-01
7.454261507034299939e+03 3.966649174690246582e-01
7.455577957272527783e+03 3.966631889343261719e-01
7.456894407510755627e+03 3.966613709926605225e-01
7.458210857748983472e+03 3.966594338417053223e-01
7.459527307987211316e+03 3.966574370861053467e-01
7.460843758225439160e+03 3.966553509235382080e-01
7.462160208463667004e+03 3.966531157493591309e-01
7.463476658701894848e+03 3.966507911682128906e-01
7.464793108940122693e+03 3.966484665870666504e-01
7.466109559178350537e+03 3.966459929943084717e-01
7.467426009416578381e+03 3.966434299945831299e-01
7.468742459654806225e+03 3.966408073902130127e-01
7.470058909893034070e+03 3.966380655765533447e-01
7.471375360131261914e+03 3.966352641582489014e-01
7.472691810369489758e+03 3.966323733329772949e-01
7.474008260607717602e+03 3.966293632984161377e-01
7.475324710845945447e+03 3.966263234615325928e-01
7.476641161084173291e+03 3.966231346130371094e-01
7.477957611322401135e+03 3.966199457645416260e-01
7.479274061560628979e+03 3.966165781021118164e-01
7.480590511798856824e+03 3.966131806373596191e-01
7.481906962037084668e+03 3.966097235679626465e-01
7.483223412275312512e+03 3.966061174869537354e-01
7.484539862513540356e+03 3.966025114059448242e-01
7.485856312751768201e+03 3.965988457202911377e-01
7.487172762989995135e+03 3.965950012207031250e-01
7.488489213228222980e+03 3.965911269187927246e-01
7.489805663466450824e+03 3.965871334075927734e-01
7.491122113704678668e+03 3.965831398963928223e-01
7.492438563942906512e+03 3.965790569782257080e-01
7.493755014181134356e+03 3.965748548507690430e-01
7.495071464419362201e+03 3.965705931186676025e-01
7.496387914657590045e+03 3.965662419795989990e-01
7.497704364895817889e+03 3.965618312358856201e-01
7.499020815134045733e+03 3.965573906898498535e-01
7.500337265372273578e+03 3.965528309345245361e-01
7.501653715610501422e+03 3.965482115745544434e-01
7.502970165848729266e+03 3.965435028076171875e-01
7.504286616086957110e+03 3.965387642383575439e-01
7.505603066325184955e+03 3.965339660644531250e-01
7.506919516563412799e+03 3.965289890766143799e-01
7.508235966801640643e+03 3.965240716934204102e-01
7.509552417039868487e+03 3.965190052986145020e-01
7.510868867278096332e+03 3.965139687061309814e-01
7.512185317516324176e+03 3.965087831020355225e-01
7.513501767754552020e+03 3.965035974979400635e-01
7.514818217992779864e+03 3.964982628822326660e-01
7.516134668231007709e+03 3.964928984642028809e-01
7.517451118469235553e+03 3.964875042438507080e-01
7.518767568707463397e+03 3.964820504188537598e-01
7.520084018945691241e+03 3.964764773845672607e-01
7.521400469183919085e+03 3.964709043502807617e-01
7.522716919422146930e+03 3.964651823043823242e-01
7.524033369660374774e+03 3.964594900608062744e-01
7.525349819898602618e+03 3.964537382125854492e-01
7.526666270136830462e+03 3.964478969573974609e-01
7.527982720375058307e+03 3.964419364929199219e-01
7.529299170613286151e+03 3.964360058307647705e-01
7.530615620851513995e+03 3.964300155639648438e-01
7.531932071089741839e+03 3.964239656925201416e-01
7.533248521327969684e+03 3.964177966117858887e-01
7.534564971566197528e+03 3.964116573333740234e-01
7.535881421804425372e+03 3.964054286479949951e-01
7.537197872042653216e+03 3.963991403579711914e-01
7.538514322280881061e+03 3.963928222656250000e-01
7.539830772519108905e+03 3.963864445686340332e-01
7.541147222757336749e+03 3.963800072669982910e-01
7.542463672995564593e+03 3.963735401630401611e-01
7.543780123233792438e+03 3.963670134544372559e-01
7.545096573472020282e+03 3.963604271411895752e-01
7.546413023710248126e+03 3.963537812232971191e-01
7.547729473948475970e+03 3.963470757007598877e-01
7.549045924186703814e+03 3.963403701782226562e-01
7.550362374424931659e+03 3.963336050510406494e-01
7.551678824663159503e+03 3.963268101215362549e-01
7.552995274901387347e+03 3.963199555873870850e-01
7.554311725139615191e+03 3.963130414485931396e-01
7.555628175377843036e+03 3.963060975074768066e-01
7.556944625616070880e+03 3.962991237640380859e-01
7.558261075854298724e+03 3.962921202182769775e-01
7.559577526092526568e+03 3.962850570678710938e-01
7.560893976330754413e+03 3.962779045104980469e-01
7.562210426568982257e+03 3.962707817554473877e-01
7.563526876807210101e+03 3.962635695934295654e-01
7.564843327045437945e+03 3.962563872337341309e-01
7.566159777283665790e+03 3.962490856647491455e-01
7.567476227521893634e+03 3.962417840957641602e-01
7.568792677760121478e+03 3.962344229221343994e-01
7.570109127998349322e+03 3.962270617485046387e-01
7.571425578236577167e+03 3.962196707725524902e-01
7.572742028474805011e+03 3.962121903896331787e-01
7.574058478713032855e+03 3.962047398090362549e-01
7.575374928951260699e+03 3.961972296237945557e-01
7.576691379189488543e+03 3.961896896362304688e-01
7.578007829427716388e+03 3.961821198463439941e-01
7.579324279665944232e+03 3.961744904518127441e-01
7.580640729904172076e+03 3.961668610572814941e-01
7.581957180142399920e+03 3.961592316627502441e-01
7.583273630380627765e+03 3.961515426635742188e-01
7.584590080618855609e+03 3.961438238620758057e-01
7.585906530857083453e+03 3.961360752582550049e-01
7.587222981095311297e+03 3.961282670497894287e-01
7.588539431333539142e+03 3.961205184459686279e-01
7.589855881571766986e+03 3.961126208305358887e-01
7.591172331809994830e+03 3.961048126220703125e-01
7.592488782048222674e+03 3.960969448089599609e-01
7.593805232286450519e+03 3.960890173912048340e-01
7.595121682524678363e+03 3.960811197757720947e-01
7.596438132762906207e+03 3.960731923580169678e-01
7.597754583001134051e+03 3.960652053356170654e-01
7.599071033239361896e+03 3.960571885108947754e-01
7.600387483477589740e+03 3.960492312908172607e-01
7.601703933715817584e+03 3.960411846637725830e-01
7.603020383954045428e+03 3.960331678390502930e-01
7.604336834192273272e+03 3.960250914096832275e-01
7.605653284430501117e+03 3.960170149803161621e-01
7.606969734668728961e+03 3.960088789463043213e-01
7.608286184906956805e+03 3.960007727146148682e-01
7.609602635145184649e+03 3.959926962852478027e-01
7.610919085383412494e+03 3.959845006465911865e-01
7.612235535621640338e+03 3.959763646125793457e-01
7.613551985859868182e+03 3.959681987762451172e-01
7.614868436098096026e+03 3.959600329399108887e-01
7.616184886336323871e+03 3.959518074989318848e-01
7.617501336574551715e+03 3.959436416625976562e-01
7.618817786812779559e+03 3.959353864192962646e-01
7.620134237051007403e+03 3.959271609783172607e-01
7.621450687289235248e+03 3.959189057350158691e-01
7.622767137527463092e+03 3.959106802940368652e-01
7.624083587765690936e+03 3.959023952484130859e-01
7.625400038003918780e+03 3.958941996097564697e-01
7.626716488242146625e+03 3.958859443664550781e-01
7.628032938480374469e+03 3.958776891231536865e-01
7.629349388718602313e+03 3.958693742752075195e-01
7.630665838956830157e+03 3.958610594272613525e-01
7.631982289195058001e+03 3.958528339862823486e-01
7.633298739433285846e+03 3.958445191383361816e-01
7.634615189671513690e+03 3.958362042903900146e-01
7.635931639909741534e+03 3.958279788494110107e-01
7.637248090147969378e+03 3.958196938037872314e-01
7.638564540386197223e+03 3.958113789558410645e-01
7.639880990624425067e+03 3.958030641078948975e-01
7.641197440862652911e+03 3.957947790622711182e-01
7.642513891100880755e+03 3.957864940166473389e-01
7.643830341339108600e+03 3.957782387733459473e-01
7.645146791577336444e+03 3.957699537277221680e-01
7.646463241815564288e+03 3.957616388797760010e-01
7.647779692053792132e+03 3.957533836364746094e-01
7.649096142292019977e+03 3.957451581954956055e-01
7.650412592530247821e+03 3.957368433475494385e-01
7.651729042768475665e+03 3.957285583019256592e-01
7.653045493006703509e+03 3.957203328609466553e-01
7.654361943244931354e+03 3.957120776176452637e-01
7.655678393483159198e+03 3.957038819789886475e-01
7.656994843721387042e+03 3.956955969333648682e-01
7.658311293959614886e+03 3.956874012947082520e-01
7.659627744197842731e+03 3.956792056560516357e-01
7.660944194436070575e+03 3.956710100173950195e-01
7.662260644674298419e+03 3.956628441810607910e-01
7.663577094912526263e+03 3.956546783447265625e-01
7.664893545150754107e+03 3.956465423107147217e-01
7.666209995388981952e+03 3.956384062767028809e-01
7.667526445627209796e+03 3.956302702426910400e-01
7.668842895865437640e+03 3.956221342086791992e-01
7.670159346103665484e+03 3.956139981746673584e-01
7.671475796341893329e+03 3.956059515476226807e-01
7.672792246580121173e+03 3.955978751182556152e-01
7.674108696818349017e+03 3.955898582935333252e-01
7.675425147056576861e+03 3.955818414688110352e-01
7.676741597294804706e+03 3.955737948417663574e-01
7.678058047533032550e+03 3.955658674240112305e-01
7.679374497771260394e+03 3.955578804016113281e-01
7.680690948009488238e+03 3.955499529838562012e-01
7.682007398247716083e+03 3.955419957637786865e-01
7.683323848485943927e+03 3.955341279506683350e-01
7.684640298724171771e+03 3.955262303352355957e-01
7.685956748962399615e+03 3.955183625221252441e-01
7.687273199200627460e+03 3.955105543136596680e-01
7.688589649438855304e+03 3.955027759075164795e-01
7.689906099677083148e+03 3.954949975013732910e-01
7.691222549915310992e+03 3.954872190952301025e-01
7.692539000153538836e+03 3.954795300960540771e-01
7.693855450391766681e+03 3.954717814922332764e-01
7.695171900629994525e+03 3.954641520977020264e-01
7.696488350868222369e+03 3.954565227031707764e-01
7.697804801106450213e+03 3.954488933086395264e-01
7.699121251344678058e+03 3.954413533210754395e-01
7.700437701582905902e+03 3.954338431358337402e-01
7.701754151821133746e+03 3.954262733459472656e-01
7.703070602059361590e+03 3.954187929630279541e-01
7.704387052297589435e+03 3.954113721847534180e-01
7.705703502535817279e+03 3.954039216041564941e-01
7.707019952774045123e+03 3.953965604305267334e-01
7.708336403012272967e+03 3.953892290592193604e-01
7.709652853250500812e+03 3.953819572925567627e-01
7.710969303488728656e+03 3.953747153282165527e-01
7.712285753726956500e+03 3.953674137592315674e-01
7.713602203965184344e+03 3.953602612018585205e-01
7.714918654203412189e+03 3.953531086444854736e-01
7.716235104441640033e+03 3.953460156917572021e-01
7.717551554679867877e+03 3.953389525413513184e-01
7.718868004918095721e+03 3.953319191932678223e-01
7.720184455156323565e+03 3.953249156475067139e-01
7.721500905394551410e+03 3.953179717063903809e-01
7.722817355632779254e+03 3.953111171722412109e-01
7.724133805871007098e+03 3.953042030334472656e-01
7.725450256109234942e+03 3.952974379062652588e-01
7.726766706347462787e+03 3.952906727790832520e-01
7.728083156585690631e+03 3.952839076519012451e-01
7.729399606823918475e+03 3.952772319316864014e-01
7.730716057062146319e+03 3.952706456184387207e-01
7.732032507300374164e+03 3.952640593051910400e-01
7.733348957538602008e+03 3.952575325965881348e-01
7.734665407776829852e+03 3.952510356903076172e-01
7.735981858015056787e+03 3.952446281909942627e-01
7.737298308253284631e+03 3.952382504940032959e-01
7.738614758491512475e+03 3.952318727970123291e-01
7.739931208729740320e+03 3.952256441116333008e-01
7.741247658967968164e+03 3.952193856239318848e-01
7.742564109206196008e+03 3.952132463455200195e-01
7.743880559444423852e+03 3.952071368694305420e-01
7.745197009682651696e+03 3.952010273933410645e-01
7.746513459920879541e+03 3.951950073242187500e-01
7.747829910159107385e+03 3.951890766620635986e-01
7.749146360397335229e+03 3.951831758022308350e-01
7.750462810635563073e+03 3.951773345470428467e-01
7.751779260873790918e+03 3.951715826988220215e-01
7.753095711112018762e+03 3.951658308506011963e-01
7.754412161350246606e+03 3.951601684093475342e-01
7.755728611588474450e+03 3.951545953750610352e-01
7.757045061826702295e+03 3.951490819454193115e-01
7.758361512064930139e+03 3.951435685157775879e-01
7.759677962303157983e+03 3.951381742954254150e-01
7.760994412541385827e+03 3.951328098773956299e-01
7.762310862779613672e+03 3.951275050640106201e-01
7.763627313017841516e+03 3.951222598552703857e-01
7.764943763256069360e+03 3.951171040534973145e-01
7.766260213494297204e+03 3.951119780540466309e-01
7.767576663732525049e+03 3.951070010662078857e-01
7.768893113970752893e+03 3.951019942760467529e-01
7.770209564208980737e+03 3.950971066951751709e-01
7.771526014447208581e+03 3.950923085212707520e-01
7.772842464685436425e+03 3.950875401496887207e-01
7.774158914923664270e+03 3.950828015804290771e-01
7.775475365161892114e+03 3.950781822204589844e-01
7.776791815400119958e+03 3.950736224651336670e-01
7.778108265638347802e+03 3.950691223144531250e-01
7.779424715876575647e+03 3.950646817684173584e-01
7.780741166114803491e+03 3.950603008270263672e-01
7.782057616353031335e+03 3.950559794902801514e-01
7.783374066591259179e+03 3.950517177581787109e-01
7.784690516829487024e+03 3.950475156307220459e-01
7.786006967067714868e+03 3.950434029102325439e-01
7.787323417305942712e+03 3.950393199920654297e-01
7.788639867544170556e+03 3.950353264808654785e-01
7.789956317782398401e+03 3.950313627719879150e-01
7.791272768020626245e+03 3.950274586677551270e-01
7.792589218258854089e+03 3.950236439704895020e-01
7.793905668497081933e+03 3.950198590755462646e-01
7.795222118735309778e+03 3.950161337852478027e-01
7.796538568973537622e+03 3.950124382972717285e-01
7.797855019211765466e+03 3.950088024139404297e-01
7.799171469449993310e+03 3.950052857398986816e-01
7.800487919688221155e+03 3.950017988681793213e-01
7.801804369926448999e+03 3.949982821941375732e-01
7.803120820164676843e+03 3.949949443340301514e-01
7.804437270402904687e+03 3.949916064739227295e-01
7.805753720641132531e+03 3.949882686138153076e-01
7.807070170879360376e+03 3.949850499629974365e-01
7.808386621117588220e+03 3.949818313121795654e-01
7.809703071355816064e+03 3.949787318706512451e-01
7.811019521594043908e+03 3.949756622314453125e-01
7.812335971832271753e+03 3.949726521968841553e-01
7.813652422070499597e+03 3.949696719646453857e-01
7.814968872308727441e+03 3.949666917324066162e-01
7.816285322546955285e+03 3.949638307094573975e-01
7.817601772785183130e+03 3.949609696865081787e-01
7.818918223023410974e+03 3.949581682682037354e-01
7.820234673261638818e+03 3.949554264545440674e-01
7.821551123499866662e+03 3.949527144432067871e-01
7.822867573738094507e+03 3.949500918388366699e-01
7.824184023976322351e+03 3.949474692344665527e-01
7.825500474214550195e+03 3.949448764324188232e-01
7.826816924452778039e+03 3.949423432350158691e-01
7.828133374691005884e+03 3.949398994445800781e-01
7.829449824929233728e+03 3.949374556541442871e-01
7.830766275167461572e+03 3.949350714683532715e-01
7.832082725405689416e+03 3.949327468872070312e-01
7.833399175643917260e+03 3.949304521083831787e-01
7.834715625882145105e+03 3.949281275272369385e-01
7.836032076120372949e+03 3.949259221553802490e-01
7.837348526358600793e+03 3.949237465858459473e-01
7.838664976596828637e+03 3.949216008186340332e-01
7.839981426835056482e+03 3.949194550514221191e-01
7.841297877073284326e+03 3.949174284934997559e-01
7.842614327311512170e+03 3.949153721332550049e-01
7.843930777549740014e+03 3.949133455753326416e-01
7.845247227787967859e+03 3.949114084243774414e-01
7.846563678026195703e+03 3.949094712734222412e-01
7.847880128264423547e+03 3.949075937271118164e-01
7.849196578502651391e+03 3.949057161808013916e-01
7.850513028740879236e+03 3.949039280414581299e-01
7.851829478979107080e+03 3.949021697044372559e-01
7.853145929217334924e+03 3.949003815650939941e-01
7.854462379455562768e+03 3.948986828327178955e-01
7.855778829693790613e+03 3.948969841003417969e-01
7.857095279932018457e+03 3.948953151702880859e-01
7.858411730170246301e+03 3.948937058448791504e-01
7.859728180408474145e+03 3.948921561241149902e-01
7.861044630646701989e+03 3.948905766010284424e-01
7.862361080884929834e+03 3.948890566825866699e-01
7.863677531123157678e+03 3.948875367641448975e-01
7.864993981361385522e+03 3.948860466480255127e-01
7.866310431599613366e+03 3.948845863342285156e-01
7.867626881837841211e+03 3.948831856250762939e-01
7.868943332076069055e+03 3.948817849159240723e-01
7.870259782314296899e+03 3.948804438114166260e-01
7.871576232552524743e+03 3.948791027069091797e-01
7.872892682790752588e+03 3.948777616024017334e-01
7.874209133028980432e+03 3.948764801025390625e-01
7.875525583267208276e+03 3.948751986026763916e-01
7.876842033505436120e+03 3.948740065097808838e-01
7.878158483743663965e+03 3.948727250099182129e-01
7.879474933981891809e+03 3.948715627193450928e-01
7.880791384220119653e+03 3.948703706264495850e-01
7.882107834458347497e+03 3.948692381381988525e-01
7.883424284696575342e+03 3.948680758476257324e-01
7.884740734934803186e+03 3.948670029640197754e-01
7.886057185173031030e+03 3.948659002780914307e-01
7.887373635411258874e+03 3.948648273944854736e-01
7.888690085649486718e+03 3.948637545108795166e-01
7.890006535887714563e+03 3.948627412319183350e-01
7.891322986125942407e+03 3.948617577552795410e-01
7.892639436364170251e+03 3.948607146739959717e-01
7.893955886602398095e+03 3.948597609996795654e-01
7.895272336840625940e+03 3.948587775230407715e-01
7.896588787078853784e+03 3.948578536510467529e-01
7.897905237317081628e+03 3.948568999767303467e-01
7.899221687555309472e+03 3.948560357093811035e-01
7.900538137793537317e+03 3.948551118373870850e-01
7.901854588031765161e+03 3.948542177677154541e-01
7.903171038269993005e+03 3.948533236980438232e-01
7.904487488508220849e+03 3.948524892330169678e-01
7.905803938746448694e+03 3.948515951633453369e-01
7.907120388984676538e+03 3.948507606983184814e-01
7.908436839222904382e+03 3.948499262332916260e-01
7.909753289461132226e+03 3.948491215705871582e-01
7.911069739699360071e+03 3.948482871055603027e-01
7.912386189937587915e+03 3.948475122451782227e-01
7.913702640175815759e+03 3.948466777801513672e-01
7.915019090414043603e+03 3.948459625244140625e-01
7.916335540652271447e+03 3.948451578617095947e-01
7.917651990890499292e+03 3.948443531990051270e-01
7.918968441128727136e+03 3.948435783386230469e-01
7.920284891366954980e+03 3.948428630828857422e-01
7.921601341605182824e+03 3.948420882225036621e-01
7.922917791843410669e+03 3.948413431644439697e-01
7.924234242081638513e+03 3.948406577110290527e-01
7.925550692319866357e+03 3.948399126529693604e-01
7.926867142558094201e+03 3.948391675949096680e-01
7.928183592796322046e+03 3.948384821414947510e-01
7.929500043034549890e+03 3.948377668857574463e-01
7.930816493272777734e+03 3.948369920253753662e-01
7.932132943511005578e+03 3.948362767696380615e-01
7.933449393749233423e+03 3.948355913162231445e-01
7.934765843987461267e+03 3.948348462581634521e-01
7.936082294225689111e+03 3.948341310024261475e-01
7.937398744463916955e+03 3.948334157466888428e-01
7.938715194702144800e+03 3.948326408863067627e-01
7.940031644940372644e+03 3.948319554328918457e-01
7.941348095178600488e+03 3.948311507701873779e-01
7.942664545416828332e+03 3.948304653167724609e-01
7.943980995655056176e+03 3.948297500610351562e-01
7.945297445893284021e+03 3.948289752006530762e-01
7.946613896131511865e+03 3.948282599449157715e-01
7.947930346369739709e+03 3.948274850845336914e-01
7.949246796607967553e+03 3.948267698287963867e-01
7.950563246846195398e+03 3.948259651660919189e-01
7.951879697084423242e+03 3.948252499103546143e-01
7.953196147322651086e+03 3.948244452476501465e-01
7.954512597560878930e+03 3.948236703872680664e-01
7.955829047799106775e+03 3.948229253292083740e-01
7.957145498037334619e+03 3.948221206665039062e-01
7.958461948275562463e+03 3.948213160037994385e-01
7.959778398513790307e+03 3.948204815387725830e-01
7.961094848752018152e+03 3.948196470737457275e-01
7.962411298990245996e+03 3.948187828063964844e-01
7.963727749228473840e+03 3.948179483413696289e-01
7.965044199466701684e+03 3.948171138763427734e-01
7.966360649704929529e+03 3.948161900043487549e-01
7.967677099943157373e+03 3.948153257369995117e-01
7.968993550181385217e+03 3.948144018650054932e-01
7.970310000419613061e+03 3.948134779930114746e-01
7.971626450657840905e+03 3.948126137256622314e-01
7.972942900896068750e+03 3.948116302490234375e-01
7.974259351134296594e+03 3.948107063770294189e-01
7.975575801372524438e+03 3.948097229003906250e-01
7.976892251610752282e+03 3.948087096214294434e-01
7.978208701848980127e+03 3.948076963424682617e-01
7.979525152087207971e+03 3.948066532611846924e-01
7.980841602325435815e+03 3.948056399822235107e-01
7.982158052563663659e+03 3.948045670986175537e-01
7.983474502801891504e+03 3.948034942150115967e-01
7.984790953040119348e+03 3.948023915290832520e-01
7.986107403278347192e+03 3.948012590408325195e-01
7.987423853516575036e+03 3.948001265525817871e-01
7.988740303754802881e+03 3.947989046573638916e-01
7.990056753993030725e+03 3.947977721691131592e-01
7.991373204231258569e+03 3.947965502738952637e-01
7.992689654469486413e+03 3.947953283786773682e-01
7.994006104707714258e+03 3.947940766811370850e-01
7.995322554945942102e+03 3.947927355766296387e-01
7.996639005184169946e+03 3.947914838790893555e-01
7.997955455422397790e+03 3.947901725769042969e-01
7.999271905660625634e+03 3.947887718677520752e-01
8.000588355898853479e+03 3.947873711585998535e-01
8.001904806137081323e+03 3.947859406471252441e-01
8.003221256375309167e+03 3.947845399379730225e-01
8.004537706613537011e+03 3.947830796241760254e-01
8.005854156851764856e+03 3.947815597057342529e-01
8.007170607089992700e+03 3.947800397872924805e-01
8.008487057328220544e+03 3.947785198688507080e-01
8.009803507566448388e+03 3.947769105434417725e-01
8.011119957804676233e+03 3.947753310203552246e-01
8.012436408042904077e+03 3.947736322879791260e-01
8.013752858281131921e+03 3.947719931602478027e-01
8.015069308519359765e+03 3.947702646255493164e-01
8.016385758757587610e+03 3.947685062885284424e-01
8.017702208995815454e+03 3.947667479515075684e-01
8.019018659234043298e+03 3.947649300098419189e-01
8.020335109472271142e+03 3.947631120681762695e-01
8.021651559710498987e+03 3.947612345218658447e-01
8.022968009948726831e+03 3.947592973709106445e-01
8.024284460186954675e+03 3.947573900222778320e-01
8.025600910425182519e+03 3.947553932666778564e-01
8.026917360663410363e+03 3.947533369064331055e-01
8.028233810901638208e+03 3.947512805461883545e-01
8.029550261139866052e+03 3.947491645812988281e-01
8.030866711378093896e+03 3.947470486164093018e-01
8.032183161616321740e+03 3.947448730468750000e-01
8.033499611854549585e+03 3.947426378726959229e-01
8.034816062092777429e+03 3.947404026985168457e-01
8.036132512331005273e+03 3.947381079196929932e-01
8.037448962569233117e+03 3.947357535362243652e-01
8.038765412807460962e+03 3.947333693504333496e-01
8.040081863045688806e+03 3.947309851646423340e-01
8.041398313283916650e+03 3.947285115718841553e-01
8.042714763522144494e+03 3.947259783744812012e-01
8.044031213760372339e+03 3.947234153747558594e-01
8.045347663998600183e+03 3.947208821773529053e-01
8.046664114236828027e+03 3.947181999683380127e-01
8.047980564475055871e+03 3.947155177593231201e-01
8.049297014713283716e+03 3.947127461433410645e-01
8.050613464951511560e+03 3.947100043296813965e-01
8.051929915189739404e+03 3.947071731090545654e-01
8.053246365427967248e+03 3.947043120861053467e-01
8.054562815666195092e+03 3.947013914585113525e-01
8.055879265904422937e+03 3.946984410285949707e-01
8.057195716142650781e+03 3.946954011917114258e-01
8.058512166380878625e+03 3.946923315525054932e-01
8.059828616619106469e+03 3.946892023086547852e-01
8.061145066857334314e+03 3.946860432624816895e-01
8.062461517095562158e+03 3.946827948093414307e-01
8.063777967333790002e+03 3.946795463562011719e-01
8.065094417572017846e+03 3.946762084960937500e-01
8.066410867810245691e+03 3.946728408336639404e-01
8.067727318048473535e+03 3.946694135665893555e-01
8.069043768286701379e+03 3.946659266948699951e-01
8.070360218524929223e+03 3.946623504161834717e-01
8.071676668763157068e+03 3.946587741374969482e-01
8.072993119001384002e+03 3.946551382541656494e-01
8.074309569239611847e+03 3.946514129638671875e-01
8.075626019477839691e+03 3.946477174758911133e-01
8.076942469716067535e+03 3.946438133716583252e-01
8.078258919954295379e+03 3.946399688720703125e-01
8.079575370192523224e+03 3.946360349655151367e-01
8.080891820430751068e+03 3.946319818496704102e-01
8.082208270668978912e+03 3.946279585361480713e-01
8.083524720907206756e+03 3.946238756179809570e-01
8.084841171145434600e+03 3.946196734905242920e-01
8.086157621383662445e+03 3.946154415607452393e-01
8.087474071621890289e+03 3.946111202239990234e-01
8.088790521860118133e+03 3.946067690849304199e-01
8.090106972098345977e+03 3.946023583412170410e-01
8.091423422336573822e+03 3.945978581905364990e-01
8.092739872574801666e+03 3.945932984352111816e-01
8.094056322813029510e+03 3.945887386798858643e-01
8.095372773051257354e+03 3.945840001106262207e-01
8.096689223289485199e+03 3.945792317390441895e-01
8.098005673527713043e+03 3.945744335651397705e-01
8.099322123765940887e+03 3.945695757865905762e-01
8.100638574004168731e+03 3.945646584033966064e-01
8.101955024242396576e+03 3.945596218109130859e-01
8.103271474480624420e+03 3.945545554161071777e-01
8.104587924718852264e+03 3.945493996143341064e-01
