6.914321777343750000e+03 3.881794214248657227e-01
6.916784248113632202e+03 3.882969319820404053e-01
6.919246718883514404e+03 3.884135484695434570e-01
6.921709189653396606e+03 3.885292410850524902e-01
6.924171660423278809e+03 3.886439800262451172e-01
6.926634131193161011e+03 3.887578248977661133e-01
6.929096601963043213e+03 3.888706862926483154e-01
6.931559072732925415e+03 3.889826536178588867e-01
6.934021543502807617e+03 3.890937864780426025e-01
6.936484014272689819e+03 3.892039060592651367e-01
6.938946485042572021e+03 3.893131315708160400e-01
6.941408955812454224e+03 3.894215226173400879e-01
6.943871426582336426e+03 3.895289897918701172e-01
6.946333897352218628e+03 3.896355628967285156e-01
6.948796368122100830e+03 3.897412121295928955e-01
6.951258838891983032e+03 3.898459970951080322e-01
6.953721309661865234e+03 3.899499177932739258e-01
6.956183780431747437e+03 3.900529444217681885e-01
6.958646251201629639e+03 3.901551067829132080e-01
6.961108721971511841e+03 3.902564048767089844e-01
6.963571192741394043e+03 3.903568089008331299e-01
6.966033663511276245e+03 3.904564082622528076e-01
6.968496134281158447e+03 3.905551135540008545e-01
6.970958605051040649e+03 3.906529843807220459e-01
6.973421075820922852e+03 3.907499909400939941e-01
6.975883546590805054e+03 3.908461630344390869e-01
6.978346017360687256e+03 3.909414708614349365e-01
6.980808488130569458e+03 3.910359442234039307e-01
6.983270958900451660e+03 3.911296129226684570e-01
6.985733429670333862e+03 3.912224471569061279e-01
6.988195900440216064e+03 3.913144171237945557e-01
6.990658371210098267e+03 3.914055824279785156e-01
6.993120841979980469e+03 3.914959728717803955e-01
6.995583312749862671e+03 3.915855288505554199e-01
6.998045783519744873e+03 3.916742503643035889e-01
7.000508254289627075e+03 3.917621970176696777e-01
7.002970725059509277e+03 3.918493092060089111e-01
7.005433195829391479e+03 3.919356167316436768e-01
7.007895666599273682e+03 3.920211791992187500e-01
7.010358137369155884e+03 3.921059072017669678e-01
7.012820608139038086e+03 3.921898901462554932e-01
7.015283078908920288e+03 3.922730684280395508e-01
7.017745549678802490e+03 3.923554420471191406e-01
7.020208020448684692e+03 3.924370408058166504e-01
7.022670491218566895e+03 3.925178945064544678e-01
7.025132961988449097e+03 3.925980031490325928e-01
7.027595432758331299e+03 3.926772475242614746e-01
7.030057903528213501e+03 3.927558958530426025e-01
7.032520374298095703e+03 3.928336203098297119e-01
7.034982845067977905e+03 3.929106891155242920e-01
7.037445315837860107e+03 3.929869234561920166e-01
7.039907786607742310e+03 3.930625021457672119e-01
7.042370257377624512e+03 3.931372463703155518e-01
7.044832728147506714e+03 3.932113051414489746e-01
7.047295198917388916e+03 3.932846784591674805e-01
7.049757669687271118e+03 3.933572173118591309e-01
7.052220140457153320e+03 3.934291303157806396e-01
7.054682611227035522e+03 3.935002386569976807e-01
7.057145081996917725e+03 3.935706913471221924e-01
7.059607552766799927e+03 3.936403691768646240e-01
7.062070023536682129e+03 3.937093615531921387e-01
7.064532494306564331e+03 3.937776386737823486e-01
7.066994965076446533e+03 3.938452005386352539e-01
7.069457435846328735e+03 3.939121067523956299e-01
7.071919906616210938e+03 3.939782679080963135e-01
7.074382377386093140e+03 3.940437138080596924e-01
7.076844848155975342e+03 3.941085040569305420e-01
7.079307318925857544e+03 3.941726088523864746e-01
7.081769789695739746e+03 3.942360281944274902e-01
7.084232260465621948e+03 3.942987322807312012e-01
7.086694731235504150e+03 3.943608403205871582e-01
7.089157202005386353e+03 3.944221735000610352e-01
7.091619672775268555e+03 3.944829106330871582e-01
7.094082143545150757e+03 3.945429027080535889e-01
7.096544614315032959e+03 3.946022987365722656e-01
7.099007085084915161e+03 3.946609795093536377e-01
7.101469555854797363e+03 3.947190642356872559e-01
7.103932026624679565e+03 3.947764635086059570e-01
7.106394497394561768e+03 3.948332369327545166e-01
7.108856968164443970e+03 3.948893249034881592e-01
7.111319438934326172e+03 3.949448168277740479e-01
7.113781909704208374e+03 3.949996232986450195e-01
7.116244380474090576e+03 3.950538039207458496e-01
7.118706851243972778e+03 3.951073884963989258e-01
7.121169322013854980e+03 3.951602876186370850e-01
7.123631792783737183e+03 3.952125906944274902e-01
7.126094263553619385e+03 3.952642679214477539e-01
7.128556734323501587e+03 3.953153491020202637e-01
7.131019205093383789e+03 3.953657746315002441e-01
7.133481675863265991e+03 3.954156339168548584e-01
7.135944146633148193e+03 3.954648375511169434e-01
7.138406617403030396e+03 3.955134451389312744e-01
7.140869088172912598e+03 3.955614864826202393e-01
7.143331558942794800e+03 3.956089317798614502e-01
7.145794029712677002e+03 3.956556916236877441e-01
7.148256500482559204e+03 3.957019448280334473e-01
7.150718971252441406e+03 3.957476317882537842e-01
7.153181442022323608e+03 3.957926332950592041e-01
7.155643912792205811e+03 3.958371281623840332e-01
7.158106383562088013e+03 3.958810269832611084e-01
7.160568854331970215e+03 3.959243595600128174e-01
7.163031325101852417e+03 3.959670960903167725e-01
7.165493795871734619e+03 3.960093259811401367e-01
7.167956266641616821e+03 3.960509002208709717e-01
7.170418737411499023e+03 3.960919380187988281e-01
7.172881208181381226e+03 3.961324095726013184e-01
7.175343678951263428e+03 3.961724042892456055e-01
7.177806149721145630e+03 3.962117731571197510e-01
7.180268620491027832e+03 3.962506055831909180e-01
7.182731091260910034e+03 3.962888717651367188e-01
7.185193562030792236e+03 3.963266313076019287e-01
7.187656032800674438e+03 3.963638544082641602e-01
7.190118503570556641e+03 3.964004814624786377e-01
7.192580974340438843e+03 3.964366316795349121e-01
7.195043445110321045e+03 3.964722454547882080e-01
7.197505915880203247e+03 3.965072929859161377e-01
7.199968386650085449e+03 3.965418636798858643e-01
7.202430857419967651e+03 3.965758681297302246e-01
7.204893328189849854e+03 3.966094255447387695e-01
7.207355798959732056e+03 3.966424167156219482e-01
7.209818269729614258e+03 3.966748714447021484e-01
7.212280740499496460e+03 3.967068493366241455e-01
7.214743211269378662e+03 3.967383503913879395e-01
7.217205682039260864e+03 3.967692852020263672e-01
7.219668152809143066e+03 3.967997729778289795e-01
7.222130623579025269e+03 3.968297541141510010e-01
7.224593094348907471e+03 3.968591988086700439e-01
7.227055565118789673e+03 3.968882262706756592e-01
7.229518035888671875e+03 3.969166874885559082e-01
7.231980506658554077e+03 3.969447314739227295e-01
7.234442977428436279e+03 3.969722688198089600e-01
7.236905448198318481e+03 3.969992995262145996e-01
7.239367918968200684e+03 3.970259130001068115e-01
7.241830389738082886e+03 3.970520198345184326e-01
7.244292860507965088e+03 3.970776796340942383e-01
7.246755331277847290e+03 3.971028029918670654e-01
7.249217802047729492e+03 3.971275687217712402e-01
7.251680272817611694e+03 3.971518278121948242e-01
7.254142743587493896e+03 3.971756398677825928e-01
7.256605214357376099e+03 3.971989750862121582e-01
7.259067685127258301e+03 3.972218632698059082e-01
7.261530155897140503e+03 3.972443342208862305e-01
7.263992626667022705e+03 3.972662985324859619e-01
7.266455097436904907e+03 3.972878456115722656e-01
7.268917568206787109e+03 3.973089754581451416e-01
7.271380038976669312e+03 3.973297178745269775e-01
7.273842509746551514e+03 3.973499238491058350e-01
7.276304980516433716e+03 3.973697125911712646e-01
7.278767451286315918e+03 3.973890841007232666e-01
7.281229922056198120e+03 3.974080979824066162e-01
7.283692392826080322e+03 3.974266052246093750e-01
7.286154863595962524e+03 3.974447250366210938e-01
7.288617334365844727e+03 3.974624574184417725e-01
7.291079805135726929e+03 3.974797427654266357e-01
7.293542275905609131e+03 3.974966406822204590e-01
7.296004746675491333e+03 3.975131511688232422e-01
7.298467217445373535e+03 3.975291848182678223e-01
7.300929688215255737e+03 3.975448608398437500e-01
7.303392158985137939e+03 3.975601494312286377e-01
7.305854629755020142e+03 3.975749909877777100e-01
7.308317100524902344e+03 3.975894749164581299e-01
7.310779571294784546e+03 3.976036012172698975e-01
7.313242042064666748e+03 3.976172804832458496e-01
7.315704512834548950e+03 3.976305723190307617e-01
7.318166983604431152e+03 3.976435363292694092e-01
7.320629454374313354e+03 3.976561129093170166e-01
7.323091925144195557e+03 3.976683020591735840e-01
7.325554395914077759e+03 3.976800739765167236e-01
7.328016866683959961e+03 3.976915180683135986e-01
7.330479337453842163e+03 3.977025449275970459e-01
7.332941808223724365e+03 3.977132737636566162e-01
7.335404278993606567e+03 3.977236151695251465e-01
7.337866749763488770e+03 3.977335989475250244e-01
7.340329220533370972e+03 3.977431654930114746e-01
7.342791691303253174e+03 3.977524340152740479e-01
7.345254162073135376e+03 3.977613449096679688e-01
7.347716632843017578e+03 3.977699279785156250e-01
7.350179103612899780e+03 3.977780938148498535e-01
7.352641574382781982e+03 3.977859914302825928e-01
7.355104045152664185e+03 3.977935314178466797e-01
7.357566515922546387e+03 3.978007137775421143e-01
7.360028986692428589e+03 3.978075385093688965e-01
7.362491457462310791e+03 3.978140056133270264e-01
7.364953928232192993e+03 3.978202044963836670e-01
7.367416399002075195e+03 3.978260755538940430e-01
7.369878869771957397e+03 3.978315591812133789e-01
7.372341340541839600e+03 3.978368341922760010e-01
7.374803811311721802e+03 3.978416323661804199e-01
7.377266282081604004e+03 3.978462219238281250e-01
7.379728752851486206e+03 3.978504836559295654e-01
7.382191223621368408e+03 3.978543877601623535e-01
7.384653694391250610e+03 3.978580534458160400e-01
7.387116165161132812e+03 3.978613317012786865e-01
7.389578635931015015e+03 3.978642821311950684e-01
7.392041106700897217e+03 3.978669941425323486e-01
7.394503577470779419e+03 3.978694081306457520e-01
7.396966048240661621e+03 3.978714942932128906e-01
7.399428519010543823e+03 3.978733420372009277e-01
7.401890989780426025e+03 3.978748321533203125e-01
7.404353460550308228e+03 3.978760838508605957e-01
7.406815931320190430e+03 3.978769481182098389e-01
7.409278402090072632e+03 3.978776037693023682e-01
7.411740872859954834e+03 3.978779613971710205e-01
7.414203343629837036e+03 3.978780210018157959e-01
7.416665814399719238e+03 3.978778719902038574e-01
7.419128285169601440e+03 3.978773653507232666e-01
7.421590755939483643e+03 3.978766202926635742e-01
7.424053226709365845e+03 3.978755474090576172e-01
7.426515697479248047e+03 3.978742659091949463e-01
7.428978168249130249e+03 3.978727161884307861e-01
7.431440639019012451e+03 3.978708982467651367e-01
7.433903109788894653e+03 3.978687822818756104e-01
7.436365580558776855e+03 3.978664577007293701e-01
7.438828051328659058e+03 3.978638350963592529e-01
7.441290522098541260e+03 3.978609740734100342e-01
7.443752992868423462e+03 3.978578448295593262e-01
7.446215463638305664e+03 3.978545367717742920e-01
7.448677934408187866e+03 3.978509008884429932e-01
7.451140405178070068e+03 3.978470265865325928e-01
7.453602875947952271e+03 3.978429436683654785e-01
7.456065346717834473e+03 3.978385925292968750e-01
7.458527817487716675e+03 3.978340029716491699e-01
7.460990288257598877e+03 3.978292047977447510e-01
7.463452759027481079e+03 3.978240787982940674e-01
7.465915229797363281e+03 3.978188335895538330e-01
7.468377700567245483e+03 3.978133201599121094e-01
7.470840171337127686e+03 3.978075981140136719e-01
7.473302642107009888e+03 3.978016078472137451e-01
7.475765112876892090e+03 3.977954089641571045e-01
7.478227583646774292e+03 3.977890014648437500e-01
7.480690054416656494e+03 3.977823555469512939e-01
7.483152525186537787e+03 3.977755010128021240e-01
7.485614995956419989e+03 3.977684378623962402e-01
7.488077466726302191e+03 3.977611958980560303e-01
7.490539937496184393e+03 3.977536261081695557e-01
7.493002408266066595e+03 3.977459669113159180e-01
7.495464879035948798e+03 3.977380692958831787e-01
7.497927349805831000e+03 3.977299332618713379e-01
7.500389820575713202e+03 3.977216780185699463e-01
7.502852291345595404e+03 3.977131545543670654e-01
7.505314762115477606e+03 3.977044224739074707e-01
7.507777232885359808e+03 3.976955413818359375e-01
7.510239703655242010e+03 3.976864218711853027e-01
7.512702174425124213e+03 3.976770937442779541e-01
7.515164645195006415e+03 3.976676762104034424e-01
7.517627115964888617e+03 3.976579904556274414e-01
7.520089586734770819e+03 3.976481258869171143e-01
7.522552057504653021e+03 3.976381719112396240e-01
7.525014528274535223e+03 3.976279497146606445e-01
7.527476999044417425e+03 3.976174890995025635e-01
7.529939469814299628e+03 3.976069092750549316e-01
7.532401940584181830e+03 3.975962400436401367e-01
7.534864411354064032e+03 3.975853025913238525e-01
7.537326882123946234e+03 3.975742161273956299e-01
7.539789352893828436e+03 3.975629806518554688e-01
7.542251823663710638e+03 3.975515365600585938e-01
7.544714294433592841e+03 3.975399732589721680e-01
7.547176765203475043e+03 3.975282311439514160e-01
7.549639235973357245e+03 3.975163102149963379e-01
7.552101706743239447e+03 3.975042402744293213e-01
7.554564177513121649e+03 3.974920511245727539e-01
7.557026648283003851e+03 3.974796533584594727e-01
7.559489119052886053e+03 3.974671363830566406e-01
7.561951589822768256e+03 3.974544703960418701e-01
7.564414060592650458e+03 3.974416255950927734e-01
7.566876531362532660e+03 3.974286317825317383e-01
7.569339002132414862e+03 3.974155485630035400e-01
7.571801472902297064e+03 3.974022865295410156e-01
7.574263943672179266e+03 3.973888754844665527e-01
7.576726414442061468e+03 3.973753154277801514e-01
7.579188885211943671e+03 3.973616361618041992e-01
7.581651355981825873e+03 3.973478376865386963e-01
7.584113826751708075e+03 3.973338901996612549e-01
7.586576297521590277e+03 3.973198235034942627e-01
7.589038768291472479e+03 3.973056077957153320e-01
7.591501239061354681e+03 3.972912430763244629e-01
7.593963709831236883e+03 3.972767889499664307e-01
7.596426180601119086e+03 3.972621858119964600e-01
7.598888651371001288e+03 3.972474932670593262e-01
7.601351122140883490e+03 3.972326517105102539e-01
7.603813592910765692e+03 3.972176909446716309e-01
7.606276063680647894e+03 3.972026109695434570e-01
7.608738534450530096e+03 3.971874415874481201e-01
7.611201005220412299e+03 3.971721529960632324e-01
7.613663475990294501e+03 3.971567153930664062e-01
7.616125946760176703e+03 3.971412181854248047e-01
7.618588417530058905e+03 3.971255719661712646e-01
7.621050888299941107e+03 3.971098661422729492e-01
7.623513359069823309e+03 3.970939815044403076e-01
7.625975829839705511e+03 3.970780372619628906e-01
7.628438300609587714e+03 3.970620334148406982e-01
7.630900771379469916e+03 3.970458507537841797e-01
7.633363242149352118e+03 3.970296680927276611e-01
7.635825712919234320e+03 3.970132768154144287e-01
7.638288183689116522e+03 3.969968855381011963e-01
7.640750654458998724e+03 3.969802856445312500e-01
7.643213125228880926e+03 3.969636857509613037e-01
7.645675595998763129e+03 3.969469666481018066e-01
7.648138066768645331e+03 3.969301879405975342e-01
7.650600537538527533e+03 3.969132900238037109e-01
7.653063008308409735e+03 3.968963623046875000e-01
7.655525479078291937e+03 3.968792557716369629e-01
7.657987949848174139e+03 3.968621492385864258e-01
7.660450420618056341e+03 3.968449234962463379e-01
7.662912891387938544e+03 3.968276381492614746e-01
7.665375362157820746e+03 3.968102633953094482e-01
7.667837832927702948e+03 3.967928290367126465e-01
7.670300303697585150e+03 3.967753052711486816e-01
7.672762774467467352e+03 3.967577219009399414e-01
7.675225245237349554e+03 3.967400789260864258e-01
7.677687716007231757e+03 3.967223167419433594e-01
7.680150186777113959e+03 3.967045247554779053e-01
7.682612657546996161e+03 3.966866731643676758e-01
7.685075128316878363e+03 3.966687321662902832e-01
7.687537599086760565e+03 3.966507315635681152e-01
7.690000069856642767e+03 3.966326713562011719e-01
7.692462540626524969e+03 3.966145515441894531e-01
7.694925011396407172e+03 3.965964019298553467e-01
7.697387482166289374e+03 3.965781629085540771e-01
7.699849952936171576e+03 3.965598940849304199e-01
7.702312423706053778e+03 3.965415358543395996e-01
7.704774894475935980e+03 3.965232074260711670e-01
7.707237365245818182e+03 3.965047001838684082e-01
7.709699836015700384e+03 3.964861929416656494e-01
7.712162306785582587e+03 3.964676856994628906e-01
7.714624777555464789e+03 3.964491188526153564e-01
7.717087248325346991e+03 3.964304625988006592e-01
7.719549719095229193e+03 3.964118063449859619e-01
7.722012189865111395e+03 3.963930904865264893e-01
7.724474660634993597e+03 3.963743448257446289e-01
7.726937131404875799e+03 3.963555097579956055e-01
7.729399602174758002e+03 3.963367342948913574e-01
7.731862072944640204e+03 3.963178098201751709e-01
7.734324543714522406e+03 3.962988853454589844e-01
7.736787014484404608e+03 3.962799608707427979e-01
7.739249485254286810e+03 3.962609469890594482e-01
7.741711956024169012e+03 3.962419927120208740e-01
7.744174426794051215e+03 3.962229788303375244e-01
7.746636897563933417e+03 3.962038755416870117e-01
7.749099368333815619e+03 3.961848020553588867e-01
7.751561839103697821e+03 3.961656391620635986e-01
7.754024309873580023e+03 3.961465358734130859e-01
7.756486780643462225e+03 3.961273729801177979e-01
7.758949251413344427e+03 3.961081504821777344e-01
7.761411722183226630e+03 3.960889279842376709e-01
7.763874192953108832e+03 3.960697054862976074e-01
7.766336663722991034e+03 3.960504531860351562e-01
7.768799134492873236e+03 3.960311412811279297e-01
7.771261605262755438e+03 3.960118889808654785e-01
7.773724076032637640e+03 3.959925770759582520e-01
7.776186546802519842e+03 3.959732651710510254e-01
7.778649017572402045e+03 3.959539234638214111e-01
7.781111488342284247e+03 3.959345519542694092e-01
7.783573959112166449e+03 3.959152102470397949e-01
7.786036429882048651e+03 3.958958685398101807e-01
7.788498900651930853e+03 3.958764970302581787e-01
7.790961371421813055e+03 3.958571553230285645e-01
7.793423842191695257e+03 3.958377242088317871e-01
7.795886312961577460e+03 3.958183228969573975e-01
7.798348783731459662e+03 3.957989513874053955e-01
7.800811254501341864e+03 3.957795500755310059e-01
7.803273725271224066e+03 3.957601487636566162e-01
7.805736196041106268e+03 3.957407772541046143e-01
7.808198666810988470e+03 3.957213759422302246e-01
7.810661137580870673e+03 3.957019746303558350e-01
7.813123608350752875e+03 3.956826031208038330e-01
7.815586079120635077e+03 3.956631720066070557e-01
7.818048549890517279e+03 3.956438302993774414e-01
7.820511020660399481e+03 3.956244587898254395e-01
7.822973491430281683e+03 3.956051170825958252e-01
7.825435962200163885e+03 3.955857455730438232e-01
7.827898432970046088e+03 3.955664038658142090e-01
7.830360903739928290e+03 3.955470919609069824e-01
7.832823374509810492e+03 3.955277204513549805e-01
7.835285845279692694e+03 3.955084085464477539e-01
7.837748316049574896e+03 3.954891562461853027e-01
7.840210786819457098e+03 3.954698741436004639e-01
7.842673257589339300e+03 3.954505920410156250e-01
7.845135728359221503e+03 3.954313695430755615e-01
7.847598199129103705e+03 3.954121172428131104e-01
7.850060669898985907e+03 3.953928947448730469e-01
7.852523140668868109e+03 3.953736722469329834e-01
7.854985611438750311e+03 3.953545689582824707e-01
7.857448082208632513e+03 3.953354060649871826e-01
7.859910552978514716e+03 3.953162729740142822e-01
7.862373023748396918e+03 3.952971696853637695e-01
7.864835494518279120e+03 3.952780365943908691e-01
7.867297965288161322e+03 3.952590227127075195e-01
7.869760436058043524e+03 3.952399790287017822e-01
7.872222906827925726e+03 3.952209651470184326e-01
7.874685377597807928e+03 3.952019810676574707e-01
7.877147848367690131e+03 3.951830565929412842e-01
7.879610319137572333e+03 3.951641619205474854e-01
7.882072789907454535e+03 3.951452672481536865e-01
7.884535260677336737e+03 3.951264023780822754e-01
7.886997731447218939e+03 3.951075971126556396e-01
7.889460202217101141e+03 3.950887918472290039e-01
7.891922672986983343e+03 3.950700759887695312e-01
7.894385143756865546e+03 3.950513303279876709e-01
7.896847614526747748e+03 3.950326442718505859e-01
7.899310085296629950e+03 3.950139880180358887e-01
7.901772556066512152e+03 3.949953615665435791e-01
7.904235026836394354e+03 3.949768245220184326e-01
7.906697497606276556e+03 3.949582874774932861e-01
7.909159968376158758e+03 3.949397504329681396e-01
7.911622439146040961e+03 3.949213325977325439e-01
7.914084909915923163e+03 3.949029445648193359e-01
7.916547380685805365e+03 3.948845565319061279e-01
7.919009851455687567e+03 3.948661983013153076e-01
7.921472322225569769e+03 3.948478996753692627e-01
7.923934792995451971e+03 3.948296904563903809e-01
7.926397263765334174e+03 3.948115110397338867e-01
7.928859734535216376e+03 3.947933614253997803e-01
7.931322205305098578e+03 3.947752416133880615e-01
7.933784676074980780e+03 3.947571516036987305e-01
7.936247146844862982e+03 3.947391510009765625e-01
7.938709617614745184e+03 3.947212100028991699e-01
7.941172088384627386e+03 3.947032988071441650e-01
7.943634559154509589e+03 3.946854174137115479e-01
7.946097029924391791e+03 3.946675658226013184e-01
7.948559500694273993e+03 3.946498334407806396e-01
7.951021971464156195e+03 3.946321010589599609e-01
7.953484442234038397e+03 3.946144282817840576e-01
7.955946913003920599e+03 3.945968151092529297e-01
7.958409383773802801e+03 3.945792615413665771e-01
7.960871854543685004e+03 3.945617675781250000e-01
7.963334325313567206e+03 3.945443332195281982e-01
7.965796796083449408e+03 3.945269286632537842e-01
7.968259266853331610e+03 3.945096135139465332e-01
7.970721737623213812e+03 3.944923281669616699e-01
7.973184208393096014e+03 3.944751024246215820e-01
7.975646679162978216e+03 3.944579660892486572e-01
7.978109149932860419e+03 3.944408297538757324e-01
7.980571620702742621e+03 3.944237828254699707e-01
7.983034091472624823e+03 3.944067656993865967e-01
7.985496562242507025e+03 3.943898379802703857e-01
7.987959033012389227e+03 3.943729698657989502e-01
7.990421503782271429e+03 3.943561613559722900e-01
7.992883974552153632e+03 3.943393528461456299e-01
7.995346445322035834e+03 3.943226933479309082e-01
7.997808916091918036e+03 3.943060934543609619e-01
8.000271386861800238e+03 3.942894935607910156e-01
8.002733857631682440e+03 3.942729830741882324e-01
8.005196328401564642e+03 3.942565321922302246e-01
8.007658799171446844e+03 3.942401409149169922e-01
8.010121269941329047e+03 3.942238092422485352e-01
8.012583740711211249e+03 3.942075967788696289e-01
8.015046211481093451e+03 3.941913843154907227e-01
8.017508682250975653e+03 3.941752910614013672e-01
8.019971153020857855e+03 3.941592276096343994e-01
8.022433623790740057e+03 3.941432833671569824e-01
8.024896094560622259e+03 3.941273391246795654e-01
8.027358565330504462e+03 3.941114842891693115e-01
8.029821036100386664e+03 3.940956294536590576e-01
8.032283506870268866e+03 3.940799236297607422e-01
8.034745977640151068e+03 3.940643370151519775e-01
8.037208448410033270e+03 3.940487205982208252e-01
8.039670919179915472e+03 3.940331935882568359e-01
8.042133389949797674e+03 3.940177559852600098e-01
8.044595860719679877e+03 3.940023779869079590e-01
8.047058331489562079e+03 3.939870893955230713e-01
8.049520802259444281e+03 3.939718306064605713e-01
8.051983273029326483e+03 3.939566314220428467e-01
8.054445743799208685e+03 3.939415216445922852e-01
8.056908214569090887e+03 3.939265012741088867e-01
8.059370685338973090e+03 3.939115405082702637e-01
8.061833156108855292e+03 3.938966989517211914e-01
8.064295626878737494e+03 3.938818573951721191e-01
8.066758097648619696e+03 3.938671052455902100e-01
8.069220568418501898e+03 3.938524425029754639e-01
8.071683039188384100e+03 3.938378095626831055e-01
8.074145509958266302e+03 3.938232958316802979e-01
8.076607980728148505e+03 3.938088119029998779e-01
8.079070451498030707e+03 3.937944471836090088e-01
8.081532922267912909e+03 3.937801420688629150e-01
8.083995393037795111e+03 3.937658667564392090e-01
8.086457863807677313e+03 3.937517106533050537e-01
8.088920334577559515e+03 3.937376439571380615e-01
8.091382805347441717e+03 3.937236368656158447e-01
8.093845276117323920e+03 3.937096595764160156e-01
8.096307746887206122e+03 3.936957716941833496e-01
8.098770217657088324e+03 3.936819732189178467e-01
8.101232688426970526e+03 3.936682939529418945e-01
8.103695159196852728e+03 3.936545848846435547e-01
8.106157629966734930e+03 3.936410546302795410e-01
8.108620100736617132e+03 3.936275541782379150e-01
8.111082571506499335e+03 3.936141133308410645e-01
8.113545042276381537e+03 3.936007618904113770e-01
8.116007513046263739e+03 3.935874402523040771e-01
8.118469983816145941e+03 3.935742378234863281e-01
8.120932454586028143e+03 3.935611248016357422e-01
8.123394925355910345e+03 3.935480713844299316e-01
8.125857396125792548e+03 3.935350775718688965e-01
8.128319866895674750e+03 3.935221731662750244e-01
8.130782337665556952e+03 3.935093581676483154e-01
8.133244808435439154e+03 3.934965729713439941e-01
8.135707279205321356e+03 3.934839069843292236e-01
8.138169749975203558e+03 3.934713006019592285e-01
8.140632220745085760e+03 3.934587836265563965e-01
8.143094691514967963e+03 3.934462964534759521e-01
8.145557162284850165e+03 3.934339582920074463e-01
8.148019633054732367e+03 3.934216201305389404e-01
8.150482103824614569e+03 3.934093713760375977e-01
8.152944574594496771e+03 3.933972418308258057e-01
8.155407045364378973e+03 3.933851420879364014e-01
8.157869516134261175e+03 3.933731317520141602e-01
8.160331986904143378e+03 3.933612108230590820e-01
8.162794457674025580e+03 3.933493793010711670e-01
8.165256928443907782e+03 3.933375477790832520e-01
8.167719399213789984e+03 3.933258354663848877e-01
8.170181869983672186e+03 3.933142125606536865e-01
8.172644340753554388e+03 3.933026492595672607e-01
8.175106811523436591e+03 3.932911455631256104e-01
8.177569282293318793e+03 3.932797610759735107e-01
8.180031753063200995e+03 3.932683467864990234e-01
8.182494223833083197e+03 3.932571411132812500e-01
8.184956694602965399e+03 3.932459056377410889e-01
8.187419165372847601e+03 3.932348191738128662e-01
8.189881636142729803e+03 3.932237923145294189e-01
8.192344106912611096e+03 3.932127654552459717e-01
8.194806577682493298e+03 3.932018578052520752e-01
8.197269048452375500e+03 3.931910693645477295e-01
8.199731519222257702e+03 3.931802809238433838e-01
8.202193989992139905e+03 3.931695818901062012e-01
8.204656460762022107e+03 3.931590318679809570e-01
8.207118931531904309e+03 3.931484222412109375e-01
8.209581402301786511e+03 3.931379914283752441e-01
8.212043873071668713e+03 3.931275606155395508e-01
8.214506343841550915e+03 3.931172192096710205e-01
8.216968814611433118e+03 3.931069970130920410e-01
8.219431285381315320e+03 3.930967748165130615e-01
8.221893756151197522e+03 3.930866420269012451e-01
8.224356226921079724e+03 3.930765688419342041e-01
8.226818697690961926e+03 3.930665850639343262e-01
8.229281168460844128e+03 3.930566608905792236e-01
8.231743639230726330e+03 3.930468559265136719e-01
8.234206110000608533e+03 3.930371105670928955e-01
8.236668580770490735e+03 3.930274248123168945e-01
8.239131051540372937e+03 3.930177092552185059e-01
8.241593522310255139e+03 3.930081427097320557e-01
8.244055993080137341e+03 3.929986357688903809e-01
8.246518463850019543e+03 3.929892182350158691e-01
8.248980934619901745e+03 3.929798305034637451e-01
8.251443405389783948e+03 3.929705321788787842e-01
8.253905876159666150e+03 3.929612934589385986e-01
8.256368346929548352e+03 3.929521143436431885e-01
8.258830817699430554e+03 3.929429948329925537e-01
8.261293288469312756e+03 3.929339945316314697e-01
8.263755759239194958e+03 3.929249346256256104e-01
8.266218230009077161e+03 3.929160535335540771e-01
8.268680700778959363e+03 3.929071724414825439e-01
8.271143171548841565e+03 3.928984105587005615e-01
8.273605642318723767e+03 3.928896486759185791e-01
8.276068113088605969e+03 3.928810060024261475e-01
8.278530583858488171e+03 3.928723931312561035e-01
8.280993054628370373e+03 3.928638696670532227e-01
8.283455525398252576e+03 3.928553760051727295e-01
8.285917996168134778e+03 3.928469419479370117e-01
8.288380466938016980e+03 3.928385376930236816e-01
8.290842937707899182e+03 3.928302228450775146e-01
8.293305408477781384e+03 3.928219974040985107e-01
8.295767879247663586e+03 3.928138017654418945e-01
8.298230350017545788e+03 3.928056657314300537e-01
8.300692820787427991e+03 3.927975296974182129e-01
8.303155291557310193e+03 3.927895724773406982e-01
8.305617762327192395e+03 3.927815854549407959e-01
8.308080233097074597e+03 3.927736580371856689e-01
8.310542703866956799e+03 3.927657902240753174e-01
8.313005174636839001e+03 3.927580118179321289e-01
8.315467645406721203e+03 3.927502632141113281e-01
8.317930116176603406e+03 3.927426040172576904e-01
8.320392586946485608e+03 3.927349448204040527e-01
8.322855057716367810e+03 3.927272856235504150e-01
8.325317528486250012e+03 3.927198052406311035e-01
8.327779999256132214e+03 3.927122652530670166e-01
8.330242470026014416e+03 3.927048146724700928e-01
8.332704940795896619e+03 3.926974534988403320e-01
8.335167411565778821e+03 3.926900923252105713e-01
8.337629882335661023e+03 3.926827609539031982e-01
8.340092353105543225e+03 3.926755189895629883e-01
8.342554823875425427e+03 3.926683366298675537e-01
8.345017294645307629e+03 3.926611542701721191e-01
8.347479765415189831e+03 3.926540315151214600e-01
8.349942236185072034e+03 3.926469683647155762e-01
8.352404706954954236e+03 3.926398754119873047e-01
8.354867177724836438e+03 3.926329016685485840e-01
8.357329648494718640e+03 3.926259875297546387e-01
8.359792119264600842e+03 3.926190435886383057e-01
8.362254590034483044e+03 3.926121890544891357e-01
8.364717060804365246e+03 3.926053643226623535e-01
8.367179531574247449e+03 3.925985693931579590e-01
8.369642002344129651e+03 3.925918042659759521e-01
8.372104473114011853e+03 3.925850689411163330e-01
8.374566943883894055e+03 3.925784230232238770e-01
8.377029414653776257e+03 3.925717473030090332e-01
8.379491885423658459e+03 3.925651013851165771e-01
8.381954356193540661e+03 3.925585448741912842e-01
8.384416826963422864e+03 3.925520181655883789e-01
8.386879297733305066e+03 3.925454914569854736e-01
8.389341768503187268e+03 3.925390243530273438e-01
8.391804239273069470e+03 3.925326168537139893e-01
8.394266710042951672e+03 3.925261497497558594e-01
8.396729180812833874e+03 3.925198018550872803e-01
8.399191651582716077e+03 3.925134241580963135e-01
8.401654122352598279e+03 3.925070762634277344e-01
8.404116593122480481e+03 3.925007581710815430e-01
8.406579063892362683e+03 3.924944698810577393e-01
8.409041534662244885e+03 3.924882411956787109e-01
8.411504005432127087e+03 3.924819827079772949e-01
8.413966476202009289e+03 3.924758136272430420e-01
8.416428946971891492e+03 3.924695849418640137e-01
8.418891417741773694e+03 3.924634158611297607e-01
8.421353888511655896e+03 3.924572765827178955e-01
8.423816359281538098e+03 3.924511373043060303e-01
8.426278830051420300e+03 3.924450278282165527e-01
8.428741300821302502e+03 3.924389183521270752e-01
8.431203771591184704e+03 3.924328386783599854e-01
8.433666242361066907e+03 3.924267590045928955e-01
8.436128713130949109e+03 3.924206793308258057e-01
8.438591183900831311e+03 3.924146592617034912e-01
8.441053654670713513e+03 3.924086391925811768e-01
8.443516125440595715e+03 3.924025893211364746e-01
8.445978596210477917e+03 3.923965692520141602e-01
8.448441066980360119e+03 3.923905789852142334e-01
8.450903537750242322e+03 3.923846483230590820e-01
8.453366008520124524e+03 3.923786580562591553e-01
8.455828479290006726e+03 3.923726677894592285e-01
8.458290950059888928e+03 3.923666179180145264e-01
8.460753420829771130e+03 3.923606872558593750e-01
8.463215891599653332e+03 3.923547267913818359e-01
8.465678362369535535e+03 3.923487663269042969e-01
8.468140833139417737e+03 3.923427760601043701e-01
8.470603303909299939e+03 3.923367559909820557e-01
8.473065774679182141e+03 3.923307955265045166e-01
8.475528245449064343e+03 3.923248648643493652e-01
8.477990716218946545e+03 3.923188745975494385e-01
8.480453186988828747e+03 3.923128843307495117e-01
8.482915657758710950e+03 3.923068940639495850e-01
8.485378128528593152e+03 3.923009037971496582e-01
8.487840599298475354e+03 3.922948837280273438e-01
8.490303070068357556e+03 3.922888040542602539e-01
8.492765540838239758e+03 3.922827839851379395e-01
8.495228011608121960e+03 3.922767639160156250e-01
8.497690482378004162e+03 3.922706842422485352e-01
8.500152953147886365e+03 3.922646343708038330e-01
8.502615423917768567e+03 3.922585248947143555e-01
8.505077894687650769e+03 3.922524154186248779e-01
8.507540365457532971e+03 3.922462761402130127e-01
8.510002836227415173e+03 3.922401368618011475e-01
8.512465306997297375e+03 3.922339677810668945e-01
8.514927777767179577e+03 3.922277688980102539e-01
8.517390248537061780e+03 3.922215104103088379e-01
8.519852719306943982e+03 3.922153115272521973e-01
8.522315190076826184e+03 3.922090530395507812e-01
8.524777660846708386e+03 3.922027647495269775e-01
8.527240131616590588e+03 3.921964168548583984e-01
8.529702602386472790e+03 3.921900391578674316e-01
8.532165073156354993e+03 3.921836912631988525e-01
8.534627543926237195e+03 3.921772539615631104e-01
8.537090014696119397e+03 3.921708166599273682e-01
8.539552485466001599e+03 3.921643495559692383e-01
8.542014956235883801e+03 3.921577632427215576e-01
8.544477427005766003e+03 3.921512663364410400e-01
8.546939897775648205e+03 3.921446204185485840e-01
8.549402368545530408e+03 3.921379745006561279e-01
8.551864839315412610e+03 3.921312987804412842e-01
8.554327310085294812e+03 3.921245038509368896e-01
8.556789780855177014e+03 3.921177983283996582e-01
8.559252251625059216e+03 3.921109437942504883e-01
8.561714722394941418e+03 3.921040296554565430e-01
8.564177193164823620e+03 3.920971155166625977e-01
8.566639663934705823e+03 3.920901417732238770e-01
8.569102134704588025e+03 3.920831084251403809e-01
8.571564605474470227e+03 3.920760154724121094e-01
8.574027076244352429e+03 3.920689225196838379e-01
8.576489547014234631e+03 3.920617699623107910e-01
8.578952017784116833e+03 3.920544683933258057e-01
8.581414488553999036e+03 3.920471966266632080e-01
8.583876959323881238e+03 3.920397460460662842e-01
8.586339430093763440e+03 3.920322954654693604e-01
8.588801900863645642e+03 3.920248746871948242e-01
8.591264371633527844e+03 3.920172750949859619e-01
8.593726842403410046e+03 3.920096457004547119e-01
8.596189313173292248e+03 3.920018970966339111e-01
8.598651783943174451e+03 3.919941484928131104e-01
8.601114254713056653e+03 3.919863104820251465e-01
8.603576725482938855e+03 3.919783830642700195e-01
8.606039196252821057e+03 3.919704258441925049e-01
8.608501667022703259e+03 3.919623494148254395e-01
8.610964137792585461e+03 3.919541835784912109e-01
8.613426608562467663e+03 3.919459581375122070e-01
8.615889079332349866e+03 3.919376432895660400e-01
8.618351550102232068e+03 3.919292390346527100e-01
8.620814020872114270e+03 3.919207751750946045e-01
8.623276491641996472e+03 3.919121921062469482e-01
8.625738962411878674e+03 3.919035196304321289e-01
8.628201433181760876e+03 3.918947875499725342e-01
8.630663903951643078e+03 3.918859660625457764e-01
8.633126374721525281e+03 3.918769657611846924e-01
8.635588845491407483e+03 3.918679654598236084e-01
8.638051316261289685e+03 3.918589055538177490e-01
8.640513787031171887e+03 3.918496370315551758e-01
8.642976257801054089e+03 3.918403089046478271e-01
8.645438728570936291e+03 3.918308913707733154e-01
8.647901199340818494e+03 3.918213844299316406e-01
8.650363670110700696e+03 3.918116986751556396e-01
8.652826140880582898e+03 3.918020129203796387e-01
8.655288611650465100e+03 3.917921483516693115e-01
8.657751082420347302e+03 3.917821943759918213e-01
8.660213553190229504e+03 3.917721211910247803e-01
8.662676023960111706e+03 3.917619585990905762e-01
8.665138494729993909e+03 3.917516767978668213e-01
8.667600965499876111e+03 3.917412459850311279e-01
8.670063436269758313e+03 3.917306959629058838e-01
8.672525907039640515e+03 3.917200267314910889e-01
8.674988377809522717e+03 3.917092382907867432e-01
8.677450848579404919e+03 3.916983604431152344e-01
8.679913319349287121e+03 3.916873335838317871e-01
8.682375790119169324e+03 3.916762173175811768e-01
8.684838260889051526e+03 3.916648924350738525e-01
8.687300731658933728e+03 3.916534781455993652e-01
8.689763202428815930e+03 3.916419148445129395e-01
8.692225673198698132e+03 3.916302323341369629e-01
8.694688143968580334e+03 3.916184008121490479e-01
8.697150614738462536e+03 3.916063904762268066e-01
8.699613085508344739e+03 3.915943503379821777e-01
8.702075556278226941e+03 3.915821015834808350e-01
8.704538027048109143e+03 3.915696740150451660e-01
8.707000497817991345e+03 3.915571570396423340e-01
8.709462968587873547e+03 3.915444612503051758e-01
8.711925439357755749e+03 3.915316164493560791e-01
8.714387910127637952e+03 3.915186226367950439e-01
8.716850380897520154e+03 3.915054500102996826e-01
8.719312851667402356e+03 3.914921879768371582e-01
8.721775322437284558e+03 3.914786875247955322e-01
8.724237793207166760e+03 3.914650976657867432e-01
8.726700263977048962e+03 3.914512991905212402e-01
8.729162734746931164e+03 3.914373219013214111e-01
8.731625205516813367e+03 3.914232254028320312e-01
8.734087676286695569e+03 3.914089202880859375e-01
8.736550147056577771e+03 3.913944959640502930e-01
8.739012617826459973e+03 3.913798332214355469e-01
8.741475088596342175e+03 3.913650512695312500e-01
8.743937559366224377e+03 3.913500905036926270e-01
8.746400030136106579e+03 3.913349509239196777e-01
8.748862500905988782e+03 3.913196027278900146e-01
8.751324971675870984e+03 3.913040459156036377e-01
8.753787442445753186e+03 3.912883698940277100e-01
8.756249913215635388e+03 3.912724256515502930e-01
8.758712383985517590e+03 3.912563621997833252e-01
8.761174854755399792e+03 3.912400603294372559e-01
8.763637325525281994e+03 3.912236392498016357e-01
8.766099796295164197e+03 3.912069201469421387e-01
8.768562267065046399e+03 3.911901116371154785e-01
8.771024737834928601e+03 3.911730349063873291e-01
8.773487208604810803e+03 3.911558091640472412e-01
8.775949679374693005e+03 3.911382853984832764e-01
8.778412150144575207e+03 3.911206424236297607e-01
8.780874620914457410e+03 3.911027312278747559e-01
8.783337091684339612e+03 3.910846710205078125e-01
8.785799562454221814e+03 3.910664021968841553e-01
8.788262033224104016e+03 3.910478651523590088e-01
8.790724503993986218e+03 3.910291194915771484e-01
8.793186974763868420e+03 3.910101652145385742e-01
8.795649445533750622e+03 3.909909725189208984e-01
8.798111916303632825e+03 3.909716010093688965e-01
8.800574387073515027e+03 3.909519910812377930e-01
8.803036857843397229e+03 3.909321129322052002e-01
8.805499328613279431e+03 3.909120559692382812e-01
8.807961799383161633e+03 3.908917009830474854e-01
8.810424270153043835e+03 3.908712267875671387e-01
8.812886740922926037e+03 3.908503949642181396e-01
8.815349211692808240e+03 3.908293545246124268e-01
8.817811682462690442e+03 3.908081054687500000e-01
8.820274153232572644e+03 3.907865881919860840e-01
8.822736624002454846e+03 3.907648324966430664e-01
8.825199094772337048e+03 3.907428383827209473e-01
8.827661565542219250e+03 3.907205760478973389e-01
8.830124036312101452e+03 3.906980752944946289e-01
8.832586507081983655e+03 3.906753063201904297e-01
8.835048977851865857e+03 3.906522989273071289e-01
8.837511448621748059e+03 3.906290233135223389e-01
8.839973919391630261e+03 3.906055092811584473e-01
8.842436390161512463e+03 3.905816674232482910e-01
8.844898860931394665e+03 3.905575573444366455e-01
8.847361331701276868e+03 3.905332386493682861e-01
8.849823802471159070e+03 3.905085921287536621e-01
8.852286273241041272e+03 3.904837071895599365e-01
8.854748744010923474e+03 3.904585540294647217e-01
8.857211214780805676e+03 3.904331028461456299e-01
8.859673685550687878e+03 3.904073536396026611e-01
8.862136156320570080e+03 3.903814256191253662e-01
8.864598627090452283e+03 3.903550505638122559e-01
8.867061097860334485e+03 3.903285264968872070e-01
8.869523568630216687e+03 3.903015851974487305e-01
8.871986039400098889e+03 3.902744650840759277e-01
8.874448510169981091e+03 3.902469873428344727e-01
8.876910980939863293e+03 3.902191817760467529e-01
8.879373451709745495e+03 3.901911377906799316e-01
8.881835922479627698e+03 3.901627957820892334e-01
8.884298393249509900e+03 3.901340365409851074e-01
8.886760864019392102e+03 3.901050984859466553e-01
8.889223334789274304e+03 3.900757431983947754e-01
8.891685805559156506e+03 3.900462388992309570e-01
8.894148276329038708e+03 3.900162875652313232e-01
8.896610747098920911e+03 3.899860382080078125e-01
8.899073217868803113e+03 3.899554610252380371e-01
8.901535688638685315e+03 3.899245858192443848e-01
8.903998159408567517e+03 3.898933231830596924e-01
8.906460630178449719e+03 3.898617327213287354e-01
8.908923100948331921e+03 3.898299038410186768e-01
8.911385571718214123e+03 3.897976577281951904e-01
8.913848042488096326e+03 3.897651731967926025e-01
8.916310513257978528e+03 3.897322416305541992e-01
8.918772984027860730e+03 3.896989822387695312e-01
8.921235454797742932e+03 3.896654546260833740e-01
8.923697925567625134e+03 3.896315395832061768e-01
8.926160396337507336e+03 3.895972073078155518e-01
8.928622867107389538e+03 3.895626068115234375e-01
8.931085337877271741e+03 3.895276188850402832e-01
8.933547808647153943e+03 3.894922435283660889e-01
8.936010279417036145e+03 3.894565403461456299e-01
8.938472750186918347e+03 3.894204497337341309e-01
8.940935220956800549e+03 3.893840312957763672e-01
8.943397691726682751e+03 3.893472254276275635e-01
8.945860162496564953e+03 3.893100321292877197e-01
8.948322633266447156e+03 3.892724812030792236e-01
8.950785104036329358e+03 3.892345428466796875e-01
8.953247574806211560e+03 3.891962766647338867e-01
8.955710045576093762e+03 3.891575634479522705e-01
8.958172516345975964e+03 3.891184926033020020e-01
8.960634987115858166e+03 3.890790343284606934e-01
8.963097457885740369e+03 3.890391588211059570e-01
8.965559928655622571e+03 3.889988958835601807e-01
8.968022399425504773e+03 3.889582753181457520e-01
8.970484870195386975e+03 3.889172375202178955e-01
8.972947340965269177e+03 3.888758122920989990e-01
8.975409811735151379e+03 3.888339102268218994e-01
8.977872282505033581e+03 3.887916505336761475e-01
8.980334753274915784e+03 3.887490034103393555e-01
8.982797224044797986e+03 3.887059390544891357e-01
8.985259694814680188e+03 3.886623978614807129e-01
8.987722165584562390e+03 3.886184990406036377e-01
8.990184636354444592e+03 3.885741233825683594e-01
8.992647107124326794e+03 3.885293900966644287e-01
8.995109577894208996e+03 3.884842097759246826e-01
8.997572048664091199e+03 3.884385526180267334e-01
9.000034519433973401e+03 3.883925080299377441e-01
9.002496990203855603e+03 3.883460164070129395e-01
9.004959460973737805e+03 3.882990479469299316e-01
9.007421931743620007e+03 3.882517218589782715e-01
9.009884402513502209e+03 3.882038891315460205e-01
9.012346873283384411e+03 3.881556093692779541e-01
9.014809344053266614e+03 3.881069123744964600e-01
9.017271814823148816e+03 3.880577385425567627e-01
9.019734285593031018e+03 3.880080580711364746e-01
9.022196756362913220e+03 3.879579901695251465e-01
9.024659227132795422e+03 3.879074454307556152e-01
9.027121697902677624e+03 3.878563940525054932e-01
9.029584168672559827e+03 3.878049254417419434e-01
9.032046639442442029e+03 3.877529501914978027e-01
9.034509110212324231e+03 3.877005577087402344e-01
9.036971580982206433e+03 3.876476287841796875e-01
9.039434051752088635e+03 3.875942528247833252e-01
9.041896522521970837e+03 3.875404000282287598e-01
9.044358993291853039e+03 3.874859511852264404e-01
9.046821464061735242e+03 3.874311745166778564e-01
9.049283934831617444e+03 3.873758316040039062e-01
9.051746405601499646e+03 3.873199522495269775e-01
9.054208876371381848e+03 3.872635960578918457e-01
9.056671347141264050e+03 3.872067034244537354e-01
9.059133817911146252e+03 3.871493935585021973e-01
9.061596288681028454e+03 3.870915472507476807e-01
9.064058759450910657e+03 3.870331943035125732e-01
9.066521230220792859e+03 3.869742751121520996e-01
9.068983700990675061e+03 3.869148790836334229e-01
9.071446171760557263e+03 3.868549168109893799e-01
9.073908642530439465e+03 3.867945075035095215e-01
9.076371113300321667e+03 3.867335021495819092e-01
9.078833584070203869e+03 3.866720199584960938e-01
9.081296054840086072e+03 3.866099417209625244e-01
9.083758525609968274e+03 3.865473866462707520e-01
9.086220996379850476e+03 3.864842951297760010e-01
9.088683467149732678e+03 3.864206373691558838e-01
9.091145937919614880e+03 3.863563835620880127e-01
9.093608408689497082e+03 3.862916231155395508e-01
9.096070879459379285e+03 3.862262964248657227e-01
9.098533350229261487e+03 3.861604630947113037e-01
9.100995820999143689e+03 3.860940039157867432e-01
9.103458291769025891e+03 3.860270082950592041e-01
9.105920762538908093e+03 3.859594762325286865e-01
9.108383233308790295e+03 3.858914077281951904e-01
9.110845704078672497e+03 3.858226835727691650e-01
9.113308174848554700e+03 3.857533931732177734e-01
9.115770645618436902e+03 3.856835365295410156e-01
9.118233116388319104e+03 3.856131136417388916e-01
9.120695587158201306e+03 3.855420649051666260e-01
9.123158057928083508e+03 3.854705095291137695e-01
9.125620528697965710e+03 3.853982388973236084e-01
9.128082999467847912e+03 3.853254616260528564e-01
9.130545470237730115e+03 3.852520585060119629e-01
9.133007941007612317e+03 3.851780593395233154e-01
9.135470411777494519e+03 3.851034343242645264e-01
9.137932882547376721e+03 3.850282728672027588e-01
9.140395353317258923e+03 3.849524557590484619e-01
9.142857824087141125e+03 3.848760426044464111e-01
9.145320294857023327e+03 3.847989439964294434e-01
9.147782765626905530e+03 3.847212493419647217e-01
9.150245236396787732e+03 3.846429884433746338e-01
9.152707707166669934e+03 3.845640122890472412e-01
9.155170177936552136e+03 3.844844698905944824e-01
9.157632648706434338e+03 3.844042420387268066e-01
9.160095119476316540e+03 3.843233883380889893e-01
9.162557590246198743e+03 3.842419683933258057e-01
9.165020061016080945e+03 3.841598033905029297e-01
9.167482531785963147e+03 3.840770125389099121e-01
9.169945002555845349e+03 3.839935362339019775e-01
9.172407473325727551e+03 3.839095234870910645e-01
9.174869944095609753e+03 3.838247358798980713e-01
9.177332414865491955e+03 3.837393522262573242e-01
9.179794885635374158e+03 3.836532533168792725e-01
9.182257356405256360e+03 3.835664987564086914e-01
9.184719827175138562e+03 3.834790587425231934e-01
9.187182297945020764e+03 3.833909630775451660e-01
9.189644768714902966e+03 3.833021521568298340e-01
9.192107239484785168e+03 3.832126855850219727e-01
9.194569710254667370e+03 3.831225037574768066e-01
9.197032181024549573e+03 3.830316960811614990e-01
9.199494651794431775e+03 3.829401433467864990e-01
9.201957122564313977e+03 3.828478455543518066e-01
9.204419593334196179e+03 3.827548623085021973e-01
9.206882064104078381e+03 3.826612830162048340e-01
9.209344534873960583e+03 3.825668394565582275e-01
9.211807005643842786e+03 3.824717700481414795e-01
9.214269476413724988e+03 3.823759853839874268e-01
9.216731947183607190e+03 3.822794556617736816e-01
9.219194417953489392e+03 3.821822404861450195e-01
9.221656888723371594e+03 3.820842206478118896e-01
9.224119359493253796e+03 3.819855749607086182e-01
9.226581830263135998e+03 3.818860948085784912e-01
9.229044301033018201e+03 3.817859590053558350e-01
9.231506771802900403e+03 3.816850185394287109e-01
9.233969242572782605e+03 3.815833330154418945e-01
9.236431713342664807e+03 3.814809024333953857e-01
9.238894184112547009e+03 3.813777565956115723e-01
9.241356654882429211e+03 3.812738358974456787e-01
9.243819125652311413e+03 3.811691105365753174e-01
9.246281596422193616e+03 3.810636699199676514e-01
9.248744067192075818e+03 3.809574544429779053e-01
9.251206537961958020e+03 3.808504343032836914e-01
9.253669008731840222e+03 3.807426691055297852e-01
9.256131479501722424e+03 3.806340992450714111e-01
9.258593950271604626e+03 3.805247843265533447e-01
9.261056421041486828e+03 3.804146051406860352e-01
9.263518891811369031e+03 3.803037703037261963e-01
9.265981362581251233e+03 3.801919817924499512e-01
9.268443833351133435e+03 3.800795376300811768e-01
9.270906304121015637e+03 3.799661993980407715e-01
9.273368774890897839e+03 3.798520565032958984e-01
9.275831245660780041e+03 3.797371685504913330e-01
9.278293716430662244e+03 3.796214163303375244e-01
9.280756187200544446e+03 3.795048296451568604e-01
9.283218657970426648e+03 3.793874680995941162e-01
9.285681128740308850e+03 3.792692422866821289e-01
9.288143599510191052e+03 3.791502416133880615e-01
9.290606070280073254e+03 3.790304064750671387e-01
9.293068541049955456e+03 3.789096474647521973e-01
9.295531011819837659e+03 3.787880539894104004e-01
9.297993482589719861e+03 3.786656856536865234e-01
9.300455953359602063e+03 3.785424232482910156e-01
9.302918424129484265e+03 3.784183859825134277e-01
9.305380894899366467e+03 3.782934248447418213e-01
9.307843365669248669e+03 3.781675994396209717e-01
9.310305836439130871e+03 3.780409097671508789e-01
9.312768307209013074e+03 3.779133558273315430e-01
9.315230777978895276e+03 3.777849376201629639e-01
9.317693248748777478e+03 3.776556253433227539e-01
9.320155719518659680e+03 3.775254487991333008e-01
9.322618190288541882e+03 3.773944079875946045e-01
9.325080661058424084e+03 3.772625029087066650e-01
9.327543131828306286e+03 3.771296143531799316e-01
9.330005602598188489e+03 3.769958913326263428e-01
9.332468073368070691e+03 3.768612444400787354e-01
9.334930544137952893e+03 3.767256736755371094e-01
9.337393014907835095e+03 3.765892386436462402e-01
9.339855485677717297e+03 3.764519095420837402e-01
9.342317956447599499e+03 3.763135969638824463e-01
9.344780427217481702e+03 3.761743903160095215e-01
9.347242897987363904e+03 3.760342299938201904e-01
9.349705368757246106e+03 3.758932054042816162e-01
9.352167839527128308e+03 3.757512271404266357e-01
9.354630310297010510e+03 3.756082355976104736e-01
9.357092781066892712e+03 3.754644393920898438e-01
9.359555251836774914e+03 3.753196299076080322e-01
9.362017722606657117e+03 3.751738667488098145e-01
9.364480193376539319e+03 3.750271201133728027e-01
9.366942664146421521e+03 3.748794794082641602e-01
9.369405134916303723e+03 3.747308254241943359e-01
9.371867605686185925e+03 3.745812475681304932e-01
9.374330076456068127e+03 3.744305968284606934e-01
9.376792547225950329e+03 3.742790818214416504e-01
9.379255017995832532e+03 3.741266131401062012e-01
9.381717488765714734e+03 3.739730715751647949e-01
9.384179959535596936e+03 3.738186061382293701e-01
9.386642430305479138e+03 3.736630976200103760e-01
9.389104901075361340e+03 3.735066056251525879e-01
9.391567371845243542e+03 3.733491003513336182e-01
9.394029842615125744e+03 3.731906712055206299e-01
9.396492313385007947e+03 3.730311989784240723e-01
9.398954784154890149e+03 3.728706538677215576e-01
9.401417254924772351e+03 3.727091550827026367e-01
9.403879725694654553e+03 3.725466132164001465e-01
9.406342196464536755e+03 3.723831176757812500e-01
9.408804667234418957e+03 3.722184598445892334e-01
9.411267138004301160e+03 3.720528185367584229e-01
9.413729608774183362e+03 3.718861937522888184e-01
9.416192079544065564e+03 3.717184364795684814e-01
9.418654550313947766e+03 3.715497553348541260e-01
9.421117021083829968e+03 3.713798820972442627e-01
9.423579491853712170e+03 3.712090551853179932e-01
9.426041962623594372e+03 3.710371553897857666e-01
9.428504433393476575e+03 3.708642423152923584e-01
9.430966904163358777e+03 3.706901073455810547e-01
