5.434142089843750000e+03 3.728471398353576660e-01
5.436607867002487183e+03 3.730216622352600098e-01
5.439073644161224365e+03 3.731942176818847656e-01
5.441539421319961548e+03 3.733648955821990967e-01
5.444005198478698730e+03 3.735336363315582275e-01
5.446470975637435913e+03 3.737004399299621582e-01
5.448936752796173096e+03 3.738653063774108887e-01
5.451402529954910278e+03 3.740283548831939697e-01
5.453868307113647461e+03 3.741895258426666260e-01
5.456334084272384644e+03 3.743488490581512451e-01
5.458799861431121826e+03 3.745063245296478271e-01
5.461265638589859009e+03 3.746619820594787598e-01
5.463731415748596191e+03 3.748157322406768799e-01
5.466197192907333374e+03 3.749677538871765137e-01
5.468662970066070557e+03 3.751179277896881104e-01
5.471128747224807739e+03 3.752662837505340576e-01
5.473594524383544922e+03 3.754129409790039062e-01
5.476060301542282104e+03 3.755577802658081055e-01
5.478526078701019287e+03 3.757008612155914307e-01
5.480991855859756470e+03 3.758421540260314941e-01
5.483457633018493652e+03 3.759818077087402344e-01
5.485923410177230835e+03 3.761197328567504883e-01
5.488389187335968018e+03 3.762558996677398682e-01
5.490854964494705200e+03 3.763903677463531494e-01
5.493320741653442383e+03 3.765231668949127197e-01
5.495786518812179565e+03 3.766542971134185791e-01
5.498252295970916748e+03 3.767837882041931152e-01
5.500718073129653931e+03 3.769115805625915527e-01
5.503183850288391113e+03 3.770376741886138916e-01
5.505649627447128296e+03 3.771621882915496826e-01
5.508115404605865479e+03 3.772851824760437012e-01
5.510581181764602661e+03 3.774065077304840088e-01
5.513046958923339844e+03 3.775261938571929932e-01
5.515512736082077026e+03 3.776443302631378174e-01
5.517978513240814209e+03 3.777608871459960938e-01
5.520444290399551392e+03 3.778758645057678223e-01
5.522910067558288574e+03 3.779893517494201660e-01
5.525375844717025757e+03 3.781012594699859619e-01
5.527841621875762939e+03 3.782116174697875977e-01
5.530307399034500122e+03 3.783205449581146240e-01
5.532773176193237305e+03 3.784278929233551025e-01
5.535238953351974487e+03 3.785337805747985840e-01
5.537704730510711670e+03 3.786381781101226807e-01
5.540170507669448853e+03 3.787410557270050049e-01
5.542636284828186035e+03 3.788425326347351074e-01
5.545102061986923218e+03 3.789426088333129883e-01
5.547567839145660400e+03 3.790411651134490967e-01
5.550033616304397583e+03 3.791383802890777588e-01
5.552499393463134766e+03 3.792341053485870361e-01
5.554965170621871948e+03 3.793284893035888672e-01
5.557430947780609131e+03 3.794215023517608643e-01
5.559896724939346313e+03 3.795130848884582520e-01
5.562362502098083496e+03 3.796032965183258057e-01
5.564828279256820679e+03 3.796922266483306885e-01
5.567294056415557861e+03 3.797798156738281250e-01
5.569759833574295044e+03 3.798659741878509521e-01
5.572225610733032227e+03 3.799509108066558838e-01
5.574691387891769409e+03 3.800344765186309814e-01
5.577157165050506592e+03 3.801167309284210205e-01
5.579622942209243774e+03 3.801977336406707764e-01
5.582088719367980957e+03 3.802775442600250244e-01
5.584554496526718140e+03 3.803560137748718262e-01
5.587020273685455322e+03 3.804332017898559570e-01
5.589486050844192505e+03 3.805092275142669678e-01
5.591951828002929688e+03 3.805839419364929199e-01
5.594417605161666870e+03 3.806575238704681396e-01
5.596883382320404053e+03 3.807298541069030762e-01
5.599349159479141235e+03 3.808010518550872803e-01
5.601814936637878418e+03 3.808710277080535889e-01
5.604280713796615601e+03 3.809398114681243896e-01
5.606746490955352783e+03 3.810074925422668457e-01
5.609212268114089966e+03 3.810739517211914062e-01
5.611678045272827148e+03 3.811393678188323975e-01
5.614143822431564331e+03 3.812035918235778809e-01
5.616609599590301514e+03 3.812667429447174072e-01
5.619075376749038696e+03 3.813287317752838135e-01
5.621541153907775879e+03 3.813896775245666504e-01
5.624006931066513062e+03 3.814495503902435303e-01
5.626472708225250244e+03 3.815084099769592285e-01
5.628938485383987427e+03 3.815661072731018066e-01
5.631404262542724609e+03 3.816228508949279785e-01
5.633870039701461792e+03 3.816785216331481934e-01
5.636335816860198975e+03 3.817332386970520020e-01
5.638801594018936157e+03 3.817868828773498535e-01
5.641267371177673340e+03 3.818395435810089111e-01
5.643733148336410522e+03 3.818912506103515625e-01
5.646198925495147705e+03 3.819419443607330322e-01
5.648664702653884888e+03 3.819916546344757080e-01
5.651130479812622070e+03 3.820404708385467529e-01
5.653596256971359253e+03 3.820883035659790039e-01
5.656062034130096436e+03 3.821352720260620117e-01
5.658527811288833618e+03 3.821812868118286133e-01
5.660993588447570801e+03 3.822263777256011963e-01
5.663459365606307983e+03 3.822706043720245361e-01
5.665925142765045166e+03 3.823139369487762451e-01
5.668390919923782349e+03 3.823564350605010986e-01
5.670856697082519531e+03 3.823980391025543213e-01
5.673322474241256714e+03 3.824388086795806885e-01
5.675788251399993896e+03 3.824787735939025879e-01
5.678254028558731079e+03 3.825178444385528564e-01
5.680719805717468262e+03 3.825561404228210449e-01
5.683185582876205444e+03 3.825936913490295410e-01
5.685651360034942627e+03 3.826303780078887939e-01
5.688117137193679810e+03 3.826663494110107422e-01
5.690582914352416992e+03 3.827014863491058350e-01
5.693048691511154175e+03 3.827358782291412354e-01
5.695514468669891357e+03 3.827696144580841064e-01
5.697980245828628540e+03 3.828025460243225098e-01
5.700446022987365723e+03 3.828347325325012207e-01
5.702911800146102905e+03 3.828662335872650146e-01
5.705377577304840088e+03 3.828970491886138916e-01
5.707843354463577271e+03 3.829272389411926270e-01
5.710309131622314453e+03 3.829566836357116699e-01
5.712774908781051636e+03 3.829855024814605713e-01
5.715240685939788818e+03 3.830136358737945557e-01
5.717706463098526001e+03 3.830411434173583984e-01
5.720172240257263184e+03 3.830680847167968750e-01
5.722638017416000366e+03 3.830942809581756592e-01
5.725103794574737549e+03 3.831200003623962402e-01
5.727569571733474731e+03 3.831450641155242920e-01
5.730035348892211914e+03 3.831695616245269775e-01
5.732501126050949097e+03 3.831934630870819092e-01
5.734966903209686279e+03 3.832168579101562500e-01
5.737432680368423462e+03 3.832396566867828369e-01
5.739898457527160645e+03 3.832619786262512207e-01
5.742364234685897827e+03 3.832837343215942383e-01
5.744830011844635010e+03 3.833049833774566650e-01
5.747295789003372192e+03 3.833257257938385010e-01
5.749761566162109375e+03 3.833459913730621338e-01
5.752227343320846558e+03 3.833657801151275635e-01
5.754693120479583740e+03 3.833850920200347900e-01
5.757158897638320923e+03 3.834039270877838135e-01
5.759624674797058105e+03 3.834223449230194092e-01
5.762090451955795288e+03 3.834403455257415771e-01
5.764556229114532471e+03 3.834578990936279297e-01
5.767022006273269653e+03 3.834750950336456299e-01
5.769487783432006836e+03 3.834919035434722900e-01
5.771953560590744019e+03 3.835082054138183594e-01
5.774419337749481201e+03 3.835242688655853271e-01
5.776885114908218384e+03 3.835399150848388672e-01
5.779350892066955566e+03 3.835552036762237549e-01
5.781816669225692749e+03 3.835701346397399902e-01
5.784282446384429932e+03 3.835848271846771240e-01
5.786748223543167114e+03 3.835990726947784424e-01
5.789214000701904297e+03 3.836131095886230469e-01
5.791679777860641479e+03 3.836268484592437744e-01
5.794145555019378662e+03 3.836402893066406250e-01
5.796611332178115845e+03 3.836534023284912109e-01
5.799077109336853027e+03 3.836663663387298584e-01
5.801542886495590210e+03 3.836790025234222412e-01
5.804008663654327393e+03 3.836914300918579102e-01
5.806474440813064575e+03 3.837036490440368652e-01
5.808940217971801758e+03 3.837156593799591064e-01
5.811405995130538940e+03 3.837274610996246338e-01
5.813871772289276123e+03 3.837390542030334473e-01
5.816337549448013306e+03 3.837504386901855469e-01
5.818803326606750488e+03 3.837617039680480957e-01
5.821269103765487671e+03 3.837728500366210938e-01
5.823734880924224854e+03 3.837837576866149902e-01
5.826200658082962036e+03 3.837946355342864990e-01
5.828666435241699219e+03 3.838053345680236816e-01
5.831132212400436401e+03 3.838159143924713135e-01
5.833597989559173584e+03 3.838264346122741699e-01
5.836063766717910767e+03 3.838368952274322510e-01
5.838529543876647949e+03 3.838471770286560059e-01
5.840995321035385132e+03 3.838574588298797607e-01
5.843461098194122314e+03 3.838676810264587402e-01
5.845926875352859497e+03 3.838779032230377197e-01
5.848392652511596680e+03 3.838880956172943115e-01
5.850858429670333862e+03 3.838982284069061279e-01
5.853324206829071045e+03 3.839083909988403320e-01
5.855789983987808228e+03 3.839184939861297607e-01
5.858255761146545410e+03 3.839286863803863525e-01
5.860721538305282593e+03 3.839388191699981689e-01
5.863187315464019775e+03 3.839490115642547607e-01
5.865653092622756958e+03 3.839591145515441895e-01
5.868118869781494141e+03 3.839693069458007812e-01
5.870584646940231323e+03 3.839794695377349854e-01
5.873050424098968506e+03 3.839896619319915771e-01
5.875516201257705688e+03 3.839998543262481689e-01
5.877981978416442871e+03 3.840100467205047607e-01
5.880447755575180054e+03 3.840202391147613525e-01
5.882913532733916327e+03 3.840304017066955566e-01
5.885379309892653509e+03 3.840406239032745361e-01
5.887845087051390692e+03 3.840508162975311279e-01
5.890310864210127875e+03 3.840610384941101074e-01
5.892776641368865057e+03 3.840712308883666992e-01
5.895242418527602240e+03 3.840814828872680664e-01
5.897708195686339423e+03 3.840916752815246582e-01
5.900173972845076605e+03 3.841019272804260254e-01
5.902639750003813788e+03 3.841121494770050049e-01
5.905105527162550970e+03 3.841223716735839844e-01
5.907571304321288153e+03 3.841326534748077393e-01
5.910037081480025336e+03 3.841429054737091064e-01
5.912502858638762518e+03 3.841530978679656982e-01
5.914968635797499701e+03 3.841633498668670654e-01
5.917434412956236883e+03 3.841736614704132080e-01
5.919900190114974066e+03 3.841838836669921875e-01
5.922365967273711249e+03 3.841941356658935547e-01
5.924831744432448431e+03 3.842043578624725342e-01
5.927297521591185614e+03 3.842146694660186768e-01
5.929763298749922797e+03 3.842249214649200439e-01
5.932229075908659979e+03 3.842352330684661865e-01
5.934694853067397162e+03 3.842454850673675537e-01
5.937160630226134344e+03 3.842557966709136963e-01
5.939626407384871527e+03 3.842660784721374512e-01
5.942092184543608710e+03 3.842763900756835938e-01
5.944557961702345892e+03 3.842866420745849609e-01
5.947023738861083075e+03 3.842968940734863281e-01
5.949489516019820257e+03 3.843072354793548584e-01
5.951955293178557440e+03 3.843175172805786133e-01
5.954421070337294623e+03 3.843278288841247559e-01
5.956886847496031805e+03 3.843381106853485107e-01
5.959352624654768988e+03 3.843484520912170410e-01
5.961818401813506171e+03 3.843587338924407959e-01
5.964284178972243353e+03 3.843690752983093262e-01
5.966749956130980536e+03 3.843794167041778564e-01
5.969215733289717718e+03 3.843897283077239990e-01
5.971681510448454901e+03 3.844000101089477539e-01
5.974147287607192084e+03 3.844103515148162842e-01
5.976613064765929266e+03 3.844206631183624268e-01
5.979078841924666449e+03 3.844310045242309570e-01
5.981544619083403632e+03 3.844413161277770996e-01
5.984010396242140814e+03 3.844517171382904053e-01
5.986476173400877997e+03 3.844619989395141602e-01
5.988941950559615179e+03 3.844723403453826904e-01
5.991407727718352362e+03 3.844826817512512207e-01
5.993873504877089545e+03 3.844930231571197510e-01
5.996339282035826727e+03 3.845033049583435059e-01
5.998805059194563910e+03 3.845137357711791992e-01
6.001270836353301092e+03 3.845240175724029541e-01
6.003736613512038275e+03 3.845344185829162598e-01
6.006202390670775458e+03 3.845447599887847900e-01
6.008668167829512640e+03 3.845550715923309326e-01
6.011133944988249823e+03 3.845654726028442383e-01
6.013599722146987006e+03 3.845758438110351562e-01
6.016065499305724188e+03 3.845861852169036865e-01
6.018531276464461371e+03 3.845965564250946045e-01
6.020997053623198553e+03 3.846068978309631348e-01
6.023462830781935736e+03 3.846172690391540527e-01
6.025928607940672919e+03 3.846276402473449707e-01
6.028394385099410101e+03 3.846380412578582764e-01
6.030860162258147284e+03 3.846483826637268066e-01
6.033325939416884466e+03 3.846587538719177246e-01
6.035791716575621649e+03 3.846691548824310303e-01
6.038257493734358832e+03 3.846795260906219482e-01
6.040723270893096014e+03 3.846898674964904785e-01
6.043189048051833197e+03 3.847002685070037842e-01
6.045654825210570380e+03 3.847105801105499268e-01
6.048120602369307562e+03 3.847209811210632324e-01
6.050586379528044745e+03 3.847313523292541504e-01
6.053052156686781927e+03 3.847417235374450684e-01
6.055517933845519110e+03 3.847521245479583740e-01
6.057983711004256293e+03 3.847624957561492920e-01
6.060449488162993475e+03 3.847728669643402100e-01
6.062915265321730658e+03 3.847832679748535156e-01
6.065381042480467841e+03 3.847936689853668213e-01
6.067846819639205023e+03 3.848040401935577393e-01
6.070312596797942206e+03 3.848144114017486572e-01
6.072778373956679388e+03 3.848248124122619629e-01
6.075244151115416571e+03 3.848351836204528809e-01
6.077709928274153754e+03 3.848455846309661865e-01
6.080175705432890936e+03 3.848559558391571045e-01
6.082641482591628119e+03 3.848663866519927979e-01
6.085107259750365301e+03 3.848767280578613281e-01
6.087573036909102484e+03 3.848871588706970215e-01
6.090038814067839667e+03 3.848975598812103271e-01
6.092504591226576849e+03 3.849078714847564697e-01
6.094970368385314032e+03 3.849183320999145508e-01
6.097436145544051215e+03 3.849287033081054688e-01
6.099901922702788397e+03 3.849391043186187744e-01
6.102367699861525580e+03 3.849494755268096924e-01
6.104833477020262762e+03 3.849598467350006104e-01
6.107299254178999945e+03 3.849702477455139160e-01
6.109765031337737128e+03 3.849806189537048340e-01
6.112230808496474310e+03 3.849910199642181396e-01
6.114696585655211493e+03 3.850013911724090576e-01
6.117162362813948675e+03 3.850117921829223633e-01
6.119628139972685858e+03 3.850221931934356689e-01
6.122093917131423041e+03 3.850325644016265869e-01
6.124559694290160223e+03 3.850429356098175049e-01
6.127025471448897406e+03 3.850533664226531982e-01
6.129491248607634589e+03 3.850637376308441162e-01
6.131957025766371771e+03 3.850741386413574219e-01
6.134422802925108954e+03 3.850845396518707275e-01
6.136888580083846136e+03 3.850948512554168701e-01
6.139354357242583319e+03 3.851053118705749512e-01
6.141820134401320502e+03 3.851156532764434814e-01
6.144285911560057684e+03 3.851260244846343994e-01
6.146751688718794867e+03 3.851363956928253174e-01
6.149217465877532049e+03 3.851468265056610107e-01
6.151683243036269232e+03 3.851571977138519287e-01
6.154149020195006415e+03 3.851675689220428467e-01
6.156614797353743597e+03 3.851779103279113770e-01
6.159080574512480780e+03 3.851882815361022949e-01
6.161546351671217963e+03 3.851987123489379883e-01
6.164012128829955145e+03 3.852090835571289062e-01
6.166477905988692328e+03 3.852194249629974365e-01
6.168943683147429510e+03 3.852297961711883545e-01
6.171409460306166693e+03 3.852401673793792725e-01
6.173875237464903876e+03 3.852505385875701904e-01
6.176341014623641058e+03 3.852608799934387207e-01
6.178806791782378241e+03 3.852712512016296387e-01
6.181272568941115424e+03 3.852816820144653320e-01
6.183738346099852606e+03 3.852919638156890869e-01
6.186204123258589789e+03 3.853023946285247803e-01
6.188669900417326971e+03 3.853127062320709229e-01
6.191135677576064154e+03 3.853231072425842285e-01
6.193601454734801337e+03 3.853334486484527588e-01
6.196067231893538519e+03 3.853438198566436768e-01
6.198533009052275702e+03 3.853541612625122070e-01
6.200998786211012884e+03 3.853644728660583496e-01
6.203464563369750067e+03 3.853748738765716553e-01
6.205930340528487250e+03 3.853851556777954102e-01
6.208396117687224432e+03 3.853955268859863281e-01
6.210861894845961615e+03 3.854058384895324707e-01
6.213327672004698798e+03 3.854162096977233887e-01
6.215793449163435980e+03 3.854265511035919189e-01
6.218259226322173163e+03 3.854368627071380615e-01
6.220725003480910345e+03 3.854472339153289795e-01
6.223190780639647528e+03 3.854575753211975098e-01
6.225656557798384711e+03 3.854678571224212646e-01
6.228122334957121893e+03 3.854782283306121826e-01
6.230588112115859076e+03 3.854885399341583252e-01
6.233053889274596258e+03 3.854988515377044678e-01
6.235519666433333441e+03 3.855091333389282227e-01
6.237985443592070624e+03 3.855194747447967529e-01
6.240451220750807806e+03 3.855297863483428955e-01
6.242916997909544989e+03 3.855401277542114258e-01
6.245382775068282172e+03 3.855504393577575684e-01
6.247848552227019354e+03 3.855607211589813232e-01
6.250314329385756537e+03 3.855710029602050781e-01
6.252780106544493719e+03 3.855813145637512207e-01
6.255245883703230902e+03 3.855916261672973633e-01
6.257711660861968085e+03 3.856019079685211182e-01
6.260177438020705267e+03 3.856122195720672607e-01
6.262643215179442450e+03 3.856224715709686279e-01
6.265108992338179632e+03 3.856327831745147705e-01
6.267574769496916815e+03 3.856430351734161377e-01
6.270040546655653998e+03 3.856532871723175049e-01
6.272506323814391180e+03 3.856635987758636475e-01
6.274972100973128363e+03 3.856738507747650146e-01
6.277437878131865546e+03 3.856840729713439941e-01
6.279903655290602728e+03 3.856943845748901367e-01
6.282369432449339911e+03 3.857046365737915039e-01
6.284835209608077093e+03 3.857148587703704834e-01
6.287300986766814276e+03 3.857251703739166260e-01
6.289766763925551459e+03 3.857353925704956055e-01
6.292232541084288641e+03 3.857456445693969727e-01
6.294698318243025824e+03 3.857558369636535645e-01
6.297164095401763007e+03 3.857661485671997070e-01
6.299629872560500189e+03 3.857762813568115234e-01
6.302095649719237372e+03 3.857865035533905029e-01
6.304561426877974554e+03 3.857967555522918701e-01
6.307027204036711737e+03 3.858069181442260742e-01
6.309492981195448920e+03 3.858171403408050537e-01
6.311958758354186102e+03 3.858273625373840332e-01
6.314424535512923285e+03 3.858374953269958496e-01
6.316890312671660467e+03 3.858476579189300537e-01
6.319356089830397650e+03 3.858578503131866455e-01
6.321821866989134833e+03 3.858679831027984619e-01
6.324287644147872015e+03 3.858781456947326660e-01
6.326753421306609198e+03 3.858882784843444824e-01
6.329219198465346381e+03 3.858983814716339111e-01
6.331684975624083563e+03 3.859085440635681152e-01
6.334150752782820746e+03 3.859186470508575439e-01
6.336616529941557928e+03 3.859287500381469727e-01
6.339082307100295111e+03 3.859388530254364014e-01
6.341548084259032294e+03 3.859489262104034424e-01
6.344013861417769476e+03 3.859589993953704834e-01
6.346479638576506659e+03 3.859690725803375244e-01
6.348945415735243841e+03 3.859790861606597900e-01
6.351411192893981024e+03 3.859890997409820557e-01
6.353876970052718207e+03 3.859991729259490967e-01
6.356342747211455389e+03 3.860092163085937500e-01
6.358808524370192572e+03 3.860191702842712402e-01
6.361274301528929755e+03 3.860291540622711182e-01
6.363740078687666937e+03 3.860391080379486084e-01
6.366205855846404120e+03 3.860490620136260986e-01
6.368671633005141302e+03 3.860590755939483643e-01
6.371137410163878485e+03 3.860689699649810791e-01
6.373603187322615668e+03 3.860789537429809570e-01
6.376068964481352850e+03 3.860888183116912842e-01
6.378534741640090033e+03 3.860987424850463867e-01
6.381000518798827216e+03 3.861085772514343262e-01
6.383466295957564398e+03 3.861184716224670410e-01
6.385932073116301581e+03 3.861283063888549805e-01
6.388397850275038763e+03 3.861381709575653076e-01
6.390863627433775946e+03 3.861479759216308594e-01
6.393329404592513129e+03 3.861577808856964111e-01
6.395795181751250311e+03 3.861675858497619629e-01
6.398260958909987494e+03 3.861773610115051270e-01
6.400726736068724676e+03 3.861870765686035156e-01
6.403192513227461859e+03 3.861968219280242920e-01
6.405658290386199042e+03 3.862065374851226807e-01
6.408124067544936224e+03 3.862162232398986816e-01
6.410589844703673407e+03 3.862259685993194580e-01
6.413055621862410590e+03 3.862356543540954590e-01
6.415521399021147772e+03 3.862453103065490723e-01
6.417987176179884955e+03 3.862549066543579102e-01
6.420452953338622137e+03 3.862645328044891357e-01
6.422918730497359320e+03 3.862741291522979736e-01
6.425384507656096503e+03 3.862837255001068115e-01
6.427850284814833685e+03 3.862932622432708740e-01
6.430316061973570868e+03 3.863028287887573242e-01
6.432781839132308050e+03 3.863122761249542236e-01
6.435247616291045233e+03 3.863218128681182861e-01
6.437713393449782416e+03 3.863313198089599609e-01
6.440179170608519598e+03 3.863407373428344727e-01
6.442644947767256781e+03 3.863502144813537598e-01
6.445110724925993964e+03 3.863596320152282715e-01
6.447576502084731146e+03 3.863690197467803955e-01
6.450042279243468329e+03 3.863784372806549072e-01
6.452508056402205511e+03 3.863877356052398682e-01
6.454973833560942694e+03 3.863970935344696045e-01
6.457439610719679877e+03 3.864063918590545654e-01
6.459905387878417059e+03 3.864156901836395264e-01
6.462371165037154242e+03 3.864249289035797119e-01
6.464836942195891424e+03 3.864341676235198975e-01
6.467302719354628607e+03 3.864433467388153076e-01
6.469768496513365790e+03 3.864525854587554932e-01
6.472234273672102972e+03 3.864617049694061279e-01
6.474700050830840155e+03 3.864708542823791504e-01
6.477165827989577338e+03 3.864799737930297852e-01
6.479631605148314520e+03 3.864890933036804199e-01
6.482097382307051703e+03 3.864981830120086670e-01
6.484563159465788885e+03 3.865072131156921387e-01
6.487028936624526068e+03 3.865163028240203857e-01
6.489494713783263251e+03 3.865252733230590820e-01
6.491960490942000433e+03 3.865342140197753906e-01
6.494426268100737616e+03 3.865431547164916992e-01
6.496892045259474799e+03 3.865520656108856201e-01
6.499357822418211981e+03 3.865609765052795410e-01
6.501823599576949164e+03 3.865698277950286865e-01
6.504289376735686346e+03 3.865787088871002197e-01
6.506755153894423529e+03 3.865874707698822021e-01
6.509220931053160712e+03 3.865962624549865723e-01
6.511686708211897894e+03 3.866049945354461670e-01
6.514152485370635077e+03 3.866137266159057617e-01
6.516618262529372259e+03 3.866224288940429688e-01
6.519084039688109442e+03 3.866311311721801758e-01
6.521549816846846625e+03 3.866397738456726074e-01
6.524015594005583807e+03 3.866483271121978760e-01
6.526481371164320990e+03 3.866569399833679199e-01
6.528947148323058173e+03 3.866654932498931885e-01
6.531412925481795355e+03 3.866739869117736816e-01
6.533878702640532538e+03 3.866824507713317871e-01
6.536344479799269720e+03 3.866909444332122803e-01
6.538810256958006903e+03 3.866994082927703857e-01
6.541276034116744086e+03 3.867077529430389404e-01
6.543741811275481268e+03 3.867160975933074951e-01
6.546207588434218451e+03 3.867244720458984375e-01
6.548673365592955633e+03 3.867327868938446045e-01
6.551139142751692816e+03 3.867410719394683838e-01
6.553604919910429999e+03 3.867492973804473877e-01
6.556070697069167181e+03 3.867574930191040039e-01
6.558536474227904364e+03 3.867656886577606201e-01
6.561002251386641547e+03 3.867738246917724609e-01
6.563468028545378729e+03 3.867819607257843018e-01
6.565933805704115912e+03 3.867900371551513672e-01
6.568399582862853094e+03 3.867980539798736572e-01
6.570865360021590277e+03 3.868060708045959473e-01
6.573331137180327460e+03 3.868139982223510742e-01
6.575796914339064642e+03 3.868219554424285889e-01
6.578262691497801825e+03 3.868298530578613281e-01
6.580728468656539007e+03 3.868377506732940674e-01
6.583194245815276190e+03 3.868455290794372559e-01
6.585660022974013373e+03 3.868533372879028320e-01
6.588125800132750555e+03 3.868611156940460205e-01
6.590591577291487738e+03 3.868688642978668213e-01
6.593057354450224011e+03 3.868765234947204590e-01
6.595523131608961194e+03 3.868841826915740967e-01
6.597988908767698376e+03 3.868917822837829590e-01
6.600454685926435559e+03 3.868994116783142090e-01
6.602920463085172742e+03 3.869069218635559082e-01
6.605386240243909924e+03 3.869144320487976074e-01
6.607852017402647107e+03 3.869219124317169189e-01
6.610317794561384289e+03 3.869293034076690674e-01
6.612783571720121472e+03 3.869367241859436035e-01
6.615249348878858655e+03 3.869440853595733643e-01
6.617715126037595837e+03 3.869513571262359619e-01
6.620180903196333020e+03 3.869586884975433350e-01
6.622646680355070202e+03 3.869659006595611572e-01
6.625112457513807385e+03 3.869731128215789795e-01
6.627578234672544568e+03 3.869802653789520264e-01
6.630044011831281750e+03 3.869873583316802979e-01
6.632509788990018933e+03 3.869944214820861816e-01
6.634975566148756116e+03 3.870014846324920654e-01
6.637441343307493298e+03 3.870084583759307861e-01
6.639907120466230481e+03 3.870154619216918945e-01
6.642372897624967663e+03 3.870223164558410645e-01
6.644838674783704846e+03 3.870292305946350098e-01
6.647304451942442029e+03 3.870360553264617920e-01
6.649770229101179211e+03 3.870427906513214111e-01
6.652236006259916394e+03 3.870495557785034180e-01
6.654701783418653577e+03 3.870562613010406494e-01
6.657167560577390759e+03 3.870629072189331055e-01
6.659633337736127942e+03 3.870695531368255615e-01
6.662099114894865124e+03 3.870761096477508545e-01
6.664564892053602307e+03 3.870826363563537598e-01
6.667030669212339490e+03 3.870890736579895020e-01
6.669496446371076672e+03 3.870955705642700195e-01
6.671962223529813855e+03 3.871019184589385986e-01
6.674428000688551037e+03 3.871082663536071777e-01
6.676893777847288220e+03 3.871145844459533691e-01
6.679359555006025403e+03 3.871208429336547852e-01
6.681825332164762585e+03 3.871270716190338135e-01
6.684291109323499768e+03 3.871332108974456787e-01
6.686756886482236951e+03 3.871393203735351562e-01
6.689222663640974133e+03 3.871453702449798584e-01
6.691688440799711316e+03 3.871513903141021729e-01
6.694154217958448498e+03 3.871573805809020996e-01
6.696619995117185681e+03 3.871633410453796387e-01
6.699085772275922864e+03 3.871692717075347900e-01
6.701551549434660046e+03 3.871750533580780029e-01
6.704017326593397229e+03 3.871808946132659912e-01
6.706483103752134411e+03 3.871866464614868164e-01
6.708948880910871594e+03 3.871923685073852539e-01
6.711414658069608777e+03 3.871979713439941406e-01
6.713880435228345959e+03 3.872036039829254150e-01
6.716346212387083142e+03 3.872092068195343018e-01
6.718811989545820325e+03 3.872147202491760254e-01
6.721277766704557507e+03 3.872202336788177490e-01
6.723743543863294690e+03 3.872256278991699219e-01
6.726209321022031872e+03 3.872310519218444824e-01
6.728675098180769055e+03 3.872363567352294922e-01
6.731140875339506238e+03 3.872416913509368896e-01
6.733606652498243420e+03 3.872469365596771240e-01
6.736072429656980603e+03 3.872521519660949707e-01
6.738538206815717786e+03 3.872573375701904297e-01
6.741003983974454968e+03 3.872624933719635010e-01
6.743469761133192151e+03 3.872675299644470215e-01
6.745935538291929333e+03 3.872725963592529297e-01
6.748401315450666516e+03 3.872775435447692871e-01
6.750867092609403699e+03 3.872825503349304199e-01
6.753332869768140881e+03 3.872874379158020020e-01
6.755798646926878064e+03 3.872923254966735840e-01
6.758264424085615246e+03 3.872971236705780029e-01
6.760730201244352429e+03 3.873019218444824219e-01
6.763195978403089612e+03 3.873066604137420654e-01
6.765661755561826794e+03 3.873113691806793213e-01
6.768127532720563977e+03 3.873160183429718018e-01
6.770593309879301160e+03 3.873206675052642822e-01
6.773059087038038342e+03 3.873252272605895996e-01
6.775524864196775525e+03 3.873297870159149170e-01
6.777990641355512707e+03 3.873342573642730713e-01
6.780456418514249890e+03 3.873386979103088379e-01
6.782922195672987073e+03 3.873430788516998291e-01
6.785387972831724255e+03 3.873474299907684326e-01
6.787853749990461438e+03 3.873518407344818115e-01
6.790319527149198620e+03 3.873561322689056396e-01
6.792785304307935803e+03 3.873603641986846924e-01
6.795251081466672986e+03 3.873645663261413574e-01
6.797716858625410168e+03 3.873687386512756348e-01
6.800182635784147351e+03 3.873728513717651367e-01
6.802648412942884534e+03 3.873769342899322510e-01
6.805114190101621716e+03 3.873810172080993652e-01
6.807579967260358899e+03 3.873850107192993164e-01
6.810045744419096081e+03 3.873889744281768799e-01
6.812511521577833264e+03 3.873929381370544434e-01
6.814977298736570447e+03 3.873968422412872314e-01
6.817443075895307629e+03 3.874006867408752441e-01
6.819908853054044812e+03 3.874045014381408691e-01
6.822374630212781994e+03 3.874082863330841064e-01
6.824840407371519177e+03 3.874120116233825684e-01
6.827306184530256360e+03 3.874157667160034180e-01
6.829771961688993542e+03 3.874193727970123291e-01
6.832237738847730725e+03 3.874230086803436279e-01
6.834703516006467908e+03 3.874265849590301514e-01
6.837169293165205090e+03 3.874301910400390625e-01
6.839635070323942273e+03 3.874336779117584229e-01
6.842100847482679455e+03 3.874371647834777832e-01
6.844566624641416638e+03 3.874405920505523682e-01
6.847032401800153821e+03 3.874440193176269531e-01
6.849498178958891003e+03 3.874473869800567627e-01
6.851963956117628186e+03 3.874507546424865723e-01
6.854429733276365369e+03 3.874540627002716064e-01
6.856895510435102551e+03 3.874573111534118652e-01
6.859361287593839734e+03 3.874605596065521240e-01
6.861827064752576916e+03 3.874637186527252197e-01
6.864292841911314099e+03 3.874668478965759277e-01
6.866758619070051282e+03 3.874699771404266357e-01
6.869224396228788464e+03 3.874730467796325684e-01
6.871690173387525647e+03 3.874761164188385010e-01
6.874155950546262829e+03 3.874791264533996582e-01
6.876621727705000012e+03 3.874821066856384277e-01
6.879087504863737195e+03 3.874850273132324219e-01
6.881553282022474377e+03 3.874879479408264160e-01
6.884019059181211560e+03 3.874908685684204102e-01
6.886484836339948743e+03 3.874936699867248535e-01
6.888950613498685925e+03 3.874964714050292969e-01
6.891416390657423108e+03 3.874992728233337402e-01
6.893882167816160290e+03 3.875020146369934082e-01
6.896347944974897473e+03 3.875046968460083008e-01
6.898813722133634656e+03 3.875073492527008057e-01
6.901279499292371838e+03 3.875100314617156982e-01
6.903745276451109021e+03 3.875126540660858154e-01
6.906211053609846203e+03 3.875151872634887695e-01
6.908676830768583386e+03 3.875177800655364990e-01
6.911142607927320569e+03 3.875202536582946777e-01
6.913608385086057751e+03 3.875227272510528564e-01
6.916074162244794934e+03 3.875252008438110352e-01
6.918539939403532117e+03 3.875275850296020508e-01
6.921005716562269299e+03 3.875299990177154541e-01
6.923471493721006482e+03 3.875322937965393066e-01
6.925937270879743664e+03 3.875346183776855469e-01
6.928403048038480847e+03 3.875369131565093994e-01
6.930868825197218030e+03 3.875391781330108643e-01
6.933334602355955212e+03 3.875414133071899414e-01
6.935800379514692395e+03 3.875435590744018555e-01
6.938266156673429577e+03 3.875457644462585449e-01
6.940731933832166760e+03 3.875479400157928467e-01
6.943197710990903943e+03 3.875499665737152100e-01
6.945663488149641125e+03 3.875520527362823486e-01
6.948129265308378308e+03 3.875540792942047119e-01
6.950595042467115491e+03 3.875561356544494629e-01
6.953060819625852673e+03 3.875581026077270508e-01
6.955526596784589856e+03 3.875600695610046387e-01
6.957992373943327038e+03 3.875619471073150635e-01
6.960458151102064221e+03 3.875638544559478760e-01
6.962923928260801404e+03 3.875657320022583008e-01
6.965389705419538586e+03 3.875675499439239502e-01
6.967855482578275769e+03 3.875693678855895996e-01
6.970321259737012952e+03 3.875711262226104736e-01
6.972787036895750134e+03 3.875728845596313477e-01
6.975252814054487317e+03 3.875745832920074463e-01
6.977718591213224499e+03 3.875762522220611572e-01
6.980184368371961682e+03 3.875779509544372559e-01
6.982650145530698865e+03 3.875795900821685791e-01
6.985115922689436047e+03 3.875811696052551270e-01
6.987581699848173230e+03 3.875828087329864502e-01
6.990047477006910412e+03 3.875843286514282227e-01
6.992513254165647595e+03 3.875858485698699951e-01
6.994979031324384778e+03 3.875873386859893799e-01
6.997444808483121960e+03 3.875887989997863770e-01
6.999910585641859143e+03 3.875902891159057617e-01
7.002376362800596326e+03 3.875916600227355957e-01
7.004842139959333508e+03 3.875930607318878174e-01
7.007307917118070691e+03 3.875944316387176514e-01
7.009773694276807873e+03 3.875957727432250977e-01
7.012239471435545056e+03 3.875971138477325439e-01
7.014705248594282239e+03 3.875983655452728271e-01
7.017171025753019421e+03 3.875996172428131104e-01
7.019636802911756604e+03 3.876008391380310059e-01
7.022102580070493786e+03 3.876021206378936768e-01
7.024568357229230969e+03 3.876032531261444092e-01
7.027034134387968152e+03 3.876043856143951416e-01
7.029499911546705334e+03 3.876055777072906494e-01
7.031965688705442517e+03 3.876066505908966064e-01
7.034431465864179700e+03 3.876077532768249512e-01
7.036897243022916882e+03 3.876088261604309082e-01
7.039363020181654065e+03 3.876098692417144775e-01
7.041828797340391247e+03 3.876108527183532715e-01
7.044294574499128430e+03 3.876118659973144531e-01
7.046760351657865613e+03 3.876128792762756348e-01
7.049226128816602795e+03 3.876137435436248779e-01
7.051691905975339978e+03 3.876146674156188965e-01
7.054157683134077161e+03 3.876155912876129150e-01
7.056623460292814343e+03 3.876164555549621582e-01
7.059089237451551526e+03 3.876172900199890137e-01
7.061555014610288708e+03 3.876180946826934814e-01
7.064020791769025891e+03 3.876188993453979492e-01
7.066486568927763074e+03 3.876197040081024170e-01
7.068952346086500256e+03 3.876204490661621094e-01
7.071418123245237439e+03 3.876211941242218018e-01
7.073883900403974621e+03 3.876219093799591064e-01
7.076349677562711804e+03 3.876225948333740234e-01
7.078815454721448987e+03 3.876232504844665527e-01
7.081281231880186169e+03 3.876239061355590820e-01
7.083747009038923352e+03 3.876245319843292236e-01
7.086212786197660535e+03 3.876251280307769775e-01
7.088678563356397717e+03 3.876257240772247314e-01
7.091144340515134900e+03 3.876262903213500977e-01
7.093610117673872082e+03 3.876268267631530762e-01
7.096075894832609265e+03 3.876273632049560547e-01
7.098541671991346448e+03 3.876278698444366455e-01
7.101007449150083630e+03 3.876283168792724609e-01
7.103473226308820813e+03 3.876287639141082764e-01
7.105939003467557995e+03 3.876292407512664795e-01
7.108404780626295178e+03 3.876296579837799072e-01
7.110870557785032361e+03 3.876300752162933350e-01
7.113336334943769543e+03 3.876304924488067627e-01
7.115802112102506726e+03 3.876307904720306396e-01
7.118267889261243909e+03 3.876311480998992920e-01
7.120733666419981091e+03 3.876314759254455566e-01
7.123199443578718274e+03 3.876317441463470459e-01
7.125665220737455456e+03 3.876320421695709229e-01
7.128130997896192639e+03 3.876323103904724121e-01
7.130596775054929822e+03 3.876325488090515137e-01
7.133062552213667004e+03 3.876327574253082275e-01
7.135528329372404187e+03 3.876329660415649414e-01
7.137994106531141369e+03 3.876330852508544922e-01
7.140459883689878552e+03 3.876332342624664307e-01
7.142925660848615735e+03 3.876333832740783691e-01
7.145391438007352917e+03 3.876334428787231445e-01
7.147857215166090100e+03 3.876335024833679199e-01
7.150322992324827283e+03 3.876335918903350830e-01
7.152788769483564465e+03 3.876335322856903076e-01
7.155254546642301648e+03 3.876335918903350830e-01
7.157720323801038830e+03 3.876335024833679199e-01
7.160186100959776013e+03 3.876334726810455322e-01
7.162651878118513196e+03 3.876333832740783691e-01
7.165117655277250378e+03 3.876332640647888184e-01
7.167583432435987561e+03 3.876331150531768799e-01
7.170049209594724744e+03 3.876329660415649414e-01
7.172514986753461926e+03 3.876327574253082275e-01
7.174980763912199109e+03 3.876325190067291260e-01
7.177446541070936291e+03 3.876322805881500244e-01
7.179912318229673474e+03 3.876319825649261475e-01
7.182378095388410657e+03 3.876316845417022705e-01
7.184843872547147839e+03 3.876313269138336182e-01
7.187309649705885022e+03 3.876309394836425781e-01
7.189775426864622204e+03 3.876305222511291504e-01
7.192241204023359387e+03 3.876300752162933350e-01
7.194706981182096570e+03 3.876296281814575195e-01
7.197172758340833752e+03 3.876291215419769287e-01
7.199638535499570935e+03 3.876286149024963379e-01
7.202104312658308118e+03 3.876280188560485840e-01
7.204570089817045300e+03 3.876274526119232178e-01
7.207035866975782483e+03 3.876267969608306885e-01
7.209501644134519665e+03 3.876261413097381592e-01
7.211967421293256848e+03 3.876254558563232422e-01
7.214433198451994031e+03 3.876246809959411621e-01
7.216898975610731213e+03 3.876239359378814697e-01
7.219364752769468396e+03 3.876231610774993896e-01
7.221830529928205578e+03 3.876222968101501465e-01
7.224296307086942761e+03 3.876214027404785156e-01
7.226762084245679944e+03 3.876205086708068848e-01
7.229227861404417126e+03 3.876195549964904785e-01
7.231693638563154309e+03 3.876185417175292969e-01
7.234159415721891492e+03 3.876175284385681152e-01
7.236625192880628674e+03 3.876164853572845459e-01
7.239090970039365857e+03 3.876154124736785889e-01
7.241556747198103039e+03 3.876142501831054688e-01
7.244022524356840222e+03 3.876130580902099609e-01
7.246488301515577405e+03 3.876118361949920654e-01
7.248954078674314587e+03 3.876106142997741699e-01
7.251419855833051770e+03 3.876093327999114990e-01
7.253885632991788952e+03 3.876079916954040527e-01
7.256351410150526135e+03 3.876065611839294434e-01
7.258817187309263318e+03 3.876051902770996094e-01
7.261282964468000500e+03 3.876037597656250000e-01
7.263748741626737683e+03 3.876022398471832275e-01
7.266214518785474866e+03 3.876006901264190674e-01
7.268680295944212048e+03 3.875991106033325195e-01
7.271146073102949231e+03 3.875975310802459717e-01
7.273611850261686413e+03 3.875958025455474854e-01
7.276077627420423596e+03 3.875941038131713867e-01
7.278543404579160779e+03 3.875923752784729004e-01
7.281009181737897961e+03 3.875905871391296387e-01
7.283474958896635144e+03 3.875887691974639893e-01
7.285940736055372327e+03 3.875868618488311768e-01
7.288406513214109509e+03 3.875849545001983643e-01
7.290872290372846692e+03 3.875829577445983887e-01
7.293338067531583874e+03 3.875809311866760254e-01
7.295803844690321057e+03 3.875788748264312744e-01
7.298269621849058240e+03 3.875767886638641357e-01
7.300735399007795422e+03 3.875746130943298340e-01
7.303201176166532605e+03 3.875724077224731445e-01
7.305666953325269787e+03 3.875701725482940674e-01
7.308132730484006970e+03 3.875679075717926025e-01
7.310598507642744153e+03 3.875655233860015869e-01
7.313064284801481335e+03 3.875631690025329590e-01
7.315530061960218518e+03 3.875606358051300049e-01
7.317995839118955701e+03 3.875581622123718262e-01
7.320461616277692883e+03 3.875555992126464844e-01
7.322927393436430066e+03 3.875530660152435303e-01
7.325393170595167248e+03 3.875503838062286377e-01
7.327858947753904431e+03 3.875476717948913574e-01
7.330324724912641614e+03 3.875449597835540771e-01
7.332790502071378796e+03 3.875421583652496338e-01
7.335256279230115979e+03 3.875392973423004150e-01
7.337722056388853161e+03 3.875363767147064209e-01
7.340187833547590344e+03 3.875334560871124268e-01
7.342653610706327527e+03 3.875304460525512695e-01
7.345119387865064709e+03 3.875274062156677246e-01
7.347585165023801892e+03 3.875242769718170166e-01
7.350050942182539075e+03 3.875211179256439209e-01
7.352516719341276257e+03 3.875178396701812744e-01
7.354982496500013440e+03 3.875146508216857910e-01
7.357448273658750622e+03 3.875112831592559814e-01
7.359914050817487805e+03 3.875078558921813965e-01
7.362379827976224988e+03 3.875044584274291992e-01
7.364845605134962170e+03 3.875009417533874512e-01
7.367311382293699353e+03 3.874973952770233154e-01
7.369777159452436536e+03 3.874937593936920166e-01
7.372242936611173718e+03 3.874901235103607178e-01
7.374708713769910901e+03 3.874863684177398682e-01
7.377174490928648083e+03 3.874826729297637939e-01
7.379640268087385266e+03 3.874787688255310059e-01
7.382106045246122449e+03 3.874749243259429932e-01
7.384571822404859631e+03 3.874709308147430420e-01
7.387037599563596814e+03 3.874669075012207031e-01
7.389503376722333996e+03 3.874628841876983643e-01
7.391969153881071179e+03 3.874587118625640869e-01
7.394434931039808362e+03 3.874545097351074219e-01
7.396900708198545544e+03 3.874502778053283691e-01
7.399366485357282727e+03 3.874459862709045410e-01
7.401832262516019910e+03 3.874415457248687744e-01
7.404298039674757092e+03 3.874371647834777832e-01
7.406763816833494275e+03 3.874326348304748535e-01
7.409229593992231457e+03 3.874281346797943115e-01
7.411695371150968640e+03 3.874234557151794434e-01
7.414161148309705823e+03 3.874187767505645752e-01
7.416626925468443005e+03 3.874140083789825439e-01
7.419092702627180188e+03 3.874092102050781250e-01
7.421558479785917370e+03 3.874043226242065430e-01
7.424024256944654553e+03 3.873994052410125732e-01
7.426490034103391736e+03 3.873943984508514404e-01
7.428955811262128918e+03 3.873893320560455322e-01
7.431421588420866101e+03 3.873841762542724609e-01
7.433887365579603284e+03 3.873789608478546143e-01
7.436353142738340466e+03 3.873736858367919922e-01
7.438818919897077649e+03 3.873683512210845947e-01
7.441284697055814831e+03 3.873629570007324219e-01
7.443750474214552014e+03 3.873574733734130859e-01
7.446216251373289197e+03 3.873519897460937500e-01
7.448682028532026379e+03 3.873463273048400879e-01
7.451147805690763562e+03 3.873406648635864258e-01
7.453613582849500744e+03 3.873349428176879883e-01
7.456079360008237927e+03 3.873291015625000000e-01
7.458545137166975110e+03 3.873232603073120117e-01
7.461010914325712292e+03 3.873172998428344727e-01
7.463476691484449475e+03 3.873112797737121582e-01
7.465942468643186658e+03 3.873051702976226807e-01
7.468408245801923840e+03 3.872990310192108154e-01
7.470874022960661023e+03 3.872928023338317871e-01
7.473339800119398205e+03 3.872864842414855957e-01
7.475805577278135388e+03 3.872801065444946289e-01
7.478271354436872571e+03 3.872736692428588867e-01
7.480737131595609753e+03 3.872671425342559814e-01
7.483202908754346936e+03 3.872605562210083008e-01
7.485668685913084119e+03 3.872539103031158447e-01
7.488134463071821301e+03 3.872471451759338379e-01
7.490600240230558484e+03 3.872403204441070557e-01
7.493066017389295666e+03 3.872334063053131104e-01
7.495531794548032849e+03 3.872264921665191650e-01
7.497997571706770032e+03 3.872194588184356689e-01
7.500463348865507214e+03 3.872123360633850098e-01
7.502929126024244397e+03 3.872051537036895752e-01
7.505394903182981579e+03 3.871978819370269775e-01
7.507860680341718762e+03 3.871905505657196045e-01
7.510326457500455945e+03 3.871831297874450684e-01
7.512792234659193127e+03 3.871756196022033691e-01
7.515258011817930310e+03 3.871680498123168945e-01
7.517723788976667493e+03 3.871604502201080322e-01
7.520189566135404675e+03 3.871527016162872314e-01
7.522655343294141858e+03 3.871448934078216553e-01
7.525121120452879040e+03 3.871369957923889160e-01
7.527586897611616223e+03 3.871290385723114014e-01
7.530052674770353406e+03 3.871209919452667236e-01
7.532518451929090588e+03 3.871128857135772705e-01
7.534984229087827771e+03 3.871046602725982666e-01
7.537450006246564953e+03 3.870964050292968750e-01
7.539915783405302136e+03 3.870880305767059326e-01
7.542381560564039319e+03 3.870795369148254395e-01
7.544847337722776501e+03 3.870710432529449463e-01
7.547313114881513684e+03 3.870623707771301270e-01
7.549778892040250867e+03 3.870536983013153076e-01
7.552244669198988049e+03 3.870448470115661621e-01
7.554710446357725232e+03 3.870359659194946289e-01
7.557176223516462414e+03 3.870269954204559326e-01
7.559642000675199597e+03 3.870178759098052979e-01
7.562107777833936780e+03 3.870087862014770508e-01
7.564573554992673962e+03 3.869994580745697021e-01
7.567039332151411145e+03 3.869901597499847412e-01
7.569505109310148327e+03 3.869806826114654541e-01
7.571970886468885510e+03 3.869711160659790039e-01
7.574436663627622693e+03 3.869615197181701660e-01
7.576902440786359875e+03 3.869517445564270020e-01
7.579368217945097058e+03 3.869419395923614502e-01
7.581833995103834241e+03 3.869319856166839600e-01
7.584299772262571423e+03 3.869219422340393066e-01
7.586765549421308606e+03 3.869118392467498779e-01
7.589231326580045788e+03 3.869015276432037354e-01
7.591697103738782971e+03 3.868912160396575928e-01
7.594162880897520154e+03 3.868807256221771240e-01
7.596628658056257336e+03 3.868701756000518799e-01
7.599094435214994519e+03 3.868594765663146973e-01
7.601560212373731702e+03 3.868487179279327393e-01
7.604025989532468884e+03 3.868378400802612305e-01
7.606491766691206067e+03 3.868268132209777832e-01
7.608957543849943249e+03 3.868156969547271729e-01
7.611423321008680432e+03 3.868044912815093994e-01
7.613889098167417615e+03 3.867931663990020752e-01
7.616354875326154797e+03 3.867816329002380371e-01
7.618820652484891980e+03 3.867701292037963867e-01
7.621286429643629162e+03 3.867584764957427979e-01
7.623752206802366345e+03 3.867466151714324951e-01
7.626217983961103528e+03 3.867347538471221924e-01
7.628683761119840710e+03 3.867227137088775635e-01
7.631149538278577893e+03 3.867104947566986084e-01
7.633615315437315076e+03 3.866982161998748779e-01
7.636081092596052258e+03 3.866858184337615967e-01
7.638546869754789441e+03 3.866733014583587646e-01
7.641012646913526623e+03 3.866606950759887695e-01
7.643478424072263806e+03 3.866479098796844482e-01
7.645944201231000989e+03 3.866350054740905762e-01
7.648409978389738171e+03 3.866219520568847656e-01
7.650875755548475354e+03 3.866088092327117920e-01
7.653341532707212536e+03 3.865954875946044922e-01
7.655807309865949719e+03 3.865820467472076416e-01
7.658273087024686902e+03 3.865685462951660156e-01
7.660738864183424084e+03 3.865548670291900635e-01
7.663204641342161267e+03 3.865410089492797852e-01
7.665670418500898450e+03 3.865270912647247314e-01
7.668136195659635632e+03 3.865129649639129639e-01
7.670601972818372815e+03 3.864987790584564209e-01
7.673067749977109997e+03 3.864844143390655518e-01
7.675533527135847180e+03 3.864699006080627441e-01
7.677999304294584363e+03 3.864552676677703857e-01
7.680465081453321545e+03 3.864404857158660889e-01
7.682930858612058728e+03 3.864256143569946289e-01
7.685396635770795911e+03 3.864105045795440674e-01
7.687862412929533093e+03 3.863953351974487305e-01
7.690328190088270276e+03 3.863799571990966797e-01
7.692793967247007458e+03 3.863644599914550781e-01
7.695259744405744641e+03 3.863488435745239258e-01
7.697725521564481824e+03 3.863330483436584473e-01
7.700191298723219006e+03 3.863171041011810303e-01
7.702657075881956189e+03 3.863009810447692871e-01
7.705122853040693371e+03 3.862847685813903809e-01
7.707588630199430554e+03 3.862683773040771484e-01
7.710054407358167737e+03 3.862518370151519775e-01
7.712520184516904919e+03 3.862351477146148682e-01
7.714985961675642102e+03 3.862182796001434326e-01
7.717451738834379285e+03 3.862013220787048340e-01
7.719917515993116467e+03 3.861841559410095215e-01
7.722383293151853650e+03 3.861668407917022705e-01
7.724849070310590832e+03 3.861493468284606934e-01
7.727314847469328015e+03 3.861317038536071777e-01
7.729780624628065198e+03 3.861139118671417236e-01
7.732246401786802380e+03 3.860959410667419434e-01
7.734712178945539563e+03 3.860778808593750000e-01
7.737177956104276745e+03 3.860595524311065674e-01
7.739643733263013928e+03 3.860411047935485840e-01
7.742109510421751111e+03 3.860225677490234375e-01
7.744575287580488293e+03 3.860037624835968018e-01
7.747041064739225476e+03 3.859848082065582275e-01
7.749506841897961749e+03 3.859656453132629395e-01
7.751972619056698932e+03 3.859463334083557129e-01
7.754438396215436114e+03 3.859269618988037109e-01
7.756904173374173297e+03 3.859072923660278320e-01
7.759369950532910480e+03 3.858874738216400146e-01
7.761835727691647662e+03 3.858675360679626465e-01
7.764301504850384845e+03 3.858474195003509521e-01
7.766767282009122027e+03 3.858270645141601562e-01
7.769233059167859210e+03 3.858065605163574219e-01
7.771698836326596393e+03 3.857859075069427490e-01
7.774164613485333575e+03 3.857650160789489746e-01
7.776630390644070758e+03 3.857440054416656494e-01
7.779096167802807940e+03 3.857227861881256104e-01
7.781561944961545123e+03 3.857013583183288574e-01
7.784027722120282306e+03 3.856798112392425537e-01
7.786493499279019488e+03 3.856580555438995361e-01
7.788959276437756671e+03 3.856361210346221924e-01
7.791425053596493854e+03 3.856139779090881348e-01
7.793890830755231036e+03 3.855916559696197510e-01
7.796356607913968219e+03 3.855691552162170410e-01
7.798822385072705401e+03 3.855464458465576172e-01
7.801288162231442584e+03 3.855235874652862549e-01
7.803753939390179767e+03 3.855005502700805664e-01
7.806219716548916949e+03 3.854772448539733887e-01
7.808685493707654132e+03 3.854537606239318848e-01
7.811151270866391314e+03 3.854301273822784424e-01
7.813617048025128497e+03 3.854063451290130615e-01
7.816082825183865680e+03 3.853822350502014160e-01
7.818548602342602862e+03 3.853580057621002197e-01
7.821014379501340045e+03 3.853336274623870850e-01
7.823480156660077228e+03 3.853089511394500732e-01
7.825945933818814410e+03 3.852840960025787354e-01
7.828411710977551593e+03 3.852590918540954590e-01
7.830877488136288775e+03 3.852339088916778564e-01
7.833343265295025958e+03 3.852084279060363770e-01
7.835809042453763141e+03 3.851827979087829590e-01
7.838274819612500323e+03 3.851569592952728271e-01
7.840740596771237506e+03 3.851309120655059814e-01
7.843206373929974689e+03 3.851046264171600342e-01
7.845672151088711871e+03 3.850781619548797607e-01
7.848137928247449054e+03 3.850514888763427734e-01
7.850603705406186236e+03 3.850246369838714600e-01
7.853069482564923419e+03 3.849975466728210449e-01
7.855535259723660602e+03 3.849702477455139160e-01
7.858001036882397784e+03 3.849427402019500732e-01
7.860466814041134967e+03 3.849149942398071289e-01
7.862932591199872149e+03 3.848870694637298584e-01
7.865398368358609332e+03 3.848588764667510986e-01
7.867864145517346515e+03 3.848305344581604004e-01
7.870329922676083697e+03 3.848019242286682129e-01
7.872795699834820880e+03 3.847731053829193115e-01
7.875261476993558063e+03 3.847441077232360840e-01
7.877727254152295245e+03 3.847148418426513672e-01
7.880193031311032428e+03 3.846853971481323242e-01
7.882658808469769610e+03 3.846556842327117920e-01
7.885124585628506793e+03 3.846257627010345459e-01
7.887590362787243976e+03 3.845956325531005859e-01
7.890056139945981158e+03 3.845652639865875244e-01
7.892521917104718341e+03 3.845346868038177490e-01
7.894987694263455523e+03 3.845038414001464844e-01
7.897453471422192706e+03 3.844727873802185059e-01
7.899919248580929889e+03 3.844415247440338135e-01
7.902385025739667071e+03 3.844100236892700195e-01
7.904850802898404254e+03 3.843782842159271240e-01
7.907316580057141437e+03 3.843463063240051270e-01
7.909782357215878619e+03 3.843141198158264160e-01
7.912248134374615802e+03 3.842816948890686035e-01
7.914713911533352984e+03 3.842490017414093018e-01
7.917179688692090167e+03 3.842160701751708984e-01
7.919645465850827350e+03 3.841829299926757812e-01
7.922111243009564532e+03 3.841495513916015625e-01
7.924577020168301715e+03 3.841159045696258545e-01
7.927042797327038897e+03 3.840820491313934326e-01
7.929508574485776080e+03 3.840479254722595215e-01
7.931974351644513263e+03 3.840135931968688965e-01
7.934440128803250445e+03 3.839789927005767822e-01
7.936905905961987628e+03 3.839441537857055664e-01
7.939371683120724811e+03 3.839091062545776367e-01
7.941837460279461993e+03 3.838737308979034424e-01
7.944303237438199176e+03 3.838381767272949219e-01
7.946769014596936358e+03 3.838023543357849121e-01
