3.201598804817544988e+03 7.027383856143019526e-15
3.202737581253932149e+03 6.784212433899896593e-15
3.203876550709045659e+03 6.680458392736997860e-15
3.205015713023571607e+03 6.631335698304814609e-15
3.206155068038195168e+03 6.611478685535107368e-15
3.207294615593602430e+03 6.600623444706350205e-15
3.208434355530478115e+03 6.435884066446189535e-15
3.209574287689506946e+03 6.366199099123150488e-15
3.210714411911375919e+03 6.332632947831860745e-15
3.211854728036769757e+03 6.351741362723860873e-15
3.212995235906374091e+03 6.123575281075626895e-15
3.214135935360874555e+03 6.265880823811387593e-15
3.215276826240955870e+03 6.058381294825508908e-15
3.216417908387304124e+03 5.853733265610259610e-15
3.217559181640604947e+03 5.809687630879271835e-15
3.218700645841543064e+03 5.754597276002902304e-15
3.219842300830805016e+03 5.647470530686170291e-15
3.220984146449074160e+03 5.528463039302071241e-15
3.222126182537037948e+03 5.507290618742673540e-15
3.223268408935381103e+03 5.451826333388781529e-15
3.224410825484788802e+03 5.367762874872427538e-15
3.225553432025947131e+03 5.352973909964780491e-15
3.226696228399541269e+03 5.251441291894380594e-15
3.227839214446256392e+03 5.113228495017666478e-15
3.228982390006778132e+03 5.082787959247326784e-15
3.230125754921792122e+03 5.051026215475475111e-15
3.231269309031983994e+03 4.931366698045002408e-15
3.232413052178038924e+03 4.910553711515852448e-15
3.233556984200642091e+03 4.814455849653324522e-15
3.234701104940479127e+03 4.739974266073081581e-15
3.235845414238235662e+03 4.713861448305744677e-15
3.236989911934596876e+03 4.655276762873503133e-15
3.238134597870247944e+03 4.546421377914351139e-15
3.239279471885874955e+03 4.477384535306370862e-15
3.240424533822163085e+03 4.470236252739512493e-15
3.241569783519797511e+03 4.376877852422336082e-15
3.242715220819464321e+03 4.359186010656480252e-15
3.243860845561848691e+03 4.337616555524944626e-15
3.245006657587635345e+03 4.294484967559559603e-15
3.246152656737511734e+03 4.192400512243775170e-15
3.247298842852160760e+03 4.105816225058969735e-15
3.248445215772269421e+03 4.080103657923363413e-15
3.249591775338522893e+03 4.091505807189085919e-15
3.250738521391606810e+03 3.953542237192789102e-15
3.251885453772205437e+03 3.925431837465718110e-15
3.253032572321005318e+03 3.860143939366649343e-15
3.254179876878692085e+03 3.791607389216127626e-15
3.255327367285950459e+03 3.763013688247930966e-15
3.256475043383466527e+03 3.809309089281147081e-15
3.257622905011925013e+03 3.758133910043362380e-15
3.258770952012012003e+03 3.656915709813478822e-15
3.259919184224413129e+03 3.741336231198886405e-15
3.261067601489813114e+03 3.630131906271355977e-15
3.262216203648898500e+03 3.585615641521017770e-15
3.263364990542352643e+03 3.549318326153090767e-15
3.264513962010862997e+03 3.586599646364571207e-15
3.265663117895114283e+03 3.498402333415167183e-15
3.266812458035791224e+03 3.408614877710658889e-15
3.267961982273580816e+03 3.402362392264569880e-15
3.269111690449167327e+03 3.373671481261746318e-15
3.270261582403236844e+03 3.338155661688491475e-15
3.271411657976474544e+03 3.297129009025559740e-15
3.272561917009566059e+03 3.237706556811862962e-15
3.273712359343196567e+03 3.217030471426584392e-15
3.274862984818051245e+03 3.182405269957334892e-15
3.276013793274816635e+03 3.144925524357774950e-15
3.277164784554176549e+03 3.112457374580936353e-15
3.278315958496818439e+03 3.048468413048051157e-15
3.279467314943425663e+03 3.043204111472540893e-15
3.280618853734685217e+03 3.031330754236327578e-15
3.281770574711281824e+03 2.976772055173401169e-15
3.282922477713901117e+03 2.933242611844162180e-15
3.284074562583228271e+03 2.935649827761850858e-15
3.285226829159948920e+03 2.881411327581774282e-15
3.286379277284749151e+03 2.898769677619797625e-15
3.287531906798313685e+03 2.875028594487929832e-15
3.288684717541327700e+03 2.820754159593877024e-15
3.289837709354477738e+03 2.735730867465062756e-15
3.290990882078448521e+03 2.790629177757149622e-15
3.292144235553925228e+03 2.748291946253306293e-15
3.293297769621593488e+03 2.733510441896990817e-15
3.294451484122139391e+03 2.775967003021230544e-15
3.295605378896247203e+03 2.797029437969850798e-15
3.296759453784603011e+03 2.738781087465010178e-15
3.297913708627892902e+03 2.714001533193459266e-15
3.299068143266801599e+03 2.741160007854604172e-15
3.300222757542014278e+03 2.679725994653554962e-15
3.301377551294217028e+03 2.582538840799842406e-15
3.302532524364095025e+03 2.577233487296955915e-15
3.303687676592333446e+03 2.520678609732338729e-15
3.304843007819619288e+03 2.526367557004963863e-15
3.305998517886635909e+03 2.493685188606172097e-15
3.307154206634069851e+03 2.468252264961280153e-15
3.308310073902605382e+03 2.448801320257297271e-15
3.309466119532929497e+03 2.419845940732056222e-15
3.310622343365726920e+03 2.404573821107669618e-15
3.311778745241683282e+03 2.380729375075021508e-15
3.312935325001483761e+03 2.381505098526960439e-15
3.314092082485813989e+03 2.355495075879551328e-15
3.315249017535359599e+03 2.325718914967876057e-15
3.316406129990805312e+03 2.289607706504319253e-15
3.317563419692837215e+03 2.306329220524974202e-15
3.318720886482141395e+03 2.286632124664493370e-15
3.319878530199402121e+03 2.280546656178217564e-15
3.321036350685305479e+03 2.228615111609243909e-15
3.322194347780536646e+03 2.229997212469940117e-15
3.323352521325780799e+03 2.199808003062763222e-15
3.324510871161723571e+03 2.185170694052139288e-15
3.325669397129051049e+03 2.151183208288218965e-15
3.326828099068447955e+03 2.166607663299698221e-15
3.327986976820599921e+03 2.145192481859249310e-15
3.329146030226192124e+03 2.129567522279916153e-15
3.330305259125910652e+03 2.097021030759950451e-15
3.331464663360440682e+03 2.066177945259196378e-15
3.332624242770467845e+03 2.044025243415234720e-15
3.333783997196677774e+03 2.012340748256241645e-15
3.334943926479755191e+03 2.005017803865525316e-15
3.336104030460385275e+03 2.009839934243163640e-15
3.337264308979254110e+03 1.939223575315284167e-15
3.338424761877046876e+03 1.933413945916069927e-15
3.339585388994449659e+03 1.935757381859940548e-15
3.340746190172147180e+03 1.913329283652860262e-15
3.341907165250825074e+03 1.912466560140147373e-15
3.343068314071168970e+03 1.917613515519424055e-15
3.344229636473864502e+03 1.903220614947753425e-15
3.345391132299597302e+03 1.840215731905665224e-15
3.346552801389051638e+03 1.863282585737816975e-15
3.347714643582913595e+03 1.820720291903136477e-15
3.348876658721868807e+03 1.815635271855010086e-15
3.350038846646602906e+03 1.808545622872774024e-15
3.351201207197801068e+03 1.793238344159655497e-15
3.352363740216148472e+03 1.780468175279740185e-15
3.353526445542330748e+03 1.745444717327495405e-15
3.354689323017033530e+03 1.773584872935457756e-15
3.355852372480941995e+03 1.755160054934493875e-15
3.357015593774741774e+03 1.758368634396962049e-15
3.358178986739118045e+03 1.728774461303704538e-15
3.359342551214757350e+03 1.737592519232583134e-15
3.360506287042343502e+03 1.696468282637957225e-15
3.361670194062563041e+03 1.743445868760064400e-15
3.362834272116101147e+03 1.721253159049449763e-15
3.363998521043642995e+03 1.706506261141212608e-15
3.365162940685873764e+03 1.658136664518723820e-15
3.366327530883480904e+03 1.685806007579352310e-15
3.367492291477146864e+03 1.697568910111611483e-15
3.368657222307559095e+03 1.741683719725934983e-15
3.369822323215402776e+03 1.724792518595112396e-15
3.370987594041362172e+03 1.756158323310577684e-15
3.372153034626124736e+03 1.819215927652805069e-15
3.373318644810374280e+03 1.786545152814171641e-15
3.374484424434796892e+03 1.739029548494879683e-15
3.375650373340078204e+03 1.713993760754249420e-15
3.376816491366902937e+03 1.665785993885915732e-15
3.377982778355957180e+03 1.631852131808964445e-15
3.379149234147926109e+03 1.608239793291466627e-15
3.380315858583495810e+03 1.563041671968825980e-15
3.381482651503350553e+03 1.575872967507267543e-15
3.382649612748176878e+03 1.539277245864834660e-15
3.383816742158659054e+03 1.539242682471389446e-15
3.384984039575484076e+03 1.513594764892460843e-15
3.386151504839335757e+03 1.520722213122240253e-15
3.387319137790900641e+03 1.486224479751644204e-15
3.388486938270863902e+03 1.487472458322628334e-15
3.389654906119911175e+03 1.473392109363049330e-15
3.390823041178727635e+03 1.475457190778186662e-15
3.391991343287998461e+03 1.455732443788422895e-15
3.393159812288409739e+03 1.418929609705497157e-15
3.394328448020646647e+03 1.421629248173147757e-15
3.395497250325394361e+03 1.402938580603476358e-15
3.396666219043338515e+03 1.408320251682545381e-15
3.397835354015164739e+03 1.385228667873198727e-15
3.399004655081558212e+03 1.394373309527958464e-15
3.400174122083204566e+03 1.373563823493239857e-15
3.401343754860788977e+03 1.359215155981588017e-15
3.402513553254997532e+03 1.358496129878139719e-15
3.403683517106514955e+03 1.331019630585649694e-15
3.404853646256026877e+03 1.323190704617284311e-15
3.406023940544218931e+03 1.324320650419627925e-15
3.407194399811776748e+03 1.312609693095585152e-15
3.408365023899384596e+03 1.306041736750284247e-15
3.409535812647730381e+03 1.320160839626921434e-15
3.410706765897497007e+03 1.277757623625404463e-15
3.411877883489371015e+03 1.274127988797107643e-15
3.413049165264037583e+03 1.258307951329976201e-15
3.414220611062182343e+03 1.251265558517579221e-15
3.415392220724490926e+03 1.250975512548617385e-15
3.416563994091648965e+03 1.244203852082349702e-15
3.417735931004341637e+03 1.226294566925180941e-15
3.418908031303253665e+03 1.258122639197747331e-15
3.420080294829070681e+03 1.240203403806366770e-15
3.421252721422479226e+03 1.233440473922724739e-15
3.422425310924164023e+03 1.235860303326279609e-15
3.423598063174810704e+03 1.210885856417358810e-15
3.424770978015104447e+03 1.225067018681199052e-15
3.425944055285730883e+03 1.201914438905695928e-15
3.427117294827375190e+03 1.210256122212471220e-15
3.428290696480723000e+03 1.196144138059042049e-15
3.429464260086459944e+03 1.198817051069571301e-15
3.430637985485271201e+03 1.172341644133755128e-15
3.431811872517842858e+03 1.178106727647006128e-15
3.432985921024859636e+03 1.176305548866368610e-15
3.434160130847006712e+03 1.150103615714179081e-15
3.435334501824970175e+03 1.145897507675954043e-15
3.436509033799435656e+03 1.154351547198810175e-15
3.437683726611088332e+03 1.152561229375835219e-15
3.438858580100613381e+03 1.166100559094504091e-15
3.440033594108696434e+03 1.150859059961295625e-15
3.441208768476022669e+03 1.136994870008296719e-15
3.442384103043277719e+03 1.126928698433270365e-15
3.443559597651147669e+03 1.101031041801274811e-15
3.444735252140316788e+03 1.107254358478292442e-15
3.445911066351472073e+03 1.085656334814024507e-15
3.447087040125297335e+03 1.070955872202991410e-15
3.448263173302478663e+03 1.082552947975585377e-15
3.449439465723702597e+03 1.075025182072898791e-15
3.450615917229652496e+03 1.072361654899396601e-15
3.451792527661014901e+03 1.072681618017656258e-15
3.452969296858475900e+03 1.094894240344935499e-15
3.454146224662719760e+03 1.090504450752721469e-15
3.455323310914432568e+03 1.097643250664351271e-15
3.456500555454299501e+03 1.111113573947201393e-15
3.457677958123006192e+03 1.080184851452405780e-15
3.458855518761238272e+03 1.089066992712986048e-15
3.460033237209680919e+03 1.068557788461715275e-15
3.461211113309019765e+03 1.076940510766323750e-15
3.462389146899939988e+03 1.047368856896568646e-15
3.463567337823126763e+03 1.016449838486222277e-15
3.464745685919266634e+03 1.022914557680848589e-15
3.465924191029043868e+03 1.013725339160050547e-15
3.467102852993144552e+03 1.016362261375074488e-15
3.468281671652253863e+03 9.887539406064727378e-16
3.469460646847057887e+03 9.950743051556377498e-16
3.470639778418240894e+03 1.004563143716771920e-15
3.471819066206488969e+03 9.885326947011138359e-16
3.472998510052487745e+03 9.760207964880303830e-16
3.474178109796922399e+03 9.641026147792470869e-16
3.475357865280478563e+03 9.704189250979730689e-16
3.476537776343841870e+03 9.592520539273441971e-16
3.477717842827697496e+03 9.518186396544219295e-16
3.478898064572730163e+03 9.592714971645112938e-16
3.480078441419626870e+03 9.721491041149877906e-16
3.481258973209071883e+03 9.801457622820514732e-16
3.482439659781750834e+03 9.806239916534061304e-16
3.483620500978349810e+03 1.012414534701760277e-15
3.484801496639553079e+03 9.997048223866237011e-16
3.485982646606047183e+03 9.990583667081382732e-16
3.487163950718517299e+03 9.778774386777680438e-16
3.488345408817648604e+03 9.715853143828768078e-16
3.489527020744126730e+03 9.674726413389480493e-16
3.490708786338636855e+03 9.613800197648966233e-16
3.491890705441865521e+03 9.582161445467060504e-16
3.493072777894496539e+03 9.363619783177394592e-16
3.494255003537216453e+03 9.270908843644176103e-16
3.495437382210709529e+03 9.251727239000278412e-16
3.496619913755663674e+03 9.244230774652689979e-16
3.497802598012761337e+03 9.040837011731649620e-16
3.498985434822689967e+03 9.142806132240418084e-16
3.500168424026134289e+03 8.845348181683522635e-16
3.501351565463779934e+03 8.917552937973144753e-16
3.502534858976311625e+03 8.970000622089026051e-16
3.503718304404416358e+03 8.931703303636029676e-16
3.504901901588777946e+03 8.721246759550483644e-16
3.506085650370083385e+03 8.740901422695754492e-16
3.507269550589017399e+03 8.813374067550820125e-16
3.508453602086264254e+03 8.611049604502441605e-16
3.509637804702511403e+03 8.663119307011877102e-16
3.510822158278443112e+03 8.600667026997091045e-16
3.512006662654745469e+03 8.606346149294076987e-16
3.513191317672103196e+03 8.725840513214675749e-16
3.514376123171201471e+03 8.534451079029528987e-16
3.515561078992727289e+03 8.420644420543581854e-16
3.516746184977364919e+03 8.510975300329290422e-16
3.517931440965799538e+03 8.252720190265097780e-16
3.519116846798717688e+03 8.286386516598673140e-16
3.520302402316804091e+03 8.391781072777508706e-16
3.521488107360744834e+03 8.290453230954922493e-16
3.522673961771224185e+03 8.258878151401622365e-16
3.523859965388928686e+03 8.322855272924184292e-16
3.525046118054543058e+03 8.219665189878953620e-16
3.526232419608753844e+03 8.182878428729614299e-16
3.527418869892244857e+03 8.154027196852499224e-16
3.528605468745702638e+03 8.089222958992650645e-16
3.529792216009812364e+03 8.057031064161050074e-16
3.530979111525259668e+03 8.192243378808649400e-16
3.532166155132729727e+03 8.019652806321374707e-16
3.533353346672907719e+03 8.101745883514655683e-16
3.534540685986479730e+03 7.938829180195356684e-16
3.535728172914131846e+03 7.989730510268250248e-16
3.536915807296547882e+03 8.061458301407843136e-16
3.538103588974413924e+03 7.962550639012396699e-16
3.539291517788415604e+03 8.075911644561596483e-16
3.540479593579238554e+03 8.012402591790165131e-16
3.541667816187567496e+03 7.935316494955151653e-16
3.542856185454088518e+03 8.009763230136002406e-16
3.544044701219487251e+03 8.147071911429342126e-16
3.545233363324448419e+03 8.212279489248182912e-16
3.546422171609657653e+03 8.278610578918597650e-16
3.547611125915801040e+03 8.235035019579775481e-16
3.548800226083563302e+03 8.297197895428157010e-16
3.549989471953630073e+03 8.283540147751626189e-16
3.551178863366687438e+03 8.107748174869263846e-16
3.552368400163419665e+03 7.894233090177326983e-16
3.553558082184512841e+03 7.950438444330706105e-16
3.554747909270653054e+03 8.016559589410943877e-16
3.555937881262524115e+03 7.837278547646116057e-16
3.557127998000813022e+03 7.989485455344233471e-16
3.558318259326204497e+03 7.762916982995868777e-16
3.559508665079383718e+03 7.889845697938566620e-16
3.560699215101037225e+03 7.768045175926216340e-16
3.561889909231849288e+03 7.643029424753611893e-16
3.563080747312505991e+03 7.584475447052800636e-16
3.564271729183692514e+03 7.569716616074511665e-16
3.565462854686094943e+03 7.579131754087273178e-16
3.566654123660398454e+03 7.581424818320992552e-16
3.567845535947287317e+03 7.341529729330995910e-16
3.569037091387448072e+03 7.346934119258778699e-16
3.570228789821566806e+03 7.149667435190990862e-16
3.571420631090327333e+03 7.119054709137014888e-16
3.572612615034416194e+03 7.128687540358359716e-16
3.573804741494518566e+03 7.124061171396454617e-16
3.574997010311320082e+03 7.031717643667487351e-16
3.576189421325505464e+03 7.060518108109304471e-16
3.577381974377761253e+03 7.187816981670895815e-16
3.578574669308771718e+03 7.212332853578871488e-16
3.579767505959223399e+03 7.044658254033615898e-16
3.580960484169801930e+03 7.035463529282965763e-16
3.582153603781191578e+03 6.851073565478234760e-16
3.583346864634077974e+03 6.657570411038929370e-16
3.584540266569147207e+03 6.664691464448638454e-16
3.585733809427084907e+03 6.492691245606111387e-16
3.586927493048575343e+03 6.477000601868414514e-16
3.588121317274304602e+03 6.401062562086297141e-16
3.589315281944958315e+03 6.361057501957618214e-16
3.590509386901222115e+03 6.299450550968202651e-16
3.591703631983780724e+03 6.336610839377470496e-16
3.592898017033320230e+03 6.247914233288591923e-16
3.594092541890525808e+03 6.188783227267032578e-16
3.595287206396083093e+03 6.312929591723776337e-16
3.596482010390677715e+03 6.309166260548370158e-16
3.597676953714993942e+03 6.245262917242767749e-16
3.598872036209718772e+03 6.133764837121061413e-16
3.600067257715536925e+03 6.144137499951490715e-16
3.601262618073133126e+03 6.196122779078571695e-16
3.602458117123194370e+03 6.062542796065541038e-16
3.603653754706404925e+03 6.042002102027116128e-16
3.604849530663450878e+03 6.002293570226613612e-16
3.606045444835016951e+03 5.987876694156953017e-16
3.607241497061789232e+03 5.903772226558308416e-16
3.608437687184453353e+03 5.851708407616896243e-16
3.609634015043694490e+03 5.784851104520431848e-16
3.610830480480197821e+03 5.824414510133831327e-16
3.612027083334648523e+03 5.830090858471098505e-16
3.613223823447733139e+03 5.752960779460259163e-16
3.614420700660136390e+03 5.744175391273683015e-16
3.615617714812543454e+03 5.756784672649652025e-16
3.616814865745640418e+03 5.803581380828737110e-16
3.618012153300112004e+03 5.811811732960599464e-16
3.619209577316644754e+03 5.874010442748055428e-16
3.620407137635922481e+03 5.820463679195675297e-16
3.621604834098632637e+03 5.935597256235006468e-16
3.622802666545459033e+03 5.805862490842833766e-16
3.624000634817087757e+03 5.813997381506373765e-16
3.625198738754204896e+03 5.811195542802320150e-16
3.626396978197494263e+03 5.807648767097567183e-16
3.627595352987642855e+03 5.720221744792760493e-16
3.628793862965336302e+03 5.754882224432666363e-16
3.629992507971257965e+03 5.754707533942226702e-16
3.631191287846094838e+03 5.756945862343017225e-16
3.632390202430532554e+03 5.749046493975344870e-16
3.633589251565255381e+03 5.776952750088249500e-16
3.634788435090950315e+03 5.651749416807198974e-16
3.635987752848301625e+03 5.808402976178520063e-16
3.637187204677994941e+03 5.742321373889322049e-16
3.638386790420716352e+03 5.820264414544534816e-16
3.639586509917151034e+03 5.774381548074621355e-16
3.640786363007984164e+03 5.686993517391298220e-16
3.641986349533900466e+03 5.676964700374997648e-16
3.643186469335587390e+03 5.745634507917494004e-16
3.644386722253728749e+03 5.610986584697812544e-16
3.645587108129010630e+03 5.563860693128578493e-16
3.646787626802117757e+03 5.525245655786784025e-16
3.647988278113736214e+03 5.478734944489421298e-16
3.649189061904551636e+03 5.416690250135670883e-16
3.650389978015248744e+03 5.370620872137074019e-16
3.651591026286514079e+03 5.425350168079826632e-16
3.652792206559031911e+03 5.309911542931917373e-16
3.653993518673488779e+03 5.299397096620201791e-16
3.655194962470568953e+03 5.267246804423864442e-16
3.656396537790958519e+03 5.252977242917204392e-16
3.657598244475343108e+03 5.250600775823906862e-16
3.658800082364408809e+03 5.212761931248630904e-16
3.660002051298838978e+03 5.381228971747272342e-16
3.661204151119320613e+03 5.252024344723540049e-16
3.662406381666538891e+03 5.284295541517461232e-16
3.663608742781179444e+03 5.211362944943151137e-16
3.664811234303926994e+03 5.270147261191015446e-16
3.666013856075468084e+03 5.193746431037584892e-16
3.667216607936486980e+03 5.151257219755172796e-16
3.668419489727669770e+03 5.155796515257045709e-16
3.669622501289702541e+03 5.074143580678317430e-16
3.670825642463269560e+03 5.118604263668682847e-16
3.672028913089056914e+03 5.070163403865381668e-16
3.673232313007749781e+03 4.913624151393321828e-16
3.674435842060033792e+03 5.068882806435187591e-16
3.675639500086594126e+03 4.976680509484466923e-16
3.676843286928116413e+03 4.954125513787597820e-16
3.678047202425285832e+03 4.912608311841890498e-16
3.679251246418788469e+03 4.902195264700110313e-16
3.680455418749309047e+03 4.883263191290226790e-16
3.681659719257533652e+03 4.765299420734197038e-16
3.682864147784147463e+03 4.740336814817634501e-16
3.684068704169837019e+03 4.788462182825362834e-16
3.685273388255285226e+03 4.727539406470250170e-16
3.686478199881179080e+03 4.784067224682222334e-16
3.687683138888204212e+03 4.740971113767507979e-16
3.688888205117045800e+03 4.698030634591545793e-16
3.690093398408389476e+03 4.672806749292773862e-16
3.691298718602919962e+03 4.735878173573236276e-16
3.692504165541323800e+03 4.713914687561796265e-16
3.693709739064285259e+03 4.690153628316635747e-16
3.694915439012490879e+03 4.626366332216991363e-16
3.696121265226624928e+03 4.686587610018720194e-16
3.697327217547374403e+03 4.649534665616101737e-16
3.698533295815423571e+03 4.648891339544184188e-16
3.699739499871458065e+03 4.723269692302122513e-16
3.700945829556163517e+03 4.719565650159629046e-16
3.702152284710225558e+03 4.737672182097630186e-16
3.703358865174328912e+03 4.772037474103454251e-16
3.704565570789159210e+03 4.816053910785111961e-16
3.705772401395402994e+03 4.661587560533660585e-16
3.706979356833744987e+03 4.631015592662778949e-16
3.708186436944869911e+03 4.686038655002913029e-16
3.709393641569464307e+03 4.597042962302816041e-16
3.710600970548213354e+03 4.580993347423382184e-16
3.711808423721801773e+03 4.581685908227387986e-16
3.713016000930915652e+03 4.572574270843303834e-16
3.714223702016241077e+03 4.586086508434756368e-16
3.715431526818461862e+03 4.528817623869791616e-16
3.716639475178265002e+03 4.487171503573476227e-16
3.717847546936334766e+03 4.489029511372671603e-16
3.719055741933357240e+03 4.555493443413099168e-16
3.720264060010018056e+03 4.305878618745783065e-16
3.721472501007001938e+03 4.335011214958982870e-16
3.722681064764995426e+03 4.306611973997077863e-16
3.723889751124682789e+03 4.246590179377921262e-16
3.725098559926750113e+03 4.295282759023674041e-16
3.726307491011882576e+03 4.233285582382010777e-16
3.727516544220765809e+03 4.354763099952923758e-16
3.728725719394085445e+03 4.341469196306616120e-16
3.729935016372527116e+03 4.445048583361779044e-16
3.731144434996775090e+03 4.551177439200903425e-16
3.732353975107515907e+03 4.535319077790778343e-16
3.733563636545434292e+03 4.478421017700835823e-16
3.734773419151216785e+03 4.466357569713987738e-16
3.735983322765548110e+03 4.388656299429087735e-16
3.737193347229112987e+03 4.326422343525892579e-16
3.738403492382598415e+03 4.289958339949833969e-16
3.739613758066688206e+03 4.336518155174004814e-16
3.740824144122069356e+03 4.350430320580744621e-16
3.742034650389426133e+03 4.382801153054194047e-16
3.743245276709444624e+03 4.435257379100216564e-16
3.744456022922810916e+03 4.452531604155758793e-16
3.745666888870208368e+03 4.374429297149023453e-16
3.746877874392324429e+03 4.328831147361097832e-16
3.748088979329843824e+03 4.211371850682747181e-16
3.749300203523451273e+03 4.164561554379289517e-16
3.750511546813834229e+03 4.159720288712004044e-16
3.751723009041676050e+03 4.132525597912162690e-16
3.752934590047663278e+03 4.206722941518754964e-16
3.754146289672480179e+03 4.126976215572827353e-16
3.755358107756814206e+03 4.191950400234666334e-16
3.756570044141349172e+03 4.218837310245680896e-16
3.757782098666770707e+03 4.205117765841870476e-16
3.758994271173765810e+03 4.155597085361484812e-16
3.760206561503017838e+03 4.108448518476754855e-16
3.761418969495213332e+03 4.034593174442240602e-16
3.762631494991037471e+03 3.954906266718309730e-16
3.763844137831174976e+03 3.923985573003312582e-16
3.765056897856313299e+03 3.911360955870676178e-16
3.766269774907136252e+03 3.964291349401663032e-16
3.767482768824329924e+03 3.915485978939742724e-16
3.768695879448579035e+03 3.847920070496442596e-16
3.769909106620569673e+03 3.849156006020781222e-16
3.771122450180986561e+03 3.803901588536260754e-16
3.772335909970516241e+03 3.773586744111239371e-16
3.773549485829844343e+03 3.907001255305985886e-16
3.774763177599655137e+03 3.875983647567005310e-16
3.775976985120634254e+03 3.926805915720732165e-16
3.777190908233467326e+03 3.887907698494470916e-16
3.778404946778840440e+03 3.925289477622852391e-16
3.779619100597437864e+03 3.870276356594751755e-16
3.780833369529946594e+03 3.893650827615590133e-16
3.782047753417050444e+03 3.904282331427018301e-16
3.783262252099435955e+03 3.850560798602918512e-16
3.784476865417787849e+03 3.809486914277147785e-16
3.785691593212792213e+03 3.849883989630594113e-16
3.786906435325133771e+03 3.799150975932574734e-16
3.788121391595499063e+03 3.770487532907032022e-16
3.789336461864572811e+03 3.784986474977394049e-16
3.790551645973040195e+03 3.724565221406624454e-16
3.791766943761586845e+03 3.740108247725147870e-16
3.792982355070898848e+03 3.750688573945118999e-16
3.794197879741661382e+03 3.818484183133879923e-16
3.795413517614559169e+03 3.754275948951631544e-16
3.796629268530277841e+03 3.766028300725366765e-16
3.797845132329503485e+03 3.703048185508828224e-16
3.799061108852921279e+03 3.688447988867393427e-16
3.800277197941216855e+03 3.621206653297861945e-16
3.801493399435074934e+03 3.688097983426244960e-16
3.802709713175181605e+03 3.672157421950707541e-16
3.803926139002222953e+03 3.700589424314886484e-16
3.805142676756883247e+03 3.791970879757512248e-16
3.806359326279847664e+03 3.702082537497339305e-16
3.807576087411802746e+03 3.695480747614916142e-16
3.808792959993433669e+03 3.654062653153409222e-16
3.810009943865425612e+03 3.583219357997339914e-16
3.811227038868464660e+03 3.581628759999163619e-16
3.812444244843234628e+03 3.615614440567894738e-16
3.813661561630422511e+03 3.583321056581262045e-16
3.814878989070713487e+03 3.657568506845559675e-16
3.816096527004792733e+03 3.613658927054641406e-16
3.817314175273345882e+03 3.653165267515915586e-16
3.818531933717058109e+03 3.665985512009864899e-16
3.819749802176615503e+03 3.529315220215704745e-16
3.820967780492702786e+03 3.615583625746966978e-16
3.822185868506005590e+03 3.590733767338931648e-16
3.823404066057209093e+03 3.550974118163397747e-16
3.824622372987000290e+03 3.500365470939770832e-16
3.825840789136062085e+03 3.491496405270124110e-16
3.827059314345081475e+03 3.476647302352156416e-16
3.828277948454744092e+03 3.490986937242695081e-16
3.829496691305734657e+03 3.486576051791605340e-16
3.830715542738739259e+03 3.570221465735172209e-16
3.831934502594443074e+03 3.680555490165391610e-16
3.833153570713531735e+03 3.691078028012922564e-16
3.834372746936689964e+03 3.668794892592083349e-16
3.835592031104603848e+03 3.679733431246920793e-16
3.836811423057958564e+03 3.627704593950330656e-16
3.838030922637439744e+03 3.529021206033197734e-16
3.839250529683732566e+03 3.517680154829536202e-16
3.840470244037523571e+03 3.499697295662193357e-16
3.841690065539496572e+03 3.483008293633395099e-16
3.842909994030338112e+03 3.459520487050535719e-16
3.844130029350732912e+03 3.464771844043019678e-16
3.845350171341367059e+03 3.524446032600834797e-16
3.846570419842925730e+03 3.595053821386052587e-16
3.847790774696094559e+03 3.547494423185005569e-16
3.849011235741558721e+03 3.451614939804777920e-16
3.850231802820003850e+03 3.496348980369289842e-16
3.851452475772114667e+03 3.517919414625221735e-16
3.852673254438577715e+03 3.499722447632372391e-16
3.853894138660077715e+03 3.471456757503197452e-16
3.855115128277300755e+03 3.451211820989413007e-16
3.856336223130932012e+03 3.421183998245310241e-16
3.857557423061656664e+03 3.390571083574913202e-16
3.858778727910160342e+03 3.345314317928460268e-16
3.860000137517128223e+03 3.323785701637765961e-16
3.861221651723246396e+03 3.293357137931300093e-16
3.862443270369199581e+03 3.315968463823588102e-16
3.863664993295673867e+03 3.323631106361963255e-16
3.864886820343354429e+03 3.314115415336595054e-16
3.866108751352926447e+03 3.349980006197557370e-16
3.867330786165075097e+03 3.253572224105061784e-16
3.868552924620487374e+03 3.288938924379576626e-16
3.869775166559847094e+03 3.266881126406699567e-16
3.870997511823840341e+03 3.282260382291368223e-16
3.872219960253152749e+03 3.234329951883158546e-16
3.873442511688469494e+03 3.199739877619957666e-16
3.874665165970475755e+03 3.191648399727174523e-16
3.875887922939857162e+03 3.204141554921666755e-16
3.877110782437299349e+03 3.219659821369421681e-16
3.878333744303488402e+03 3.141858439601921779e-16
3.879556808379108588e+03 3.156904634469109366e-16
3.880779974504845541e+03 3.206199885168500626e-16
3.882003242521385346e+03 3.190227717025055534e-16
3.883226612269412726e+03 3.193229612640463975e-16
3.884450083589613769e+03 3.281728406220389585e-16
3.885673656322673651e+03 3.191184992801479768e-16
3.886897330309278004e+03 3.199319709387297298e-16
3.888121105390112007e+03 3.104270052709316099e-16
3.889344981405860835e+03 3.029961992664689969e-16
3.890568958197210577e+03 3.037055673732640407e-16
3.891793035604846409e+03 2.977251999663486577e-16
3.893017213469453964e+03 3.041903129177002831e-16
3.894241491631717963e+03 2.992381910500488437e-16
3.895465869932325404e+03 3.057023924082932737e-16
3.896690348211959645e+03 3.064119163213484589e-16
3.897914926311307681e+03 3.040074339684343050e-16
3.899139604071053782e+03 3.033381446852257667e-16
3.900364381331884488e+03 2.993212795841327618e-16
3.901589257934485431e+03 2.983497909453421596e-16
3.902814233719541335e+03 3.007116729478504900e-16
3.904039308527737376e+03 3.000170655497723286e-16
3.905264482199759186e+03 3.020797392154101035e-16
3.906489754576292853e+03 3.037709306396536177e-16
3.907715125498023099e+03 3.067741454447590353e-16
3.908940594805636010e+03 3.090784198581841319e-16
3.910166162339817220e+03 3.074204414981937287e-16
3.911391827941250995e+03 3.110255199540704132e-16
3.912617591450623422e+03 3.114714447315509266e-16
3.913843452708620134e+03 3.130953847684323880e-16
3.915069411555926308e+03 3.169849056886914755e-16
3.916295467833227576e+03 3.090500339015395455e-16
3.917521621381209570e+03 3.054212749129221887e-16
3.918747872040557013e+03 2.967394394378262317e-16
3.919974219651955536e+03 2.914905409308479606e-16
3.921200664056091227e+03 2.829611410294407115e-16
3.922427205093649263e+03 2.807786781371574709e-16
3.923653842605315276e+03 2.780236587237812330e-16
3.924880576431774443e+03 2.752853044310975652e-16
3.926107406413711487e+03 2.743407076516067475e-16
3.927334332391812950e+03 2.757288380138204169e-16
3.928561354206763554e+03 2.703001876857189985e-16
3.929788471699249385e+03 2.683852972451331102e-16
3.931015684709956076e+03 2.671109505085745257e-16
3.932242993079568350e+03 2.635684697501482671e-16
3.933470396648771839e+03 2.567886681167636717e-16
3.934697895258251719e+03 2.604648806824173445e-16
3.935925488748694079e+03 2.556995512368515382e-16
3.937153176960783640e+03 2.523088648144158957e-16
3.938380959735206488e+03 2.605567710085554897e-16
3.939608836912647803e+03 2.646554554758977701e-16
3.940836808333794124e+03 2.690482057492180133e-16
3.942064873839328357e+03 2.726481040332836480e-16
3.943293033269937951e+03 2.731874363602162693e-16
3.944521286466308084e+03 2.734788552040562948e-16
3.945749633269123933e+03 2.779229817710199417e-16
3.946978073519070676e+03 2.741682110265315839e-16
3.948206607056834400e+03 2.716708722338774043e-16
3.949435233723099827e+03 2.744396758058432935e-16
3.950663953358553499e+03 2.683519051057762035e-16
3.951892765803879229e+03 2.711937145537952716e-16
3.953121670899763558e+03 2.683149009015082415e-16
3.954350668486892118e+03 2.662764014441681200e-16
3.955579758405950088e+03 2.696155660498394043e-16
3.956808940497622643e+03 2.693538710908136593e-16
3.958038214602595417e+03 2.701140493380427301e-16
3.959267580561553586e+03 2.666587708607808637e-16
3.960497038215183238e+03 2.624550373958615204e-16
3.961726587404169550e+03 2.623586242594221532e-16
3.962956227969197698e+03 2.592679232931390949e-16
3.964185959750952861e+03 2.513480327133506772e-16
3.965415782590121125e+03 2.459222006070637768e-16
3.966645696327387668e+03 2.468032842465381306e-16
3.967875700803438576e+03 2.420470314834503201e-16
3.969105795858958118e+03 2.384497616268999941e-16
3.970335981334632834e+03 2.383332421287704666e-16
3.971566257071147902e+03 2.366767125182858278e-16
3.972796622909187590e+03 2.394045878486265925e-16
3.974027078689438895e+03 2.434732952887398926e-16
3.975257624252586083e+03 2.485974054040459378e-16
3.976488259439315698e+03 2.540847323455478533e-16
3.977718984090313370e+03 2.534048451750189988e-16
3.978949798046262913e+03 2.572572246260923259e-16
3.980180701147850868e+03 2.591039683199182459e-16
3.981411693235762414e+03 2.592938677511809175e-16
3.982642774150683181e+03 2.560324186695509783e-16
3.983873943733298802e+03 2.560790524690317218e-16
3.985105201824293999e+03 2.589642700979172038e-16
3.986336548264355770e+03 2.555326809408730640e-16
3.987567982894167471e+03 2.532794954844582055e-16
3.988799505554415646e+03 2.578125780240740446e-16
3.990031116085785925e+03 2.554000654571042750e-16
3.991262814328963486e+03 2.590672000179546205e-16
3.992494600124633962e+03 2.584594950735909655e-16
3.993726473313482074e+03 2.547623213847526758e-16
3.994958433736193911e+03 2.575179316786046657e-16
3.996190481233455102e+03 2.569839117705577472e-16
3.997422615645950827e+03 2.556677151569968672e-16
3.998654836814365808e+03 2.636625541680233225e-16
3.999887144579387041e+03 2.583952045853106563e-16
4.001119538781699248e+03 2.559718941115785377e-16
4.002352019261987152e+03 2.563391554767149011e-16
4.003584585860937295e+03 2.536096589312088495e-16
4.004817238419233945e+03 2.545393527459666910e-16
4.006049976777563643e+03 2.496136819256378739e-16
4.007282800776612021e+03 2.530592453333529483e-16
4.008515710257063347e+03 2.502842024051823498e-16
4.009748705059603708e+03 2.548264323993291139e-16
4.010981785024918281e+03 2.603923857238347966e-16
4.012214949993693153e+03 2.573523901657044185e-16
4.013448199806613047e+03 2.575212780301455980e-16
4.014681534304363140e+03 2.540375823954814754e-16
4.015914953327630428e+03 2.537497930327796647e-16
4.017148456717099180e+03 2.522420775904541473e-16
4.018382044313455026e+03 2.511320105075056104e-16
4.019615715957383145e+03 2.529346845778846165e-16
4.020849471489569623e+03 2.517677989906686913e-16
4.022083310750699184e+03 2.521095013806019473e-16
4.023317233581458368e+03 2.532713814720841841e-16
4.024551239822531443e+03 2.542638545368586385e-16
4.025785329314604041e+03 2.493564370152866587e-16
4.027019501898362250e+03 2.482537975468624768e-16
4.028253757414490792e+03 2.487142009441650714e-16
4.029488095703675754e+03 2.481264292965255990e-16
4.030722516606602312e+03 2.469501857278434664e-16
4.031957019963956100e+03 2.473340957514099014e-16
4.033191605616421839e+03 2.474501283617440447e-16
4.034426273404686071e+03 2.446999546752248516e-16
4.035661023169433520e+03 2.434776850675361442e-16
4.036895854751349361e+03 2.439427690667426125e-16
4.038130767991120138e+03 2.486493575023529993e-16
4.039365762729430116e+03 2.529823990516389461e-16
4.040600838806965385e+03 2.494292498914445345e-16
4.041835996064411120e+03 2.532908900734491699e-16
4.043071234342452954e+03 2.576100782291742050e-16
4.044306553481776518e+03 2.513073492064668384e-16
4.045541953323066991e+03 2.549644692830256612e-16
4.046777433707010005e+03 2.481757092272127816e-16
4.048012994474290736e+03 2.476671048241410803e-16
4.049248635465594361e+03 2.453939063620288651e-16
4.050484356521607424e+03 2.483276128488230215e-16
4.051720157483014191e+03 2.508012390042989041e-16
4.052956038190500294e+03 2.465925535513378679e-16
4.054191998484752276e+03 2.428886637514690390e-16
4.055428038206453948e+03 2.461910547981579766e-16
4.056664157196292308e+03 2.364858988216735569e-16
4.057900355294951623e+03 2.410562466652743781e-16
4.059136632343117981e+03 2.448860752668908610e-16
4.060372988181477012e+03 2.410904837412987661e-16
4.061609422650712986e+03 2.418057760198314898e-16
4.062845935591512898e+03 2.427152350116839646e-16
4.064082526844561471e+03 2.481683768971789169e-16
4.065319196250543428e+03 2.450931179643765655e-16
4.066555943650145309e+03 2.430749886011811562e-16
4.067792768884052293e+03 2.439301502638558036e-16
4.069029671792950012e+03 2.481379879506524633e-16
4.070266652217523188e+03 2.453901063463374789e-16
4.071503709998457907e+03 2.413794807937396496e-16
4.072740844976438893e+03 2.395764917859838316e-16
4.073978056992152688e+03 2.409340148647068238e-16
4.075215345886284013e+03 2.428040418230328837e-16
4.076452711499518045e+03 2.419248205525868725e-16
4.077690153672541783e+03 2.377618269081083033e-16
4.078927672246038583e+03 2.406671187153270980e-16
4.080165267060694987e+03 2.380345915244971743e-16
4.081402937957196173e+03 2.388088104758550942e-16
4.082640684776228227e+03 2.357703742522200270e-16
4.083878507358475872e+03 2.372816998441708048e-16
4.085116405544624740e+03 2.387079004482665817e-16
4.086354379175360009e+03 2.346465337318856430e-16
4.087592428091367765e+03 2.328068110055891611e-16
4.088830552133332731e+03 2.367094460999244447e-16
4.090068751141940993e+03 2.390792100310784829e-16
4.091307024957877275e+03 2.363896925828416734e-16
4.092545373421828117e+03 2.340529916107133352e-16
4.093783796374478698e+03 2.333404191502295020e-16
4.095022293656513739e+03 2.330166785771568723e-16
4.096260865108619328e+03 2.316100884727469112e-16
4.097499510571479732e+03 2.311242835568926825e-16
4.098738229885781948e+03 2.295025724722154928e-16
4.099977022892211608e+03 2.313176722519341636e-16
4.101215889431451615e+03 2.300390777445550209e-16
4.102454829344189420e+03 2.271841630514743333e-16
4.103693842471111566e+03 2.216656777544547271e-16
4.104932928652900955e+03 2.170278121313493717e-16
4.106172087730244129e+03 2.264733218973266405e-16
4.107411319543826721e+03 2.242672880764413109e-16
4.108650623934334362e+03 2.294222187000609469e-16
4.109890000742451775e+03 2.310941948301253202e-16
4.111129449808865502e+03 2.306466627427250263e-16
4.112368970974260264e+03 2.256483808677854273e-16
4.113608564079321695e+03 2.273664031130067421e-16
4.114848228964734517e+03 2.274394661786111463e-16
4.116087965471184361e+03 2.249219874729475452e-16
4.117327773439357770e+03 2.266917871079910695e-16
4.118567652709939466e+03 2.246016107727204632e-16
4.119807603123614172e+03 2.216672724467506157e-16
4.121047624521069338e+03 2.220880948638254240e-16
4.122287716742987868e+03 2.270162787673185719e-16
4.123527879630058123e+03 2.249728635577717673e-16
4.124768113022962098e+03 2.243827838460682218e-16
4.126008416762389061e+03 2.259356952948043365e-16
4.127248790689021916e+03 2.238642191919879999e-16
4.128489234643545387e+03 2.295649450279565146e-16
4.129729748466646924e+03 2.206155006453846540e-16
4.130970331999011250e+03 2.207037603852328574e-16
4.132210985081323997e+03 2.220348359208087365e-16
4.133451707554269888e+03 2.219326523487722384e-16
4.134692499258536373e+03 2.203295396198511905e-16
4.135933360034805446e+03 2.198071326970295874e-16
4.137174289723766378e+03 2.289391105253309164e-16
4.138415288166101163e+03 2.248261479755765806e-16
4.139656355202498162e+03 2.250705789912628243e-16
4.140897490673640277e+03 2.223634086450254469e-16
4.142138694420214961e+03 2.231405948246040791e-16
4.143379966282907844e+03 2.200234926517733238e-16
4.144621306102401832e+03 2.183878721613907238e-16
4.145862713719384374e+03 2.199465640343117879e-16
4.147104188974541103e+03 2.222176466969299048e-16
4.148345731708555832e+03 2.164135585003235764e-16
4.149587341762116921e+03 2.196711534467635860e-16
4.150829018975905456e+03 2.187289815153476068e-16
4.152070763190611615e+03 2.193256417092358465e-16
4.153312574246916483e+03 2.185660753942495682e-16
4.154554451985509331e+03 2.228481331717614096e-16
4.155796396247073062e+03 2.217420725665949736e-16
4.157038406872295127e+03 2.219456893801308988e-16
4.158280483701859339e+03 2.242203856896947318e-16
4.159522626576451330e+03 2.239875837618627012e-16
4.160764835336755823e+03 2.277448493363270738e-16
4.162007109823461178e+03 2.233732672136996211e-16
4.163249449877250299e+03 2.279293356067600166e-16
4.164491855338807909e+03 2.258273397295533358e-16
4.165734326048822368e+03 2.264941986951025204e-16
4.166976861847976579e+03 2.239463128770729920e-16
4.168219462576957994e+03 2.293035651902238949e-16
4.169462128076450426e+03 2.279489586585874653e-16
4.170704858187139507e+03 2.286314560568136970e-16
4.171947652749712688e+03 2.269731966571263648e-16
4.173190511604852873e+03 2.232754395136156150e-16
4.174433434593246602e+03 2.209562359539731240e-16
4.175676421555579509e+03 2.232275422292364900e-16
4.176919472332536316e+03 2.215531407591774968e-16
4.178162586764802654e+03 2.210848404282931465e-16
4.179405764693065066e+03 2.196673644666517918e-16
4.180649005958007365e+03 2.200470573621371974e-16
4.181892310400316092e+03 2.194272922311703461e-16
4.183135677860675969e+03 2.199500093832109354e-16
4.184379108179772629e+03 2.146031542206917323e-16
4.185622601198292614e+03 2.173521336907755843e-16
4.186866156756920645e+03 2.153841189683459101e-16
4.188109774696341447e+03 2.115637673027866890e-16
4.189353454857241559e+03 2.141230036115966646e-16
4.190597197080305705e+03 2.117488587839992619e-16
4.191841001206219516e+03 2.115789959562802261e-16
4.193084867075667717e+03 2.173182035792660229e-16
4.194328794529337756e+03 2.142189847319031004e-16
4.195572783407912539e+03 2.123533066595363359e-16
4.196816833552079515e+03 2.120877731157386917e-16
4.198060944802523409e+03 2.086091199699918419e-16
4.199305116999929851e+03 2.071944301887361168e-16
4.200549349984983564e+03 2.083535800576084606e-16
4.201793643598371091e+03 2.088353385726591712e-16
4.203037997680777153e+03 2.074941892839128989e-16
4.204282412072888292e+03 2.046840233916640953e-16
4.205526886615387411e+03 2.068296437055235936e-16
4.206771421148962872e+03 2.071508027990255921e-16
4.208016015514298488e+03 2.131458994006079496e-16
4.209260669552079889e+03 2.093975844018597048e-16
4.210505383102991800e+03 2.072320314349844024e-16
4.211750156007721671e+03 2.055347815549095664e-16
4.212994988106953315e+03 2.113464732622469982e-16
4.214239879241373274e+03 2.024285517093281237e-16
4.215484829251665360e+03 2.083436766207716788e-16
4.216729837978517025e+03 2.075076738729462581e-16
4.217974905262612083e+03 2.045264899426861819e-16
4.219220030944637074e+03 2.048548440009123287e-16
4.220465214865278540e+03 2.065563814457339512e-16
4.221710456865218475e+03 2.074747251605393909e-16
4.222955756785144331e+03 2.053812810693449239e-16
4.224201114465742648e+03 2.014455623491861735e-16
4.225446529747696331e+03 2.021391562540865175e-16
4.226692002471693741e+03 1.963149383344285457e-16
4.227937532478417779e+03 2.005115950122588856e-16
4.229183119608554989e+03 1.985350647776227178e-16
4.230428763702790093e+03 1.993460207669372544e-16
4.231674464601810541e+03 2.048417245166282182e-16
4.232920222146299238e+03 2.001748664844242106e-16
4.234166036176943635e+03 2.034437503955202627e-16
4.235411906534429363e+03 2.034398195494735659e-16
4.236657833059439326e+03 2.042484208331027435e-16
4.237903815592660976e+03 1.997925776062732385e-16
4.239149853974779035e+03 1.983115123175032525e-16
4.240395948046479134e+03 1.970169224490804648e-16
4.241642097648446907e+03 1.984349397965673171e-16
4.242888302621367984e+03 2.010947645566342963e-16
4.244134562805927999e+03 2.024608133789519435e-16
4.245380878042810764e+03 2.022275643796602493e-16
4.246627248172703730e+03 2.000235621807020342e-16
4.247873673036291621e+03 1.985951343855288536e-16
4.249120152474259157e+03 2.000555112480372996e-16
4.250366686327293792e+03 2.005981270818570419e-16
4.251613274436078427e+03 2.006364561103774518e-16
4.252859916641299606e+03 1.991310530451368817e-16
4.254106612783642049e+03 1.993951109837763690e-16
4.255353362703793209e+03 2.013617538762916384e-16
4.256600166242436899e+03 2.000899582635722147e-16
4.257847023240257840e+03 2.006611254349270564e-16
4.259093933537943485e+03 2.003169317823387013e-16
4.260340896976179465e+03 1.985107502212726571e-16
4.261587913395648684e+03 1.983165216813071817e-16
4.262834982637038593e+03 1.947774504234741391e-16
4.264082104541034823e+03 1.993508980415171786e-16
4.265329278948321189e+03 1.992867075865269541e-16
4.266576505699585141e+03 2.012587760462292054e-16
4.267823784635510492e+03 2.013889455668105107e-16
4.269071115596782874e+03 2.011153320573793703e-16
4.270318498424088830e+03 1.955476815408700658e-16
4.271565932958112171e+03 1.931153064528815179e-16
4.272813419039539440e+03 1.942604016654591689e-16
4.274060956509057178e+03 1.911126860616470568e-16
4.275308545207348288e+03 1.930744033813967997e-16
4.276556184975100223e+03 1.976304606153531774e-16
4.277803875652996794e+03 1.976466324182318869e-16
4.279051617081724544e+03 1.947868310860843521e-16
4.280299409101969104e+03 1.988197160681404158e-16
4.281547251554416107e+03 1.960922445562624004e-16
4.282795144279749366e+03 1.918242635746736921e-16
4.284043087118655421e+03 1.923535526679116184e-16
4.285291079911819907e+03 1.931393489052393830e-16
4.286539122499928453e+03 1.898438968865622434e-16
4.287787214723665784e+03 1.880991905880452315e-16
4.289035356423717531e+03 1.881974432494889297e-16
4.290283547440769325e+03 1.873916011764254151e-16
4.291531787615506801e+03 1.866700869596171830e-16
4.292780076788615588e+03 1.891780601751493852e-16
4.294028414800779501e+03 1.892331714807460463e-16
4.295276801492685991e+03 1.923376130202894841e-16
4.296525236705019779e+03 1.879273657943407373e-16
4.297773720278466499e+03 1.909462346618681482e-16
4.299022252053710872e+03 1.856581167707672784e-16
4.300270831871438531e+03 1.838171900416145922e-16
4.301519459572336018e+03 1.798253280810207909e-16
4.302768134997088055e+03 1.807534777719560683e-16
4.304016857986379364e+03 1.811499666566309520e-16
4.305265628380895578e+03 1.818476834668947418e-16
4.306514446021323238e+03 1.836136383672517395e-16
4.307763310748347067e+03 1.829811576053472522e-16
4.309012222402653606e+03 1.791661729809529724e-16
4.310261180824925759e+03 1.843552736519743098e-16
4.311510185855850978e+03 1.825241893998390268e-16
4.312759237336114893e+03 1.840162044068893801e-16
4.314008335106401319e+03 1.843266086670014038e-16
4.315257479007398615e+03 1.889941520301478698e-16
4.316506668879787867e+03 1.941322436196159616e-16
4.317755904564258344e+03 1.911390991157867902e-16
4.319005185901492951e+03 1.940038845225232387e-16
4.320254512732179137e+03 1.967137941291798266e-16
4.321503884897002536e+03 1.926228063735395618e-16
4.322753302236646050e+03 1.879425729209834942e-16
4.324002764591796222e+03 1.848990014725556960e-16
4.325252271803139593e+03 1.828878128421209373e-16
4.326501823711361794e+03 1.816018791213752674e-16
4.327751420157147550e+03 1.838208197723893688e-16
4.329001060981180672e+03 1.841142795619920983e-16
4.330250746024148611e+03 1.868105746244231923e-16
4.331500475126737001e+03 1.890530448478026786e-16
4.332750248129629654e+03 1.910675115189688270e-16
4.334000064873513111e+03 1.879538350924389693e-16
4.335249925199073914e+03 1.909497728921861612e-16
4.336499828946994967e+03 1.840841498392268863e-16
4.337749775957962811e+03 1.873950700805173792e-16
4.338999766072663078e+03 1.819896896446167882e-16
4.340249799131782311e+03 1.825188230214940493e-16
4.341499874976003412e+03 1.824048848628200949e-16
4.342749993446013832e+03 1.803788074978660101e-16
4.344000154382501023e+03 1.843025977624990206e-16
4.345250357626145160e+03 1.852860252154105744e-16
4.346500603017634603e+03 1.869946865656097900e-16
4.347750890397654985e+03 1.881264324828140376e-16
4.349001219606891027e+03 1.879078335336601486e-16
4.350251590486028363e+03 1.853944926384266697e-16
4.351502002875753533e+03 1.850225946376131494e-16
4.352752456616750351e+03 1.839067062158628490e-16
4.354002951549705358e+03 1.817891838549811317e-16
4.355253487515303277e+03 1.840418965026207808e-16
4.356504064354229740e+03 1.861007932546552673e-16
4.357754681907171289e+03 1.859993140113734221e-16
4.359005340014812646e+03 1.864408367261684485e-16
4.360256038517837624e+03 1.888885636673275851e-16
4.361506777256934583e+03 1.897240195468579044e-16
4.362757556072785519e+03 1.852542357633031721e-16
4.364008374806079701e+03 1.867091252642837767e-16
4.365259233297499122e+03 1.827141253235925791e-16
4.366510131387731235e+03 1.858441514992324388e-16
4.367761068917461671e+03 1.848749719532894914e-16
4.369012045727375153e+03 1.845167068498986333e-16
4.370263061658157312e+03 1.837742416915159349e-16
4.371514116550492872e+03 1.838843182282477706e-16
4.372765210245069284e+03 1.856019313691933288e-16
4.374016342582568541e+03 1.821532120803344787e-16
4.375267513403679914e+03 1.796850593944217004e-16
4.376518722549087215e+03 1.826333686552669821e-16
4.377769969859475168e+03 1.844559735993719936e-16
4.379021255175530314e+03 1.860756481390268866e-16
4.380272578337936466e+03 1.828121645962119671e-16
4.381523939187381075e+03 1.819933822965935048e-16
4.382775337564548863e+03 1.777650789717332461e-16
4.384026773310125463e+03 1.730404442633177977e-16
4.385278246264794689e+03 1.778398835260654808e-16
4.386529756269244899e+03 1.761493955788432042e-16
4.387781303164158999e+03 1.800935658133605907e-16
4.389032886790223529e+03 1.768402357321777113e-16
4.390284506988125031e+03 1.782764146066873035e-16
4.391536163598546409e+03 1.822152033713618342e-16
4.392787856462175114e+03 1.798236216566462793e-16
4.394039585419695868e+03 1.809780685597287829e-16
4.395291350311793394e+03 1.808796155918213365e-16
4.396543150979154234e+03 1.812639930909845218e-16
4.397794987262464019e+03 1.793009582720398268e-16
4.399046859002407473e+03 1.828476577973896709e-16
4.400298766039670227e+03 1.798068651698127913e-16
4.401550708214937004e+03 1.829155595692453948e-16
4.402802685368895254e+03 1.826352720201876398e-16
4.404054697342227882e+03 1.829439812966164471e-16
4.405306743975624158e+03 1.865837118830365588e-16
4.406558825109764257e+03 1.844440103458287699e-16
4.407810940585337448e+03 1.861704258693724419e-16
4.409063090243028455e+03 1.868162383230268246e-16
4.410315273923522000e+03 1.887611777643323942e-16
4.411567491467503714e+03 1.913749110816420401e-16
4.412819742715659231e+03 1.899529594317583645e-16
4.414072027508674182e+03 1.882294373681786374e-16
4.415324345687234199e+03 1.905219729616692114e-16
4.416576697092023096e+03 1.854664156563423695e-16
4.417829081563729233e+03 1.855293750124904720e-16
4.419081498943035513e+03 1.874100409350225230e-16
4.420333949070627568e+03 1.881765457959277567e-16
4.421586431787193760e+03 1.863986510050908379e-16
4.422838946933415173e+03 1.897152441821813397e-16
4.424091494349981076e+03 1.858581210548673120e-16
4.425344073877574374e+03 1.845607736954223566e-16
4.426596685356880698e+03 1.861970599398534829e-16
4.427849328628587500e+03 1.857446018065682606e-16
4.429102003533378593e+03 1.828823120753926383e-16
4.430354709911938698e+03 1.810483503796715354e-16
4.431607447604955269e+03 1.836760793598044679e-16
4.432860216453113026e+03 1.827288342675993744e-16
4.434113016297097602e+03 1.822902715332770425e-16
4.435365846977591900e+03 1.809562559541561517e-16
4.436618708335286101e+03 1.821534478650635101e-16
4.437871600210862198e+03 1.813569400039207978e-16
4.439124522445005823e+03 1.819371696702813811e-16
4.440377474878403518e+03 1.843075848504925393e-16
4.441630457351740006e+03 1.826344168730499261e-16
4.442883469705701827e+03 1.804302634615395078e-16
4.444136511780971887e+03 1.805654257905385450e-16
4.445389583418238544e+03 1.817023071794292656e-16
4.446642684458186523e+03 1.818714178716668370e-16
4.447895814741500544e+03 1.833149168172655304e-16
4.449148974108865332e+03 1.833472528051757598e-16
4.450402162400968336e+03 1.829178984833449533e-16
4.451655379458494281e+03 1.777992593423626897e-16
4.452908625122128797e+03 1.764106592776055520e-16
4.454161899232554788e+03 1.775209929576383686e-16
4.455415201630461524e+03 1.738380440858306725e-16
4.456668532156531910e+03 1.742053578472151034e-16
4.457921890651452486e+03 1.748658805750304903e-16
4.459175276955908885e+03 1.714461985206095526e-16
4.460428690910584010e+03 1.740604057774359199e-16
4.461682132356167131e+03 1.756666726520666069e-16
4.462935601133342061e+03 1.757295609915723011e-16
4.464189097082793523e+03 1.737771088511158591e-16
4.465442620045208059e+03 1.761562556771339640e-16
4.466696169861269482e+03 1.756662088330265947e-16
4.467949746371666151e+03 1.770177605991293056e-16
4.469203349417080972e+03 1.753883364155329749e-16
4.470456978838200484e+03 1.763794098541711496e-16
4.471710634475709412e+03 1.722042068262143513e-16
4.472964316170293387e+03 1.747096949742239834e-16
4.474218023762638950e+03 1.748436846469514888e-16
4.475471757093429005e+03 1.775872839342419536e-16
4.476725516003351913e+03 1.764264721214991226e-16
4.477979300333091487e+03 1.788930879128290507e-16
4.479233109923333359e+03 1.769676433750339501e-16
4.480486944614764070e+03 1.735206530550078608e-16
4.481740804248067434e+03 1.735633616287422430e-16
4.482994688663929992e+03 1.738225278300494393e-16
4.484248597703037376e+03 1.743447477357260816e-16
4.485502531206072490e+03 1.755321139197194830e-16
4.486756489013724604e+03 1.773870164014673621e-16
4.488010470966676621e+03 1.768400172657501966e-16
4.489264476905615084e+03 1.756226837264824462e-16
4.490518506671224714e+03 1.785400054575683031e-16
4.491772560104191143e+03 1.746497223151958865e-16
4.493026637045200914e+03 1.731353141689832008e-16
4.494280737334937839e+03 1.751483304235648866e-16
4.495534860814088461e+03 1.762927583969965752e-16
4.496789007323337501e+03 1.742603000209532952e-16
4.498043176703370591e+03 1.782745956702179228e-16
4.499297368794874274e+03 1.751502413850266116e-16
4.500551583438532361e+03 1.722270744131889283e-16
4.501805820475030487e+03 1.726984069225543268e-16
4.503060079745055191e+03 1.721107114882752839e-16
4.504314361089291197e+03 1.731326512185137321e-16
4.505568664348424136e+03 1.739336173941968785e-16
4.506822989363139641e+03 1.781336528108800548e-16
4.508077335974122434e+03 1.732175746170186311e-16
4.509331704022059057e+03 1.765695729389860864e-16
4.510586093347633323e+03 1.765157458192454693e-16
4.511840503791532683e+03 1.742449163554837928e-16
4.513094935194440950e+03 1.724031450569374427e-16
4.514349387397045575e+03 1.723978697312560337e-16
4.515603860240029462e+03 1.720254442947417980e-16
4.516858353564079152e+03 1.710251612624977989e-16
4.518112867209880278e+03 1.725317764759272643e-16
4.519367401018118471e+03 1.681029952324959340e-16
4.520621954829479364e+03 1.766254643611918041e-16
4.521876528484646769e+03 1.729481512383387303e-16
4.523131121824308138e+03 1.737820376966231011e-16
4.524385734689148194e+03 1.709415152569420018e-16
4.525640366919851658e+03 1.717122523841338332e-16
4.526895018357105073e+03 1.718319868500474527e-16
4.528149688841593161e+03 1.704403321189803346e-16
4.529404378214001554e+03 1.721247888171682520e-16
4.530659086315017703e+03 1.744685075112320979e-16
4.531913812985323602e+03 1.725507210604389744e-16
4.533168558065605794e+03 1.722347405450468761e-16
4.534423321396549909e+03 1.723861840203606020e-16
4.535678102818842490e+03 1.718425068255512797e-16
4.536932902173167349e+03 1.728135393906177651e-16
4.538187719300211029e+03 1.730267708581824399e-16
4.539442554040658251e+03 1.736207458820313814e-16
4.540697406235195558e+03 1.741731398538221561e-16
4.541952275724508581e+03 1.737712688598950342e-16
4.543207162349280225e+03 1.713845280592877233e-16
4.544462065950198848e+03 1.732018706728863641e-16
4.545716986367948266e+03 1.737709542864396273e-16
4.546971923443214109e+03 1.725449862559794462e-16
4.548226877016682010e+03 1.685614700898237981e-16
4.549481846929037602e+03 1.714370027998041745e-16
4.550736833020966515e+03 1.683002770417548345e-16
4.551991835133152563e+03 1.703250651337411851e-16
4.553246853106283197e+03 1.721325408066621035e-16
4.554501886781043140e+03 1.710438504990813434e-16
4.555756935998118024e+03 1.687654996646016613e-16
4.557012000598193481e+03 1.693190741723838397e-16
4.558267080421954233e+03 1.703345266700226755e-16
4.559522175310085913e+03 1.681731225335987536e-16
4.560777285103275062e+03 1.711830695223947577e-16
4.562032409642205494e+03 1.690732661836604786e-16
4.563287548767563749e+03 1.666980469320794938e-16
4.564542702320033641e+03 1.653542005119052993e-16
4.565797870140302621e+03 1.677107599286648653e-16
4.567053052069055411e+03 1.659695678871992772e-16
4.568308247946977644e+03 1.645307655099742621e-16
4.569563457614754952e+03 1.679942898349455836e-16
4.570818680913071148e+03 1.665112383133835999e-16
4.572073917682613683e+03 1.685882469803356247e-16
4.573329167764067279e+03 1.685530355485100678e-16
4.574584430998116659e+03 1.652590459478152650e-16
4.575839707225448365e+03 1.693384644580098973e-16
4.577094996286748938e+03 1.673737092221864199e-16
4.578350298022701281e+03 1.709199564571412733e-16
4.579605612273991028e+03 1.687433200645477552e-16
4.580860938881304719e+03 1.694753844368755747e-16
4.582116277685328896e+03 1.697251343405688714e-16
4.583371628526745553e+03 1.669741304701265379e-16
4.584626991246243051e+03 1.654729805882767357e-16
4.585882365684507022e+03 1.666512355827894143e-16
4.587137751682221278e+03 1.671352040653716666e-16
4.588393149080071453e+03 1.650753189552258544e-16
4.589648557718744087e+03 1.645834827131708929e-16
4.590903977438923903e+03 1.635640690694359326e-16
4.592159408081295624e+03 1.642323473865435641e-16
4.593414849486547610e+03 1.641087480371336864e-16
4.594670301495361855e+03 1.650503845311749050e-16
4.595925763948424901e+03 1.626992971386811845e-16
4.597181236686423290e+03 1.642211024926059405e-16
4.598436719550040834e+03 1.650821756689261813e-16
4.599692212379964076e+03 1.617949898959898986e-16
4.600947715016877737e+03 1.608791772884245354e-16
4.602203227301468360e+03 1.619717785356861123e-16
4.603458749074420666e+03 1.630741780112242358e-16
4.604714280176419379e+03 1.639486681717227275e-16
4.605969820448151040e+03 1.640816418950552809e-16
4.607225369730301281e+03 1.624210589919291603e-16
4.608480927863555735e+03 1.637946637889034334e-16
4.609736494688599123e+03 1.644140988373991766e-16
4.610992070046115259e+03 1.623149045954916749e-16
4.612247653776792504e+03 1.648620653469198784e-16
4.613503245721314670e+03 1.620335899666544665e-16
4.614758845720367390e+03 1.630162922402088619e-16
4.616014453614636295e+03 1.637766458184895924e-16
4.617270069244807019e+03 1.619320731205424644e-16
4.618525692451565192e+03 1.617396981924173067e-16
4.619781323075595537e+03 1.610429316967353716e-16
4.621036960957584597e+03 1.592004642234943512e-16
4.622292605938216184e+03 1.622968244064835613e-16
4.623548257858178658e+03 1.627491498522229697e-16
4.624803916558153105e+03 1.627952865910679945e-16
4.626059581878828794e+03 1.606917730082450413e-16
4.627315253660888629e+03 1.615166287126708310e-16
4.628570931745020061e+03 1.634166547146549459e-16
4.629826615971905994e+03 1.650152724659055604e-16
4.631082306182235698e+03 1.616311011219783762e-16
4.632338002216690256e+03 1.616377110801126584e-16
4.633593703915958940e+03 1.629836785922019010e-16
4.634849411120724653e+03 1.631098317932195370e-16
4.636105123671674846e+03 1.582536377321040727e-16
4.637360841409492423e+03 1.589583632553127192e-16
4.638616564174865744e+03 1.613507786554640990e-16
4.639872291808477712e+03 1.595040058916891432e-16
4.641128024151015779e+03 1.615983473750806016e-16
4.642383761043163759e+03 1.604279755913141310e-16
4.643639502325608191e+03 1.591703889415005305e-16
4.644895247839032891e+03 1.614567727939302921e-16
4.646150997424126217e+03 1.575216980732069514e-16
4.647406750921571074e+03 1.566220631180818054e-16
4.648662508172053094e+03 1.553045365706973010e-16
4.649918269016259728e+03 1.581714426971422824e-16
4.651174033294873880e+03 1.595514371424963844e-16
4.652429800848583909e+03 1.573542042644548164e-16
4.653685571518072720e+03 1.593977444453737869e-16
4.654941345144025945e+03 1.572995587972655307e-16
4.656197121567131035e+03 1.590227591971460725e-16
4.657452900628070893e+03 1.584302383362737869e-16
4.658708682167532970e+03 1.631954482012670974e-16
4.659964466026201080e+03 1.644535238187336445e-16
4.661220252044761764e+03 1.628918510577535445e-16
4.662476040063900655e+03 1.599382272075809132e-16
4.663731829924301564e+03 1.618028031450307802e-16
4.664987621466651945e+03 1.606374732373679304e-16
4.666243414531636517e+03 1.566579830883637798e-16
4.667499208959940006e+03 1.571084931823265497e-16
4.668755004592249861e+03 1.576782362408586329e-16
4.670010801269249896e+03 1.600187543452276374e-16
4.671266598831624833e+03 1.593757889790804809e-16
4.672522397120062124e+03 1.584672480168168154e-16
4.673778195975245580e+03 1.588627208948308933e-16
4.675033995237860836e+03 1.604617518670447601e-16
4.676289794748594431e+03 1.614088029231432516e-16
4.677545594348131090e+03 1.597537634634155553e-16
4.678801393877156443e+03 1.593304949165113766e-16
4.680057193176355213e+03 1.563119001318985027e-16
4.681312992086413942e+03 1.576236396531651455e-16
4.682568790448017353e+03 1.567344857233588663e-16
4.683824588101850168e+03 1.569539298856633620e-16
4.685080384888599838e+03 1.587914548856525874e-16
4.686336180648951995e+03 1.593972503504426947e-16
4.687591975223590453e+03 1.576390095613506785e-16
4.688847768453199023e+03 1.581612727123349367e-16
4.690103560178466978e+03 1.583272308183726915e-16
4.691359350240077219e+03 1.539959462025325658e-16
4.692615138478716290e+03 1.565741854749863240e-16
4.693870924735068002e+03 1.568265050411499327e-16
4.695126708849820716e+03 1.601643060402372379e-16
4.696382490663657336e+03 1.577123832516885644e-16
4.697638270017265313e+03 1.556245415865444293e-16
4.698894046751327551e+03 1.566910462622952818e-16
4.700149820706531500e+03 1.558775892624526189e-16
4.701405591723562793e+03 1.525890725403137010e-16
4.702661359643106152e+03 1.511438101093989897e-16
4.703917124305846301e+03 1.551237741829406256e-16
4.705172885552468870e+03 1.521188198618994808e-16
4.706428643223661311e+03 1.546321552580018812e-16
4.707684397160106528e+03 1.552864778632395315e-16
4.708940147202491971e+03 1.538325048979511237e-16
4.710195893191501455e+03 1.559207114579204854e-16
4.711451634967821519e+03 1.546127126124097864e-16
4.712707372372135978e+03 1.570692928498910311e-16
4.713963105245132283e+03 1.536317129468471102e-16
4.715218833427495156e+03 1.543210653049414962e-16
4.716474556759911138e+03 1.560984561045646117e-16
4.717730275083064043e+03 1.569378630668596027e-16
4.718985988237639503e+03 1.546171536999455485e-16
4.720241696064323150e+03 1.550084587013540145e-16
4.721497398403799707e+03 1.563537893896473963e-16
4.722753095096755715e+03 1.563874894712985399e-16
4.724008785983877715e+03 1.556165853321882927e-16
4.725264470905848611e+03 1.525637496936211646e-16
4.726520149703355855e+03 1.529282475408395481e-16
4.727775822217083260e+03 1.528877323987988286e-16
4.729031488287718275e+03 1.515973825207355206e-16
4.730287147755944716e+03 1.499437388492284410e-16
4.731542800462448213e+03 1.517468907235738335e-16
4.732798446247915308e+03 1.515361162196834121e-16
4.734054084953028905e+03 1.505587224399006894e-16
4.735309716418477365e+03 1.492276511581320348e-16
4.736565340484944500e+03 1.521303367333075725e-16
4.737820956993116852e+03 1.524590980209943655e-16
4.739076565783679143e+03 1.511958176403696484e-16
4.740332166697316097e+03 1.531418910490097432e-16
4.741587759574715164e+03 1.527200111207531452e-16
4.742843344256559249e+03 1.502504683305115931e-16
4.744098920583535801e+03 1.511157300608773899e-16
4.745354488396329543e+03 1.545662819858996379e-16
4.746610047535626109e+03 1.506559610524604080e-16
4.747865597842111129e+03 1.534241793590613594e-16
4.749121139156470235e+03 1.529899759433179492e-16
4.750376671319387242e+03 1.532838308916777555e-16
4.751632194171549600e+03 1.507598998649368334e-16
4.752887707553641121e+03 1.517691772101201420e-16
4.754143211306348348e+03 1.507106405875951204e-16
4.755398705270356004e+03 1.484515386642562877e-16
4.756654189286350629e+03 1.510318631265576262e-16
4.757909663195016037e+03 1.488868840986673826e-16
4.759165126837039679e+03 1.502731063954824254e-16
4.760420580053105368e+03 1.525350211128803392e-16
4.761676022683898736e+03 1.494304544240400425e-16
4.762931454570107235e+03 1.496118985484860810e-16
4.764186875552413767e+03 1.493379036887412625e-16
4.765442285471503965e+03 1.496950161004879882e-16
4.766697684168065280e+03 1.475331993207647714e-16
4.767953071482780615e+03 1.496068634375083097e-16
4.769208447256337422e+03 1.482987487695983048e-16
4.770463811329421333e+03 1.499013891104379201e-16
4.771719163542715251e+03 1.500892707800932316e-16
4.772974503736906627e+03 1.509300320516444587e-16
4.774229831752681093e+03 1.495857189781045421e-16
4.775485147430723373e+03 1.526982071338892581e-16
4.776740450611718188e+03 1.514841891258246341e-16
4.777995741136352990e+03 1.511119616019361881e-16
4.779251018845312501e+03 1.482912795108590609e-16
4.780506283579280534e+03 1.512002405798938482e-16
4.781761535178944541e+03 1.514479928670041672e-16
4.783016773484989244e+03 1.518716304908255259e-16
4.784271998338100275e+03 1.498910256809046926e-16
4.785527209578962356e+03 1.504730632524065812e-16
4.786782407048261121e+03 1.491725864918649941e-16
4.788037590586682200e+03 1.500668624199861971e-16
4.789292760034911225e+03 1.487106161228243483e-16
4.790547915233634740e+03 1.524629003738605711e-16
4.791803056023536556e+03 1.505838004695763362e-16
4.793058182245302305e+03 1.501935953598747947e-16
4.794313293739617620e+03 1.520423601270870405e-16
4.795568390347169043e+03 1.513217850142165413e-16
4.796823471908640386e+03 1.510906438601680870e-16
4.798078538264718190e+03 1.508282404969425810e-16
4.799333589256087180e+03 1.462682221466494622e-16
4.800588624723432076e+03 1.507925910903856145e-16
4.801843644507440331e+03 1.534842553830342517e-16
4.803098648448795757e+03 1.521410098006191125e-16
4.804353636388185805e+03 1.523395743041244016e-16
4.805608608166293379e+03 1.498029583454875829e-16
4.806863563623805021e+03 1.519147037872303678e-16
4.808118502601407272e+03 1.499778420889298010e-16
4.809373424939783945e+03 1.485759048076166336e-16
4.810628330479622491e+03 1.509201426912186695e-16
4.811883219061604905e+03 1.506509223525827021e-16
4.813138090526419546e+03 1.482137709008885047e-16
4.814392944714750229e+03 1.530836441102018019e-16
4.815647781467285313e+03 1.510230863399348006e-16
4.816902600624705883e+03 1.521706755015366046e-16
4.818157402027700300e+03 1.556688300589946294e-16
4.819412185516954196e+03 1.562009414958552135e-16
4.820666950933151384e+03 1.536201175914033143e-16
4.821921698116977495e+03 1.538590197141371737e-16
4.823176426909119073e+03 1.532205221880251916e-16
4.824431137150262657e+03 1.507277874429743691e-16
4.825685828681091152e+03 1.514109501670871794e-16
4.826940501342290190e+03 1.519670618810326350e-16
4.828195154974547222e+03 1.512339804155008459e-16
4.829449789418545151e+03 1.550700410810185895e-16
4.830704404514970520e+03 1.528154058408217928e-16
4.831959000104510778e+03 1.515708917122734548e-16
4.833213576027847921e+03 1.535785278664918014e-16
4.834468132125669399e+03 1.502199989372436583e-16
4.835722668238660845e+03 1.529085135921896086e-16
4.836977184207506070e+03 1.548654300038864460e-16
4.838231679872892528e+03 1.528378421930023577e-16
4.839486155075504939e+03 1.498845097823486746e-16
4.840740609656028028e+03 1.542948217894125441e-16
4.841995043455148334e+03 1.494767382475486155e-16
4.843249456313551491e+03 1.518294877158016398e-16
4.844503848071920402e+03 1.519647884036253847e-16
4.845758218570944337e+03 1.505910212984728511e-16
4.847012567651305289e+03 1.524298598039818893e-16
4.848266895153689802e+03 1.478372577952837792e-16
4.849521200918784416e+03 1.497539826410897111e-16
4.850775484787273854e+03 1.490073423740935739e-16
4.852029746599843747e+03 1.484873035892840762e-16
4.853283986197178820e+03 1.479159299498490935e-16
4.854538203419964702e+03 1.490113152228270643e-16
4.855792398108887937e+03 1.456546637350766337e-16
4.857046570104633247e+03 1.448976965965634264e-16
4.858300719247886263e+03 1.411365323440799608e-16
4.859554845379331709e+03 1.430160097539529853e-16
4.860808948339655217e+03 1.444126887348978967e-16
4.862063027969542418e+03 1.429518377857688567e-16
4.863317084109678945e+03 1.450987245680675327e-16
4.864571116600751338e+03 1.451479279388355615e-16
4.865825125283442503e+03 1.461026880039625881e-16
4.867079109998440799e+03 1.467669339876821651e-16
4.868333070586429130e+03 1.454160595155988013e-16
4.869587006888094038e+03 1.445544322796902965e-16
4.870840918744120245e+03 1.459499119330608047e-16
4.872094805995196111e+03 1.450887413358489336e-16
4.873348668482001813e+03 1.451200160215206151e-16
4.874602506045229347e+03 1.433433850669306422e-16
4.875856318525557981e+03 1.448211719300248137e-16
4.877110105763676984e+03 1.436012442189366190e-16
4.878363867600269259e+03 1.446650090133809380e-16
4.879617603876023168e+03 1.461343916525295083e-16
4.880871314431620704e+03 1.487570599138060620e-16
4.882124999107751137e+03 1.483789391506140383e-16
4.883378657745097371e+03 1.487721269209882599e-16
4.884632290184345038e+03 1.470638229022882413e-16
4.885885896266180680e+03 1.485313787034546111e-16
4.887139475831288109e+03 1.455269215490928230e-16
4.888393028720355687e+03 1.473526532565576269e-16
4.889646554774065407e+03 1.480211425461720077e-16
4.890900053833104721e+03 1.491202257245003612e-16
4.892153525738157441e+03 1.454505383806675303e-16
4.893406970329911928e+03 1.452466541293514548e-16
4.894660387449051086e+03 1.473587001738363273e-16
4.895913776936260547e+03 1.489878015090368578e-16
4.897167138632226852e+03 1.473124530217221070e-16
4.898420472377634724e+03 1.471435900654898323e-16
4.899673778013169795e+03 1.456734110829364531e-16
4.900927055379518606e+03 1.461074760367504190e-16
4.902180304317364062e+03 1.460512386325471167e-16
4.903433524667394522e+03 1.465486329967913522e-16
4.904686716270292891e+03 1.477069965131519053e-16
4.905939878966746619e+03 1.463831024327607088e-16
4.907193012597440429e+03 1.458520769374032750e-16
4.908446117003058134e+03 1.476438740317735587e-16
4.909699192024288095e+03 1.457188159989380113e-16
4.910952237501813215e+03 1.438458872824174317e-16
4.912205253276320036e+03 1.454911973639379168e-16
4.913458239188495099e+03 1.458650993455642830e-16
4.914711195079022218e+03 1.451139785787649992e-16
4.915964120788587024e+03 1.451012328018977893e-16
4.917217016157875150e+03 1.453597842750774284e-16
4.918469881027574047e+03 1.434683794430248446e-16
4.919722715238364799e+03 1.429008692084721345e-16
4.920975518630937586e+03 1.432841542462750822e-16
4.922228291045974402e+03 1.428567693336261763e-16
4.923481032324162697e+03 1.439796253176824395e-16
4.924733742306186286e+03 1.441974089362480672e-16
4.925986420832731710e+03 1.427777673909406282e-16
4.927239067744484601e+03 1.442199414969591830e-16
4.928491682882128771e+03 1.460546309351022880e-16
4.929744266086352582e+03 1.449877932903674504e-16
4.930996817197838936e+03 1.445906378646069077e-16
4.932249336057275286e+03 1.427015117904324647e-16
4.933501822505343625e+03 1.448884003976600400e-16
4.934754276382734133e+03 1.436910978070958821e-16
4.936006697530127894e+03 1.443791200045978037e-16
4.937259085788215089e+03 1.464686229938357946e-16
4.938511440997674981e+03 1.456607162248401970e-16
4.939763762999198661e+03 1.444685287483133684e-16
4.941016051633469033e+03 1.437416727427589415e-16
4.942268306741170818e+03 1.430627251211551845e-16
4.943520528162991468e+03 1.445554857155986293e-16
4.944772715739613886e+03 1.451755101372437959e-16
4.946024869311726434e+03 1.437612517703480009e-16
4.947276988720013833e+03 1.438516528740902251e-16
4.948529073805159896e+03 1.433636267507408136e-16
4.949781124407851166e+03 1.447286102512331579e-16
4.951033140368773275e+03 1.460510913322030312e-16
4.952285121528611853e+03 1.474556531233780060e-16
4.953537067728050715e+03 1.434022584899758268e-16
4.954788978807777312e+03 1.432171906376505443e-16
4.956040854608476366e+03 1.441168437469241960e-16
4.957292694970832599e+03 1.449730029141965397e-16
4.958544499735531645e+03 1.443676378400078986e-16
4.959796268743260043e+03 1.405716420803156294e-16
4.961048001834702518e+03 1.439458310203352893e-16
4.962299698850544701e+03 1.447521536616021127e-16
4.963551359631472224e+03 1.440887640272728898e-16
4.964802984018169809e+03 1.437859891735121036e-16
4.966054571851323090e+03 1.446441094284578438e-16
4.967306122971618606e+03 1.443800374757064214e-16
4.968557637219740172e+03 1.464716123470006959e-16
4.969809114436374330e+03 1.455105349582636366e-16
4.971060554462205801e+03 1.479108221528762995e-16
4.972311957137921127e+03 1.441598093175493995e-16
4.973563322304204121e+03 1.458619738564983494e-16
4.974814649801742235e+03 1.438523743676489030e-16
4.976065939471219281e+03 1.450296194727306034e-16
4.977317191153320891e+03 1.440499772364428760e-16
4.978568404688733608e+03 1.437870542203920419e-16
4.979819579918142153e+03 1.448226966969647059e-16
4.981070716682232160e+03 1.435285931297652317e-16
4.982321814821686530e+03 1.419026217085928436e-16
4.983572874177196354e+03 1.414834028978305291e-16
4.984823894589441807e+03 1.406879242152845374e-16
4.986074875899111248e+03 1.407439591515894860e-16
4.987325817946889401e+03 1.441124925023557444e-16
4.988576720573460989e+03 1.431313407852879826e-16
4.989827583619511643e+03 1.456758941597564988e-16
4.991078406925727904e+03 1.461634498121366829e-16
4.992329190332793587e+03 1.465861869317476981e-16
4.993579933681396142e+03 1.444574784681612434e-16
4.994830636812219382e+03 1.443459884981263036e-16
4.996081299565948939e+03 1.420327153973557133e-16
4.997331921783272264e+03 1.445553281165845592e-16
4.998582503304871352e+03 1.423977002599389882e-16
4.999833043971433653e+03 1.428690921631485621e-16
5.001083543623644800e+03 1.425633423987068163e-16
5.002334002102189515e+03 1.444940936340894472e-16
5.003584419247753431e+03 1.437310203018455304e-16
5.004834794901023088e+03 1.449524980606408693e-16
5.006085128902682300e+03 1.427698282259575135e-16
5.007335421093416699e+03 1.471619082452303750e-16
5.008585671313913736e+03 1.452360161851462380e-16
5.009835879404856314e+03 1.444252603800892843e-16
5.011086045206930976e+03 1.433378421453375757e-16
5.012336168560822443e+03 1.413739918725630990e-16
5.013586249307218168e+03 1.423199817604619735e-16
5.014836287286801962e+03 1.409769612785898279e-16
5.016086282340258549e+03 1.389163829853032922e-16
5.017336234308274470e+03 1.389155946066988772e-16
5.018586143031536267e+03 1.389558454273142945e-16
5.019836008350726843e+03 1.411996060327944504e-16
5.021085830106533649e+03 1.390620920096309499e-16
5.022335608139642318e+03 1.420041722100570370e-16
5.023585342290736662e+03 1.425621850857556335e-16
5.024835032400503223e+03 1.406289342631524402e-16
5.026084678309626725e+03 1.416267148990388900e-16
5.027334279858793707e+03 1.409401442027332415e-16
5.028583836888687074e+03 1.390176299678499951e-16
5.029833349239997005e+03 1.417129961900691939e-16
5.031082816753404586e+03 1.402486452403805695e-16
5.032332239269597267e+03 1.414185076514506796e-16
5.033581616629259770e+03 1.421762267598350976e-16
5.034830948673076819e+03 1.425945608722227540e-16
5.036080235241735863e+03 1.413671489555019766e-16
5.037329476175920718e+03 1.400322433788771280e-16
5.038578671316317923e+03 1.391814478740046608e-16
5.039827820503613111e+03 1.409787377959922283e-16
5.041076923578490096e+03 1.377259905700287984e-16
5.042325980381635418e+03 1.395014413196557382e-16
5.043574990753734710e+03 1.406060417226584644e-16
5.044823954535472694e+03 1.385026660010064293e-16
5.046072871567535913e+03 1.405061290659594718e-16
5.047321741690608178e+03 1.416139273051034385e-16
5.048570564745376032e+03 1.413970944907227597e-16
5.049819340572524197e+03 1.401378258853965924e-16
5.051068069012740125e+03 1.415532999769907763e-16
5.052316749906707628e+03 1.403013974986126666e-16
5.053565383095111429e+03 1.383178539392127148e-16
5.054813968418638069e+03 1.389056410148461541e-16
5.056062505717972272e+03 1.411133190881372727e-16
5.057310994833801487e+03 1.425118103417158993e-16
5.058559435606808620e+03 1.435470821804711441e-16
5.059807827877681120e+03 1.432382156036827717e-16
5.061056171487103711e+03 1.435313416035835478e-16
5.062304466275761115e+03 1.407718245108090950e-16
5.063552712084338964e+03 1.395653984588940883e-16
5.064800908753522890e+03 1.410994029182692861e-16
5.066049056123999435e+03 1.407383535108272795e-16
5.067297154036451502e+03 1.395119486817725712e-16
5.068545202331567452e+03 1.401904953114880647e-16
5.069793200850032008e+03 1.412613986302519464e-16
5.071041149432528073e+03 1.397690681098272677e-16
5.072289047919744007e+03 1.412462268576293978e-16
5.073536896152366353e+03 1.384383390719930689e-16
5.074784693971075285e+03 1.407878727591714295e-16
5.076032441216560983e+03 1.408290925049735741e-16
5.077280137729508169e+03 1.396829538325877902e-16
5.078527783350599748e+03 1.383092845590596680e-16
5.079775377920524079e+03 1.388942288208607646e-16
5.081022921279964976e+03 1.375767762941572758e-16
5.082270413269608071e+03 1.376638746756887505e-16
5.083517853730139905e+03 1.385019741768030332e-16
5.084765242502245201e+03 1.407465812383116142e-16
5.086012579426608681e+03 1.397143294999127133e-16
5.087259864343915979e+03 1.391113353450351260e-16
5.088507097094854544e+03 1.409091981778718762e-16
5.089754277520107280e+03 1.408308807319106966e-16
5.091001405460361639e+03 1.415016694457622056e-16
5.092248480756300523e+03 1.426624681975617771e-16
5.093495503248611385e+03 1.414188437637298031e-16
5.094742472777979856e+03 1.422567707368830406e-16
5.095989389185089749e+03 1.422130927345381663e-16
5.097236252310628515e+03 1.383905223606041573e-16
5.098483061995279968e+03 1.378562250641040451e-16
5.099729818079730649e+03 1.398393767893895203e-16
5.100976520404665280e+03 1.391143534426687266e-16
5.102223168810769494e+03 1.393283019333972755e-16
5.103469763138728922e+03 1.399968588856755023e-16
5.104716303229228288e+03 1.399616071177882306e-16
5.105962788922955951e+03 1.388527938619293962e-16
5.107209220060592088e+03 1.378923645716591056e-16
5.108455596482826877e+03 1.397058204116483718e-16
5.109701918030343222e+03 1.399984625286353676e-16
5.110948184543827665e+03 1.386919145245935344e-16
5.112194395863964928e+03 1.375339912127712475e-16
5.113440551831441553e+03 1.403145599737147095e-16
5.114686652286941353e+03 1.399414501930847726e-16
5.115932697071151779e+03 1.408209150724709962e-16
5.117178686024756644e+03 1.397881733435795598e-16
5.118424618988442489e+03 1.421303176729809471e-16
5.119670495802894038e+03 1.387119659326305892e-16
5.120916316308796013e+03 1.406176045100389035e-16
5.122162080346835864e+03 1.390326866955162196e-16
5.123407787757697406e+03 1.404439860835786419e-16
5.124653438382066270e+03 1.402193945574077147e-16
5.125899032060629906e+03 1.384096802304499345e-16
5.127144568634070311e+03 1.390474980737506338e-16
5.128390047943075842e+03 1.359274254420978827e-16
5.129635469828329406e+03 1.384638595536631959e-16
5.130880834130519361e+03 1.401503518191514141e-16
5.132126140690329521e+03 1.398839018167294626e-16
5.133371389348444609e+03 1.407722309185816713e-16
5.134616579945552076e+03 1.418004512072257670e-16
5.135861712322336643e+03 1.397951949455796673e-16
5.137106786319483035e+03 1.392121040755294567e-16
5.138351801777675973e+03 1.410264240856264424e-16
5.139596758537602000e+03 1.409066970123534623e-16
5.140841656439947656e+03 1.379093743627557160e-16
5.142086495325395845e+03 1.402707528896547105e-16
5.143331275034634928e+03 1.411251385063304562e-16
5.144575995408347808e+03 1.409635743795963713e-16
5.145820656287221027e+03 1.404277981623513787e-16
5.147065257511941127e+03 1.408114234915791312e-16
5.148309798923191011e+03 1.406974570146835146e-16
5.149554280361658130e+03 1.413365543500232578e-16
5.150798701668028116e+03 1.402864870387054004e-16
5.152043062682984782e+03 1.419296737744121196e-16
5.153287363247214671e+03 1.415516174869032151e-16
5.154531603201403414e+03 1.406235386994344441e-16
5.155775782386234823e+03 1.405984740686714172e-16
5.157019900642396351e+03 1.417090603240655004e-16
5.158263957810572720e+03 1.408588796486850012e-16
5.159507953731447742e+03 1.404459945504242265e-16
5.160751888245709779e+03 1.414989401235456021e-16
5.161995761194043553e+03 1.407431698377946834e-16
5.163239572417131967e+03 1.416757160169946956e-16
5.164483321755664292e+03 1.396782123715192451e-16
5.165727009050324341e+03 1.365987549618342865e-16
5.166970634141795017e+03 1.345438572810960378e-16
5.168214196870765591e+03 1.335788943244356875e-16
5.169457697077919875e+03 1.353556966494355585e-16
5.170701134603943501e+03 1.337169966322690327e-16
5.171944509289521193e+03 1.328549065594153156e-16
5.173187820975339491e+03 1.349939619919895288e-16
5.174431069502083119e+03 1.347195806887783438e-16
5.175674254710437708e+03 1.351163695440244462e-16
5.176917376441087981e+03 1.389319525788622668e-16
5.178160434534721389e+03 1.393238941134377375e-16
5.179403428832021746e+03 1.401319765764815097e-16
5.180646359173675592e+03 1.391171645097314751e-16
5.181889225400367650e+03 1.366093956226589818e-16
5.183132027352782643e+03 1.341306721012125202e-16
5.184374764871607113e+03 1.354170427312097617e-16
5.185617437797525781e+03 1.340576804568095071e-16
5.186860045971225190e+03 1.391404353945943379e-16
5.188102589233389153e+03 1.425586761839480699e-16
5.189345067424704212e+03 1.413991105848282962e-16
5.190587480385855997e+03 1.428553628612465896e-16
5.191829827957530142e+03 1.401007956430308492e-16
5.193072109980411369e+03 1.398388684150184276e-16
5.194314326295183491e+03 1.378451935529273989e-16
5.195556476742535779e+03 1.408467460890867524e-16
5.196798561163151135e+03 1.434054071145440587e-16
5.198040579397717011e+03 1.481091680759354466e-16
5.199282531286915400e+03 1.522671375105412326e-16
5.200524416671434665e+03 1.520343404892831222e-16
5.201766235391958617e+03 1.534933463272192712e-16
5.203007987289173798e+03 1.491554963494729830e-16
5.204249672203764931e+03 1.461506041892309068e-16
5.205491289976418557e+03 1.424397403353786432e-16
5.206732840447819399e+03 1.396114610498632745e-16
5.207974323458652179e+03 1.371213466008975351e-16
5.209215738849603440e+03 1.393038336350633512e-16
5.210457086461357903e+03 1.394251029338946234e-16
5.211698366134602111e+03 1.405136768077069532e-16
5.212939577710018966e+03 1.416343331692584048e-16
5.214180721028297739e+03 1.397415477931577924e-16
5.215421795930121334e+03 1.410013397628720149e-16
5.216662802256175382e+03 1.412494286955127185e-16
5.217903739847145516e+03 1.402207556280497616e-16
5.219144608543718277e+03 1.432539875384691299e-16
5.220385408186576569e+03 1.426002638821627404e-16
5.221626138616408753e+03 1.396515955837334978e-16
5.222866799673898640e+03 1.434208184292165877e-16
5.224107391199731865e+03 1.432381018788394925e-16
5.225347913034593148e+03 1.413692645192102588e-16
5.226588365019169942e+03 1.411201447999375154e-16
5.227828746994146968e+03 1.409195144526421494e-16
5.229069058800208040e+03 1.377985510739072939e-16
5.230309300278040610e+03 1.416539977954082332e-16
5.231549471268328489e+03 1.382534972645299153e-16
5.232789571611757310e+03 1.404024910288854622e-16
5.234029601149013615e+03 1.398413382261477463e-16
5.235269559720783036e+03 1.384974437231096536e-16
5.236509447167750295e+03 1.409033213962305795e-16
5.237749263330601025e+03 1.452388382649537178e-16
5.238989008050019947e+03 1.447258175129103503e-16
5.240228681166694514e+03 1.452189488646261616e-16
5.241468282521307628e+03 1.456618278211721211e-16
5.242707811954546742e+03 1.427183192742378467e-16
5.243947269307096576e+03 1.410099095252100512e-16
5.245186654419641854e+03 1.395054383867574401e-16
5.246425967132868209e+03 1.410730610404659551e-16
5.247665207287461271e+03 1.379584762592478712e-16
5.248904374724107583e+03 1.394166121761369261e-16
5.250143469283490958e+03 1.389493606892179482e-16
5.251382490806297938e+03 1.401717981407112146e-16
5.252621439133214153e+03 1.393727729211800390e-16
5.253860314104924328e+03 1.390551696704514265e-16
5.255099115562113184e+03 1.442938880592512675e-16
5.256337843345468173e+03 1.447378205025333963e-16
5.257576497295674017e+03 1.450196734329915094e-16
5.258815077253414529e+03 1.439430757624942811e-16
5.260053583059378070e+03 1.414077003801027508e-16
5.261292014554248453e+03 1.380250311869218722e-16
5.262530371578709492e+03 1.365304596723964079e-16
5.263768653973449545e+03 1.375721455293987044e-16
5.265006861579151519e+03 1.350709611525815387e-16
5.266244994236502862e+03 1.345246909345520596e-16
5.267483051786188298e+03 1.337772249812990496e-16
5.268721034068893459e+03 1.368877707525450761e-16
5.269958940925303068e+03 1.343432363697840801e-16
5.271196772196104575e+03 1.357955915380268602e-16
5.272434527721980885e+03 1.354419123378829099e-16
5.273672207343619448e+03 1.376164609583020175e-16
5.274909810901702258e+03 1.412593297012262529e-16
5.276147338236920405e+03 1.411258993011726638e-16
5.277384789189954063e+03 1.431199041615937625e-16
5.278622163601492502e+03 1.439528996772170972e-16
5.279859461312218627e+03 1.406982584238362798e-16
5.281096682162818070e+03 1.410909771284688113e-16
5.282333825993977371e+03 1.396884994560391453e-16
5.283570892646382163e+03 1.385751326729432230e-16
5.284807881960716259e+03 1.406699913083064378e-16
5.286044793777668019e+03 1.387209405493364972e-16
5.287281627937919438e+03 1.387311301727771110e-16
5.288518384282157967e+03 1.389747886185694315e-16
5.289755062651069238e+03 1.402452366073243890e-16
5.290991662885337973e+03 1.403470218689479050e-16
5.292228184825648896e+03 1.393302827307566172e-16
5.293464628312688546e+03 1.422344327261622174e-16
5.294700993187141648e+03 1.410153157208717470e-16
5.295937279289694743e+03 1.395767017710325891e-16
5.297173486461033463e+03 1.417854123357228671e-16
5.298409614541841620e+03 1.412701392909583342e-16
5.299645663372804847e+03 1.414218864526851080e-16
5.300881632794610596e+03 1.416132770882817831e-16
5.302117522647941769e+03 1.410903761879503925e-16
5.303353332773485818e+03 1.393479026239786068e-16
5.304589063011926555e+03 1.411125840315405054e-16
5.305824713203952342e+03 1.391036829849108853e-16
5.307060283190244263e+03 1.416005204145958362e-16
5.308295772811490679e+03 1.413100256560583590e-16
5.309531181908377221e+03 1.409428594413694874e-16
5.310766510321586793e+03 1.437078027500185415e-16
5.312001757891807756e+03 1.413938555972643033e-16
5.313236924459723923e+03 1.431935606989209906e-16
5.314472009866021835e+03 1.437395477552298098e-16
5.315707013951385306e+03 1.397099326715631643e-16
5.316941936556500877e+03 1.418226641158751361e-16
5.318176777522054181e+03 1.402810299582803718e-16
5.319411536688730848e+03 1.414677785813882684e-16
5.320646213897214693e+03 1.433623146241614249e-16
5.321880808988194076e+03 1.407442545429754001e-16
5.323115321802350991e+03 1.428126836617087226e-16
5.324349752180373798e+03 1.423148247713354859e-16
5.325584099962946311e+03 1.407816396140798946e-16
5.326818364990753253e+03 1.398944004265658482e-16
5.328052547104482983e+03 1.392471610360758004e-16
5.329286646144817496e+03 1.403276262543354690e-16
5.330520661952444243e+03 1.397613569807078586e-16
5.331754594368048856e+03 1.412342107423845838e-16
5.332988443232316058e+03 1.414554920207371299e-16
5.334222208385932390e+03 1.440581623018565836e-16
5.335455889669580756e+03 1.432460823174915824e-16
5.336689486923949516e+03 1.436867929281007957e-16
5.337922999989723394e+03 1.400569888177281232e-16
5.339156428707585292e+03 1.406145769282655355e-16
5.340389772918224480e+03 1.393454806344887261e-16
5.341623032462322954e+03 1.411555990558873130e-16
5.342856207180569072e+03 1.396351224585280318e-16
5.344089296913646649e+03 1.421752907035039464e-16
5.345322301502241316e+03 1.412706470457920176e-16
5.346555220787038706e+03 1.421514842758934633e-16
5.347788054608723542e+03 1.399087921821587807e-16
5.349020802807983273e+03 1.434014919733772418e-16
5.350253465225500804e+03 1.411103137188836104e-16
5.351486041701965405e+03 1.431364024691173298e-16
5.352718532078057251e+03 1.427280021401358237e-16
5.353950936194465612e+03 1.429192645499811052e-16
5.355183253891874301e+03 1.417107516912109417e-16
5.356415485010969860e+03 1.421577141339109126e-16
5.357647629392436102e+03 1.440937990450073021e-16
5.358879686876960477e+03 1.439587441069998464e-16
5.360111657305226800e+03 1.427235830287052290e-16
5.361343540517921610e+03 1.406895499848354375e-16
5.362575336355729632e+03 1.429171495965719069e-16
5.363807044659337407e+03 1.406714250631486023e-16
5.365038665269427838e+03 1.403036975935682532e-16
5.366270198026690196e+03 1.421395436116502515e-16
5.367501642771808292e+03 1.398740417363975629e-16
5.368732999345465032e+03 1.397210924600022681e-16
5.369964267588348775e+03 1.400625189613139625e-16
5.371195447341143336e+03 1.389450672699571360e-16
5.372426538444536163e+03 1.413217722503622037e-16
5.373657540739211072e+03 1.424671000202260536e-16
5.374888454065854603e+03 1.402712007983068148e-16
5.376119278265151479e+03 1.436469674407995201e-16
5.377350013177785513e+03 1.431753402782449894e-16
5.378580658644445975e+03 1.435431614968349807e-16
5.379811214505814860e+03 1.406064356607783248e-16
5.381041680602579618e+03 1.432050302383355588e-16
5.382272056775424971e+03 1.434677591029378495e-16
5.383502342865036553e+03 1.422519608966756949e-16
5.384732538712099995e+03 1.426843214396127708e-16
5.385962644157299110e+03 1.425656519446086537e-16
5.387192659041322258e+03 1.429779215741543723e-16
5.388422583204852344e+03 1.421458508430478694e-16
5.389652416488575000e+03 1.422698009932786081e-16
5.390882158733178585e+03 1.429075186287977756e-16
5.392111809779345094e+03 1.422351346814281211e-16
5.393341369467761069e+03 1.446303517512086987e-16
5.394570837639113051e+03 1.434361134713048634e-16
5.395800214134084854e+03 1.442483179823774086e-16
5.397029498793363018e+03 1.428253137268860070e-16
5.398258691457632267e+03 1.421895922355594018e-16
5.399487791967580051e+03 1.409303898837220092e-16
5.400716800163888365e+03 1.402054987872741573e-16
5.401945715887244660e+03 1.436299228647865567e-16
5.403174538978335477e+03 1.414206377206165849e-16
5.404403269277842810e+03 1.430831174932784915e-16
5.405631906626455930e+03 1.420660619438457432e-16
5.406860450864858649e+03 1.440310665814824100e-16
5.408088901833735690e+03 1.421556082519678811e-16
5.409317259373773595e+03 1.428082287852804439e-16
5.410545523325658905e+03 1.438886154471554602e-16
5.411773693530073615e+03 1.449202181245412589e-16
5.413001769827706084e+03 1.451437989135767765e-16
5.414229752059240127e+03 1.474748700976709335e-16
5.415457640065363194e+03 1.450075844890104474e-16
5.416685433686758188e+03 1.466083114079740686e-16
5.417913132764111651e+03 1.468672282300304342e-16
5.419140737138110126e+03 1.456377801099240361e-16
5.420368246649437424e+03 1.460531113963572983e-16
5.421595661138780997e+03 1.464054333191988002e-16
5.422822980446822839e+03 1.468385250100286704e-16
5.424050204414252221e+03 1.453462819715699746e-16
5.425277332881752045e+03 1.478196753709658966e-16
5.426504365690009763e+03 1.471075235652589477e-16
5.427731302679708278e+03 1.473264877325818685e-16
5.428958143691535042e+03 1.456705711153362953e-16
5.430184888566175687e+03 1.493816842925948908e-16
5.431411537144314025e+03 1.482470058215946045e-16
5.432638089266636598e+03 1.477917915333186835e-16
5.433864544773828129e+03 1.480325956537166446e-16
5.435090903506574250e+03 1.502326896219533369e-16
5.436317165305561502e+03 1.482082829408039219e-16
5.437543330011474609e+03 1.492983683221174107e-16
5.438769397464998292e+03 1.512330570356904595e-16
5.439995367506819093e+03 1.523334252460860980e-16
5.441221239977622645e+03 1.525715963047240607e-16
5.442447014718093669e+03 1.512469145573842033e-16
5.443672691568915070e+03 1.510803485187352621e-16
5.444898270370777936e+03 1.515707485356739409e-16
5.446123750964364262e+03 1.502783251488531759e-16
5.447349133190359680e+03 1.515334370597769522e-16
5.448574416889449822e+03 1.498605137626078607e-16
5.449799601902319409e+03 1.513960815135851959e-16
5.451024688069655895e+03 1.505802297410055080e-16
5.452249675232143090e+03 1.535697683828899609e-16
5.453474563230466629e+03 1.508704443954322055e-16
5.454699351905311232e+03 1.512685035525653115e-16
5.455924041097365262e+03 1.516929767180692743e-16
5.457148630647310711e+03 1.543747050549995034e-16
5.458373120395835940e+03 1.540703977728740960e-16
5.459597510183623854e+03 1.572229176807378558e-16
5.460821799851361902e+03 1.567843026321345665e-16
5.462045989239734809e+03 1.539232033791430872e-16
5.463270078189427295e+03 1.553259733937564172e-16
5.464494066541124994e+03 1.560568626699218603e-16
5.465717954135514447e+03 1.546364203983263535e-16
5.466941740813279466e+03 1.558189883814162746e-16
5.468165426415107504e+03 1.559321512211310522e-16
5.469389010781682373e+03 1.591845414244012712e-16
5.470612493753690615e+03 1.563262258218777489e-16
5.471835875171816951e+03 1.571836500437117498e-16
5.473059154876746106e+03 1.566163640999512284e-16
5.474282332709166440e+03 1.580754320510774578e-16
5.475505408509759945e+03 1.567877216335823044e-16
5.476728382119213165e+03 1.573689196623070156e-16
5.477951253378212641e+03 1.587009524117629458e-16
5.479174022127443095e+03 1.573218721090304710e-16
5.480396688207590159e+03 1.577867493831499830e-16
5.481619251459338557e+03 1.592068886600673873e-16
5.482841711723373919e+03 1.579688361979253872e-16
5.484064068840382788e+03 1.614056607474459653e-16
5.485286322651049886e+03 1.610739763413300471e-16
5.486508472996059936e+03 1.616969735999601568e-16
5.487730519716100389e+03 1.591879707122065268e-16
5.488952462651854148e+03 1.620430499096989535e-16
5.490174301644008665e+03 1.638097873668866072e-16
5.491396036533248662e+03 1.619805439458386364e-16
5.492617667160258861e+03 1.633336883935725369e-16
5.493839193365725805e+03 1.632631705477104756e-16
5.495060614990334216e+03 1.631370956575499586e-16
5.496281931874769725e+03 1.651853422620205131e-16
5.497503143859719785e+03 1.649624553135038739e-16
5.498724250785866388e+03 1.656752461807365632e-16
5.499945252493896078e+03 1.669584336403750729e-16
5.501166148824495394e+03 1.695201281390648901e-16
5.502386939618349061e+03 1.671303061234949473e-16
5.503607624716143619e+03 1.696019360900497062e-16
5.504828203958561971e+03 1.681759817903062781e-16
5.506048677186292480e+03 1.671524699199271308e-16
5.507269044240018047e+03 1.680060788987648771e-16
5.508489304960427035e+03 1.683094332285689527e-16
5.509709459188201436e+03 1.670716049628233551e-16
5.510929506764028702e+03 1.698588281811831934e-16
5.512149447528594465e+03 1.693361665680584929e-16
5.513369281322583447e+03 1.723796777807701275e-16
5.514589007986681281e+03 1.700633832050530906e-16
5.515808627361574509e+03 1.701112629342482183e-16
5.517028139287946942e+03 1.724003008545513951e-16
5.518247543606484214e+03 1.719078409489847410e-16
5.519466840157872866e+03 1.742800986599124306e-16
5.520686028782797621e+03 1.750983530875779189e-16
5.521905109321943200e+03 1.741677615417641865e-16
5.523124081615997056e+03 1.776869897258355425e-16
5.524342945505642092e+03 1.745163561330960540e-16
