3199.58615952244  196.7283
3200.6350674188  197.0903
3201.68403517454  198.8693
3202.7330627477  199.5481
3203.78215009632  198.2415
3204.83129717844  197.6442
3205.8805039521  200.3158
3206.92977037532  203.9067
3207.97909640613  210.802
3209.02848200256  210.6592
3210.07792712263  212.1277
3211.12743172434  212.1112
3212.17699576571  210.9343
3213.22661920473  212.2269
3214.27630199942  207.5983
3215.32604410777  207.1949
3216.37584548777  207.4281
3217.42570609741  206.5197
3218.47562589468  205.2233
3219.52560483755  202.7596
3220.57564288399  205.6467
3221.62573999199  207.585
3222.67589611951  205.076
3223.7261112245  204.7351
3224.77638526494  205.6147
3225.82671819876  204.4064
3226.87710998393  202.3965
3227.92756057839  205.717
3228.97806994008  205.0198
3230.02863802694  206.1066
3231.0792647969  208.1244
3232.12995020789  204.672
3233.18069421783  204.9885
3234.23149678465  201.0356
3235.28235786627  204.3334
3236.33327742058  202.1148
3237.38425540551  201.0026
3238.43529177895  200.0306
3239.4863864988  201.2686
3240.53753952296  201.9269
3241.58875080932  200.6334
3242.64002031577  205.687
3243.69134800019  202.8153
3244.74273382045  199.2728
3245.79417773444  200.2875
3246.84567970001  200.4247
3247.89723967504  201.1246
3248.94885761738  198.9156
3250.0005334849  199.4624
3251.05226723544  200.3694
3252.10405882686  201.2458
3253.15590821699  201.7466
3254.20781536368  201.5978
3255.25978022477  207.9308
3256.31180275808  204.2469
3257.36388292145  208.9189
3258.41602067268  208.4178
3259.46821596962  208.3225
3260.52046877006  206.836
3261.57277903182  211.2302
3262.6251467127  209.8953
3263.67757177051  209.4516
3264.73005416304  207.8369
3265.78259384809  212.4297
3266.83519078345  205.7608
3267.8878449269  206.7221
3268.94055623622  208.9031
3269.99332466918  207.4535
3271.04615018357  205.8961
3272.09903273714  206.4204
3273.15197228767  210.334
3274.2049687929  205.4248
3275.25802221061  210.3177
3276.31113249852  203.2431
3277.3642996144  206.1687
3278.41752351599  203.9474
3279.47080416102  204.5667
3280.52414150723  204.8535
3281.57753551234  204.3489
3282.63098613409  207.5157
3283.68449333019  209.4098
3284.73805705836  212.7499
3285.79167727632  212.5254
3286.84535394177  214.1427
3287.89908701241  212.3586
3288.95287644595  212.2457
3290.00672220009  214.4426
3291.0606242325  214.9349
3292.11458250089  224.7451
3293.16859696293  227.0654
3294.22266757631  223.5731
3295.27679429869  227.4337
3296.33097708775  220.0865
3297.38521590115  222.4429
3298.43951069656  219.9103
3299.49386143163  216.9823
3300.54826806402  215.0315
3301.60273055138  213.0752
3302.65724885134  210.6273
3303.71182292156  212.3653
3304.76645271966  207.9042
3305.82113820329  212.5183
3306.87587933006  210.426
3307.93067605761  209.6798
3308.98552834354  209.3078
3310.04043614549  210.6156
3311.09539942104  209.122
3312.15041812783  216.101
3313.20549222344  211.6938
3314.26062166548  212.6273
3315.31580641153  221.3768
3316.37104641919  220.4748
3317.42634164605  221.4875
3318.48169204969  221.0911
3319.53709758767  218.7627
3320.59255821758  219.296
3321.64807389699  215.6893
3322.70364458346  217.7504
3323.75927023454  217.8771
3324.8149508078  218.0877
3325.87068626078  213.0614
3326.92647655104  212.6389
3327.98232163612  211.3753
3329.03822147355  216.1281
3330.09417602087  208.3035
3331.15018523561  212.2865
3332.2062490753  210.9531
3333.26236749746  208.1978
3334.31854045961  207.8086
3335.37476791925  208.1647
3336.43104983391  209.3183
3337.48738616108  210.7468
3338.54377685827  208.3937
3339.60022188296  207.0961
3340.65672119267  210.2491
3341.71327474486  207.3174
3342.76988249703  210.5051
3343.82654440666  208.6176
3344.88326043122  208.4946
3345.94003052818  208.7283
3346.99685465501  209.779
3348.05373276917  202.8592
3349.11066482812  204.9615
3350.16765078932  208.1971
3351.22469061021  205.3539
3352.28178424824  207.711
3353.33893166085  207.1654
3354.39613280548  208.0938
3355.45338763957  206.677
3356.51069612053  206.7827
3357.5680582058  204.4114
3358.62547385279  205.6822
3359.68294301893  203.6234
3360.74046566161  205.5699
3361.79804173826  206.2651
3362.85567120627  209.3895
3363.91335402305  208.5792
3364.97109014598  209.5008
3366.02887953246  217.5804
3367.08672213987  225.1249
3368.1446179256  235.1451
3369.20256684703  237.858
3370.26056886152  240.87
3371.31862392645  235.8165
3372.37673199919  235.702
3373.43489303708  232.2429
3374.4931069975  228.4264
3375.55137383779  231.6488
3376.6096935153  227.4481
3377.66806598738  223.6945
3378.72649121136  222.2388
3379.78496914458  221.9537
3380.84349974437  219.6145
3381.90208296806  219.8509
3382.96071877297  219.2769
3384.01940711642  222.07
3385.07814795573  221.1233
3386.1369412482  214.3293
3387.19578695113  212.1889
3388.25468502184  216.4586
3389.31363541762  215.6421
3390.37263809576  214.9902
3391.43169301355  223.3726
3392.49080012827  215.5881
3393.54995939721  217.4773
3394.60917077764  217.2981
3395.66843422684  217.0706
3396.72774970207  214.6437
3397.78711716059  218.695
3398.84653655966  213.0861
3399.90600785654  218.1267
3400.96553100849  214.5597
3402.02510597274  213.5236
3403.08473270653  209.945
3404.14441116711  214.7985
3405.20414131172  215.8526
3406.26392309757  214.2325
3407.3237564819  211.1872
3408.38364142192  210.1316
3409.44357787485  210.6052
3410.50356579791  207.3569
3411.5636051483  214.4587
3412.62369588323  212.7848
3413.6838379599  212.2322
3414.7440313355  215.3002
3415.80427596722  215.3916
3416.86457181226  219.8145
3417.92491882779  220.0529
3418.98531697099  216.7968
3420.04576619904  216.8228
3421.10626646911  214.1569
3422.16681773836  216.9473
3423.22741996395  218.3287
3424.28807310305  214.8434
3425.3487771128  216.4862
3426.40953195036  215.1814
3427.47033757286  218.2774
3428.53119393746  220.2251
3429.59210100128  217.4486
3430.65305872146  215.2071
3431.71406705513  215.8876
3432.77512595941  219.0917
3433.83623539141  224.486
3434.89739530826  218.1956
3435.95860566706  217.7699
3437.01986642492  221.6126
3438.08117753895  220.72
3439.14253896624  216.6761
3440.20395066388  213.6429
3441.26541258897  218.3034
3442.32692469859  214.5332
3443.38848694982  213.294
3444.45009929974  213.1714
3445.51176170543  211.8352
3446.57347412394  212.6245
3447.63523651234  217.3519
3448.6970488277  221.3686
3449.75891102707  229.105
3450.8208230675  235.4525
3451.88278490603  237.5638
3452.94479649972  229.6944
3454.0068578056  234.3951
3455.0689687807  226.8474
3456.13112938206  229.6809
3457.1933395667  232.2801
3458.25559929164  228.5421
3459.3179085139  231.791
3460.3802671905  225.3679
3461.44267527843  224.5684
3462.50513273472  227.3154
3463.56763951635  226.8477
3464.63019558033  222.6113
3465.69280088364  222.2417
3466.75545538328  222.2038
3467.81815903623  226.1713
3468.88091179946  223.2698
3469.94371362996  218.5266
3471.00656448469  221.0262
3472.06946432062  220.2749
3473.13241309472  222.735
3474.19541076393  220.3672
3475.25845728522  221.0782
3476.32155261554  227.2479
3477.38469671182  230.8663
3478.44788953102  240.9435
3479.51113103007  247.1663
3480.57442116589  258.6251
3481.63775989543  249.9232
3482.7011471756  244.9918
3483.76458296333  244.2389
3484.82806721552  246.1154
3485.8915998891  245.8286
3486.95518094097  239.9925
3488.01881032803  233.1078
3489.08248800718  232.336
3490.14621393532  233.4025
3491.20998806933  227.2851
3492.2738103661  224.9008
3493.33768078252  228.2297
3494.40159927547  225.7011
3495.4655658018  222.1624
3496.5295803184  220.1186
3497.59364278214  218.1626
3498.65775314986  221.9474
3499.72191137843  217.4049
3500.78611742469  219.3161
3501.85037124551  220.2432
3502.91467279772  219.7034
3503.97902203815  222.5928
3505.04341892365  222.7036
3506.10786341105  220.3153
3507.17235545717  220.4898
3508.23689501884  223.0796
3509.30148205288  227.3707
3510.36611651609  224.6493
3511.43079836529  227.7487
3512.49552755729  228.5311
3513.56030404888  225.785
3514.62512779686  221.3494
3515.68999875803  224.0441
3516.75491688917  224.8438
3517.81988214707  224.2208
3518.88489448852  229.0507
3519.94995387027  227.2225
3521.01506024912  223.9814
3522.08021358181  222.3445
3523.14541382513  222.8615
3524.21066093582  222.5821
3525.27595487064  220.0772
3526.34129558634  221.3097
3527.40668303967  223.0601
3528.47211718738  224.9286
3529.53759798618  227.6663
3530.60312539284  222.2495
3531.66869936406  220.9981
3532.73431985657  225.2891
3533.79998682711  223.0098
3534.86570023237  223.991
3535.93146002909  222.5971
3536.99726617395  226.9677
3538.06311862368  229.7799
3539.12901733496  235.1271
3540.19496226449  248.0283
3541.26095336897  249.7963
3542.32699060508  262.5678
3543.39307392951  264.0192
3544.45920329892  267.7947
3545.52537867  257.5753
3546.59159999942  255.1678
3547.65786724384  246.1863
3548.72418035992  247.4515
3549.79053930433  252.3945
3550.85694403371  242.7164
3551.92339450471  250.587
3552.98989067397  259.7481
3554.05643249815  262.0255
3555.12301993387  258.7183
3556.18965293776  252.7912
3557.25633146646  248.4664
3558.32305547658  248.1635
3559.38982492475  246.522
3560.45663976758  242.4571
3561.52349996168  239.6553
3562.59040546366  238.4324
3563.65735623012  232.4563
3564.72435221766  232.2352
3565.79139338287  232.3089
3566.85847968233  238.4271
3567.92561107265  227.4352
3568.99278751039  230.9769
3570.06000895213  230.1287
3571.12727535445  222.3016
3572.19458667392  228.7993
3573.26194286709  230.112
3574.32934389053  227.9785
3575.3967897008  228.004
3576.46428025444  225.732
3577.531815508  230.4541
3578.59939541803  220.5735
3579.66701994106  222.2947
3580.73468903363  222.671
3581.80240265227  220.3971
3582.8701607535  222.5034
3583.93796329384  220.137
3585.00581022982  216.7335
3586.07370151795  219.2115
3587.14163711473  216.8719
3588.20961697667  219.096
3589.27764106027  228.0693
3590.34570932203  225.1027
3591.41382171843  231.2381
3592.48197820597  224.4301
3593.55017874113  226.3721
3594.61842328039  233.3522
3595.68671178022  224.9102
3596.7550441971  226.8395
3597.82342048749  221.561
3598.89184060785  227.8909
3599.96030451464  226.0955
3601.02881216432  223.8897
3602.09736351333  228.4094
3603.16595851813  221.8459
3604.23459713514  219.926
3605.30327932081  220.8916
3606.37200503157  223.3322
3607.44077422385  219.2212
3608.50958685408  219.8154
3609.57844287867  221.1172
3610.64734225403  222.1359
3611.71628493659  220.6925
3612.78527088274  225.9201
3613.8543000489  233.343
3614.92337239145  240.5753
3615.9924878668  246.2723
3617.06164643133  249.9687
3618.13084804143  247.977
3619.20009265348  245.6004
3620.26938022386  242.1504
3621.33871070894  244.173
3622.4080840651  239.334
3623.47750024869  245.5741
3624.54695921608  238.8312
3625.61646092362  242.8708
3626.68600532766  234.4759
3627.75559238456  240.3532
3628.82522205065  238.9308
3629.89489428228  249.2322
3630.96460903578  249.4498
3632.03436626749  248.4374
3633.10416593372  254.4408
3634.1740079908  261.3747
3635.24389239505  250.3429
3636.31381910278  252.5949
3637.38378807031  252.1158
3638.45379925394  245.2929
3639.52385260996  251.5624
3640.59394809468  247.362
3641.66408566439  242.5368
3642.73426527538  242.3484
3643.80448688393  244.2743
3644.87475044632  245.2803
3645.94505591883  248.0931
3647.01540325773  258.8021
3648.08579241928  274.159
3649.15622335976  294.6479
3650.22669603541  306.7285
3651.2972104025  292.4307
3652.36776641726  278.3777
3653.43836403596  277.0424
3654.50900321483  277.3107
3655.57968391011  266.2743
3656.65040607803  257.5323
3657.72116967483  257.0682
3658.79197465672  249.2101
3659.86282097992  251.8502
3660.93370860066  264.5381
3662.00463747515  274.1693
3663.07560755959  273.6486
3664.14661881019  268.8159
3665.21767118314  254.7404
3666.28876463465  250.0426
3667.3598991209  235.8689
3668.43107459808  241.1404
3669.50229102237  240.0916
3670.57354834995  235.9464
3671.644846537  234.1583
3672.71618553968  237.9422
3673.78756531416  233.6131
3674.85898581661  234.6017
3675.93044700317  238.1543
3677.00194883001  231.5403
3678.07349125326  236.6972
3679.14507422908  233.4341
3680.2166977136  235.8617
3681.28836166297  227.1118
3682.36006603331  232.0384
3683.43181078074  229.661
3684.5035958614  232.2425
3685.5754212314  231.7548
3686.64728684686  233.5356
3687.71919266388  227.2582
3688.79113863858  230.5146
3689.86312472706  235.6148
3690.9351508854  237.3462
3692.00721706972  231.5669
3693.07932323608  236.0476
3694.15146934059  234.2646
3695.22365533932  241.3293
3696.29588118835  240.7911
3697.36814684375  250.5589
3698.44045226159  254.1584
3699.51279739793  259.6301
3700.58518220884  258.9919
3701.65760665036  256.7408
3702.73007067855  253.2154
3703.80257424945  257.4365
3704.87511731911  250.514
3705.94769984357  243.8503
3707.02032177886  248.2734
3708.09298308101  248.8449
3709.16568370605  242.6907
3710.23842360999  241.7636
3711.31120274886  239.0281
3712.38402107867  238.6091
3713.45687855542  238.5071
3714.52977513513  238.218
3715.60271077379  238.5295
3716.67568542739  235.7773
3717.74869905193  232.9766
3718.8217516034  231.2468
3719.89484303779  231.245
3720.96797331105  233.687
3722.04114237919  233.8337
3723.11435019816  228.5598
3724.18759672393  236.4204
3725.26088191246  234.1807
3726.33420571971  237.6901
3727.40756810164  234.8386
3728.4809690142  236.1368
3729.55440841332  237.2955
3730.62788625495  248.5378
3731.70140249503  250.6246
3732.77495708948  249.5915
3733.84854999425  249.3448
3734.92218116525  260.2708
3735.99585055839  257.4567
3737.06955812961  260.8364
3738.1433038348  266.7135
3739.21708762988  272.0211
3740.29090947074  268.4572
3741.36476931329  265.349
3742.43866711343  264.0842
3743.51260282703  257.853
3744.58657640999  256.9297
3745.66058781818  255.9614
3746.73463700749  253.1712
3747.80872393379  249.6101
3748.88284855295  248.4457
3749.95701082083  251.8432
3751.03121069329  248.6022
3752.10544812619  253.4716
3753.17972307538  252.4681
3754.25403549671  254.7043
3755.32838534602  258.0204
3756.40277257915  247.949
3757.47719715194  246.4215
3758.55165902021  242.8104
3759.62615813979  243.8364
3760.70069446651  245.5352
3761.77526795619  244.8272
3762.84987856463  239.7758
3763.92452624764  241.4631
3764.99921096104  244.5627
3766.07393266062  237.9671
3767.14869130218  239.9923
3768.22348684151  236.0024
3769.2983192344  241.9054
3770.37318843664  249.053
3771.448094404  255.2088
3772.52303709226  255.5879
3773.59801645719  258.1261
3774.67303245456  251.9156
3775.74808504013  255.6636
3776.82317416966  255.8414
3777.8982997989  256.1211
3778.97346188361  254.5036
3780.04866037953  252.2036
3781.1238952424  246.0081
3782.19916642797  252.0006
3783.27447389195  249.1264
3784.34981759008  250.7722
3785.4251974781  249.6322
3786.50061351171  243.1642
3787.57606564663  244.1908
3788.65155383858  252.8127
3789.72707804326  253.0795
3790.80263821638  254.3151
3791.87823431363  257.8342
3792.95386629071  253.4415
3794.02953410332  248.7363
3795.10523770714  248.8152
3796.18097705784  248.4499
3797.25675211112  242.8344
3798.33256282263  232.6669
3799.40840914806  243.0369
3800.48429104307  252.4336
3801.56020846332  247.6878
3802.63616136446  250.4652
3803.71214970215  241.9946
3804.78817343204  246.1684
3805.86423250977  253.1553
3806.94032689098  245.6867
3808.01645653131  242.7053
3809.09262138639  238.6396
3810.16882141184  244.8148
3811.24505656329  247.0243
3812.32132679636  255.9899
3813.39763206666  261.0715
3814.4739723298  257.5825
3815.5503475414  256.1384
3816.62675765704  256.2433
3817.70320263233  252.5459
3818.77968242286  251.8294
3819.85619698422  255.6727
3820.93274627199  246.2632
3822.00933024177  255.9682
3823.08594884911  246.7977
3824.1626020496  245.6578
3825.2392897988  247.8809
3826.31601205227  246.6172
3827.39276876559  258.1457
3828.46955989429  272.6465
3829.54638539393  283.3865
3830.62324522006  281.0362
3831.70013932823  278.11
3832.77706767396  273.5639
3833.85403021279  274.6541
3834.93102690026  265.1518
3836.00805769188  250.5524
3837.08512254319  258.8147
3838.16222140969  259.0662
3839.2393542469  256.6427
3840.31652101033  260.8194
3841.39372165548  263.5729
3842.47095613785  259.2745
3843.54822441294  258.1631
3844.62552643624  253.1632
3845.70286216324  260.7425
3846.78023154942  258.5111
3847.85763455025  257.401
3848.93507112122  252.746
3850.0125412178  255.2131
3851.09004479544  252.4788
3852.16758180962  255.8455
3853.24515221579  255.6446
3854.3227559694  247.3394
3855.4003930259  245.9169
3856.47806334075  246.9476
3857.55576686937  244.756
3858.6335035672  243.2119
3859.71127338968  238.7731
3860.78907629224  244.5199
3861.8669122303  248.993
3862.94478115927  249.248
3864.02268303458  249.1495
3865.10061781164  245.1433
3866.17858544584  244.2418
3867.2565858926  242.1178
3868.33461910732  244.1843
3869.41268504538  234.8535
3870.49078366217  233.5337
3871.56891491309  237.0341
3872.64707875352  241.4398
3873.72527513882  251.2531
3874.80350402438  246.4353
3875.88176536556  244.4077
3876.96005911773  245.148
3878.03838523624  243.4632
3879.11674367646  243.0499
3880.19513439374  243.5572
3881.27355734341  240.5784
3882.35201248084  238.6985
3883.43049976134  244.6324
3884.50901914027  241.5138
3885.58757057295  241.0748
3886.6661540147  242.3514
3887.74476942085  244.8636
3888.82341674672  246.9437
3889.90209594761  242.1259
3890.98080697885  245.1629
3892.05954979573  245.3968
3893.13832435356  249.1912
3894.21713060762  257.3704
3895.29596851323  253.1517
3896.37483802565  259.9116
3897.45373910018  256.9653
3898.5326716921  256.738
3899.61163575668  256.1534
3900.69063124919  260.3919
3901.7696581249  261.7271
3902.84871633907  273.2766
3903.92780584696  271.7068
3905.00692660383  285.5452
3906.08607856492  299.2298
3907.16526168549  305.1174
3908.24447592076  312.7045
3909.32372122599  307.2485
3910.4029975564  300.882
3911.48230486721  314.532
3912.56164311367  307.5058
3913.64101225098  302.89
3914.72041223437  296.55
3915.79984301903  284.1301
3916.87930456019  275.6591
3917.95879681305  276.3149
3919.0383197328  268.1603
3920.11787327464  256.3085
3921.19745739376  258.5292
3922.27707204534  255.2609
3923.35671718458  254.1485
3924.43639276663  252.6205
3925.5160987467  254.7929
3926.59583507993  249.9912
3927.67560172149  255.0949
3928.75539862655  250.4667
3929.83522575026  246.7445
3930.91508304778  243.5671
3931.99497047425  250.4627
3933.07488798482  251.1509
3934.15483553463  246.3497
3935.23481307881  244.4753
3936.31482057249  245.1685
3937.39485797081  252.0686
3938.47492522888  257.1081
3939.55502230182  266.5901
3940.63514914474  271.6097
3941.71530571277  276.2569
3942.795491961  278.7175
3943.87570784453  277.3827
3944.95595331846  270.029
3946.03622833789  267.962
3947.11653285791  270.6867
3948.19686683359  271.3674
3949.27723022002  269.1503
3950.35762297228  268.6465
3951.43804504544  263.9482
3952.51849639456  262.0576
3953.5989769747  258.3733
3954.67948674094  263.8019
3955.76002564832  259.5534
3956.84059365189  258.9867
3957.92119070671  259.0394
3959.0018167678  255.2146
3960.08247179022  263.0742
3961.16315572899  262.0642
3962.24386853915  249.7476
3963.32461017571  252.3804
3964.40538059371  244.9654
3965.48617974815  244.1478
3966.56700759406  238.9916
3967.64786408643  241.3134
3968.72874918027  234.4426
3969.80966283059  237.6758
3970.89060499237  239.1703
3971.97157562062  253.8442
3973.05257467031  249.628
3974.13360209643  259.7783
3975.21465785396  264.7825
3976.29574189787  261.2339
3977.37685418313  257.8551
3978.45799466472  259.7646
3979.53916329758  267.3882
3980.62036003669  268.7887
3981.70158483698  265.4044
3982.78283765342  267.2419
3983.86411844094  268.3438
3984.94542715449  260.8022
3986.026763749  260.8599
3987.10812817941  263.7734
3988.18952040064  269.0488
3989.27094036761  260.9628
3990.35238803525  261.1691
3991.43386335847  260.7214
3992.51536629218  262.8293
3993.59689679129  263.7804
3994.6784548107  270.2912
3995.76004030531  268.4285
3996.84165323002  269.0536
3997.9232935397  264.1377
3999.00496118925  272.9163
4000.08665613356  268.0266
4001.16837832748  263.8919
4002.25012772591  261.809
4003.33190428371  261.3625
4004.41370795573  262.108
4005.49553869685  264.5892
4006.57739646192  273.2969
4007.65928120578  278.7776
4008.74119288329  282.7879
4009.82313144929  290.1237
4010.90509685862  294.416
4011.98708906611  288.2033
4013.0691080266  281.7561
4014.1511536949  283.3233
4015.23322602585  277.0978
4016.31532497425  274.0517
4017.39745049493  290.5717
4018.47960254269  289.2992
4019.56178107233  299.8653
4020.64398603866  304.9678
4021.72621739648  306.3878
4022.80847510057  299.78
4023.89075910573  300.3181
4024.97306936673  296.003
4026.05540583836  289.4581
4027.13776847539  276.0341
4028.2201572326  282.9854
4029.30257206475  282.8184
4030.38501292659  282.949
4031.4674797729  279.0467
4032.54997255843  279.6333
4033.63249123792  279.4526
4034.71503576612  281.5846
4035.79760609777  277.8657
4036.88020218761  283.4881
4037.96282399037  290.127
4039.04547146078  285.6164
4040.12814455357  297.1818
4041.21084322345  306.4641
4042.29356742515  307.9755
4043.37631711336  349.3404
4044.45909224281  487.4467
4045.54189276819  645.5331
4046.6247186442  703.658
4047.70756982554  594.5398
4048.79044626689  456.7344
4049.87334792295  355.433
4050.9562747484  325.4023
4052.0392266979  305.0714
4053.12220372615  315.4393
4054.2052057878  306.2692
4055.28823283752  310.9915
4056.37128482998  300.2132
4057.45436171982  296.4082
4058.53746346171  296.065
4059.62059001028  303.5478
4060.70374132019  299.6164
4061.78691734606  304.615
4062.87011804255  298.8676
4063.95334336428  310.0884
4065.03659326587  310.9119
4066.11986770195  311.5255
4067.20316662714  306.9507
4068.28648999605  308.6662
4069.36983776329  305.3433
4070.45320988346  298.2589
4071.53660631118  299.781
4072.62002700103  292.5784
4073.70347190761  293.5964
4074.78694098551  314.1216
4075.87043418931  327.5545
4076.95395147359  358.8513
4078.03749279293  347.9095
4079.1210581019  331.7248
4080.20464735506  324.7484
4081.28826050699  314.2966
4082.37189751224  305.4998
4083.45555832536  307.054
4084.53924290091  305.548
4085.62295119343  311.3617
4086.70668315747  308.5729
4087.79043874755  300.3436
4088.87421791822  293.9581
4089.95802062401  289.0057
4091.04184681944  288.8997
4092.12569645902  280.8035
4093.20956949729  286.2537
4094.29346588874  279.9783
4095.3773855879  283.6235
4096.46132854925  285.7214
4097.54529472731  284.3479
4098.62928407657  285.6412
4099.71329655151  282.4476
4100.79733210663  271.8008
4101.88139069641  266.5371
4102.96547227533  265.6107
4104.04957679785  271.6948
4105.13370421846  276.0959
4106.21785449162  277.7798
4107.30202757178  277.1814
4108.38622341341  288.6796
4109.47044197097  279.6287
4110.55468319889  278.0204
4111.63894705162  273.1789
4112.72323348361  276.7417
4113.80754244928  284.8253
4114.89187390308  284.181
4115.97622779942  279.6533
4117.06060409274  278.883
4118.14500273745  276.2623
4119.22942368797  275.1986
4120.3138668987  276.1192
4121.39833232406  285.3607
4122.48281991845  284.7076
4123.56732963626  292.6853
4124.65186143188  291.546
4125.73641525972  294.913
4126.82099107415  287.6142
4127.90558882955  291.2768
4128.9902084803  299.2219
4130.07484998078  292.2524
4131.15951328534  299.7842
4132.24419834837  292.5586
4133.3289051242  302.0287
4134.41363356721  303.6984
4135.49838363174  301.9431
4136.58315527215  295.3398
4137.66794844276  298.7443
4138.75276309793  303.0665
4139.83759919198  306.9143
4140.92245667925  302.1174
4142.00733551405  294.1098
4143.09223565073  288.553
4144.17715704358  291.0479
4145.26209964693  291.4401
4146.34706341508  294.2213
4147.43204830234  288.4418
4148.51705426301  290.5299
4149.60208125138  286.6204
4150.68712922175  296.3641
4151.7721981284  297.8262
4152.85728792563  300.1812
4153.9423985677  306.0809
4155.02753000889  307.3353
4156.11268220348  307.8481
4157.19785510572  309.5203
4158.28304866989  306.3373
4159.36826285024  301.8078
4160.45349760102  305.3641
4161.53875287649  309.1111
4162.62402863089  322.3273
4163.70932481846  335.5796
4164.79464139343  335.4694
4165.87997831005  335.7517
4166.96533552254  326.3859
4168.05071298511  335.814
4169.13611065201  326.5321
4170.22152847743  324.17
4171.30696641559  319.124
4172.39242442069  321.5712
4173.47790244695  307.6497
4174.56340044856  314.1769
4175.64891837971  310.2236
4176.7344561946  320.1035
4177.82001384741  324.1682
4178.90559129231  316.3587
4179.9911884835  306.9926
4181.07680537514  303.0748
4182.16244192141  302.4861
4183.24809807646  299.1726
4184.33377379446  299.0868
4185.41946902956  293.602
4186.50518373592  290.364
4187.59091786768  294.2482
4188.67667137899  286.5078
4189.76244422399  298.4916
4190.84823635681  302.393
4191.93404773158  289.8004
4193.01987830244  291.9898
4194.1057280235  292.4725
4195.19159684888  288.7922
4196.27748473269  284.4488
4197.36339162905  279.1005
4198.44931749205  281.6158
4199.53526227581  284.1626
4200.62122593442  286.0903
4201.70720842197  280.3533
4202.79320969255  277.2257
4203.87922970025  281.6897
4204.96526839914  287.146
4206.0513257433  285.7064
4207.1374016868  298.4312
4208.22349618371  294.4615
4209.30960918809  292.6045
4210.395740654  288.2636
4211.48189053551  297.6845
4212.56805878664  285.3636
4213.65424536146  293.7529
4214.74045021401  293.4933
4215.82667329831  297.8388
4216.91291456842  296.4774
4217.99917397835  298.0018
4219.08545148212  294.1075
4220.17174703377  292.7057
4221.25806058731  284.4162
4222.34439209674  295.9818
4223.43074151609  293.172
4224.51710879934  287.4463
4225.60349390051  282.8634
4226.68989677358  281.6852
4227.77631737255  282.2729
4228.86275565141  291.5161
4229.94921156413  294.5235
4231.0356850647  299.2686
4232.12217610708  296.394
4233.20868464526  294.1673
4234.29521063319  299.5359
4235.38175402483  292.6483
4236.46831477415  298.2385
4237.5548928351  300.5449
4238.64148816162  295.0001
4239.72810070767  292.6431
4240.81473042717  295.8774
4241.90137727407  293.2303
4242.98804120229  292.1777
4244.07472216577  302.8147
4245.16142011843  331.4974
4246.24813501419  344.395
4247.33486680696  350.7258
4248.42161545065  327.1077
4249.50838089917  312.9595
4250.59516310642  309.9785
4251.6819620263  311.2975
4252.76877761271  319.8992
4253.85560981952  311.1467
4254.94245860064  317.1511
4256.02932390993  321.5396
4257.11620570127  319.6718
4258.20310392855  317.9044
4259.29001854561  308.0551
4260.37694950634  306.5284
4261.46389676459  313.2213
4262.55086027421  306.359
4263.63783998905  320.4081
4264.72483586297  323.0109
4265.8118478498  319.4673
4266.89887590339  319.6424
4267.98591997756  323.9137
4269.07298002616  328.3787
4270.16005600299  317.2995
4271.24714786189  312.3458
4272.33425555668  316.1818
4273.42137904116  319.5797
4274.50851826914  323.6035
4275.59567319443  328.8633
4276.68284377084  326.9506
4277.77002995214  322.4045
4278.85723169215  322.6177
4279.94444894464  328.9474
4281.0316816634  328.9214
4282.1189298022  322.9835
4283.20619331483  321.0592
4284.29347215505  323.8495
4285.38076627663  329.9535
4286.46807563334  320.8729
4287.55540017892  320.2819
4288.64273986713  314.3098
4289.73009465173  316.5175
4290.81746448646  325.8748
4291.90484932505  324.9637
4292.99224912126  326.7431
4294.0796638288  326.1349
4295.1670934014  333.6796
4296.2545377928  326.8811
4297.34199695671  325.1404
4298.42947084684  316.8269
4299.51695941691  325.3225
4300.60446262063  327.921
4301.69198041169  324.7808
4302.7795127438  325.8629
4303.86705957065  324.3087
4304.95462084593  316.3214
4306.04219652333  325.2429
4307.12978655652  323.1976
4308.21739089919  334.6697
4309.30500950501  331.3629
4310.39264232765  335.9332
4311.48028932076  342.4283
4312.56795043802  357.6392
4313.65562563308  365.8246
4314.7433148596  359.726
4315.83101807121  363.3945
4316.91873522156  358.1483
4318.00646626429  359.7149
4319.09421115304  354.626
4320.18196984144  374.6121
4321.26974228311  364.0524
4322.35752843168  349.834
4323.44532824076  344.649
4324.53314166397  336.3788
4325.62096865492  347.9997
4326.70880916721  348.8436
4327.79666315444  337.5814
4328.88453057022  337.3895
4329.97241136813  341.5723
4331.06030550176  347.2667
4332.1482129247  342.4519
4333.23613359052  344.8343
4334.32406745281  348.5931
4335.41201446512  350.1925
4336.49997458104  351.0534
4337.58794775413  347.2769
4338.67593393793  346.6541
4339.76393308602  347.7323
4340.85194515193  348.9021
4341.93997008921  355.2206
4343.0280078514  359.6753
4344.11605839206  364.6169
4345.20412166469  377.7445
4346.29219762284  375.0635
4347.38028622003  392.3207
4348.46838740978  389.9186
4349.55650114561  386.1301
4350.64462738102  375.6108
4351.73276606953  366.6867
4352.82091716464  365.136
4353.90908061985  383.5151
4354.99725638866  451.2927
4356.08544442455  771.1451
4357.17364468102  1143.292
4358.26185711153  1329.738
4359.35008166958  1161.743
4360.43831830864  785.9167
4361.52656698218  547.4481
4362.61482764365  444.1074
4363.70310024653  416.5303
4364.79138474427  396.0259
4365.87968109032  387.7819
4366.96798923814  398.5663
4368.05630914116  384.1857
4369.14464075282  385.8112
4370.23298402657  386.3817
4371.32133891583  393.2179
4372.40970537403  392.5558
4373.4980833546  400.4575
4374.58647281095  404.3733
4375.67487369649  407.3224
4376.76328596464  389.033
4377.85170956881  384.5756
4378.94014446239  384.1848
4380.02859059879  397.84
4381.11704793139  380.6241
4382.20551641359  381.744
4383.29399599877  376.7055
4384.3824866403  375.8389
4385.47098829158  372.2229
4386.55950090597  388.0527
4387.64802443684  380.2201
4388.73655883754  379.1935
4389.82510406145  386.2382
4390.91366006192  387.101
4392.00222679229  384.1978
4393.09080420592  383.5849
4394.17939225615  388.1581
4395.26799089631  397.9592
4396.35660007974  386.2082
4397.44521975977  389.3854
4398.53384988973  393.2529
4399.62249042293  402.3167
4400.71114131269  419.299
4401.79980251233  418.5299
4402.88847397516  417.6227
4403.97715565448  410.8492
4405.06584750358  418.4228
4406.15454947577  426.1489
4407.24326152434  433.2253
4408.33198360257  428.5549
4409.42071566375  429.0652
4410.50945766116  432.8767
4411.59820954806  439.4146
4412.68697127774  435.3397
4413.77574280346  427.1617
4414.86452407848  437.5053
4415.95331505606  439.7129
4417.04211568945  437.6841
4418.1309259319  423.5455
4419.21974573665  436.5049
4420.30857505696  437.1606
4421.39741384604  432.863
4422.48626205714  430.1714
4423.57511964349  432.581
4424.6639865583  429.5482
4425.7528627548  440.5615
4426.84174818621  438.1161
4427.93064280573  436.3699
4429.01954656656  429.236
4430.10845942193  430.2852
4431.19738132501  423.9313
4432.28631222901  436.2652
4433.37525208712  430.5656
4434.46420085251  420.4019
4435.55315847839  422.2506
4436.64212491791  440.2426
4437.73110012425  439.9117
4438.82008405059  445.4366
4439.90907665009  438.6232
4440.9980778759  443.4352
4442.08708768118  426.9963
4443.17610601909  438.4474
4444.26513284278  436.4062
4445.35416810538  443.1656
4446.44321176003  436.9352
4447.53226375988  432.2787
4448.62132405804  438.5364
4449.71039260765  443.4243
4450.79946936183  436.5612
4451.8885542737  438.6664
4452.97764729637  431.9213
4454.06674838294  429.6726
4455.15585748654  429.3976
4456.24497456025  436.7113
4457.33409955717  437.5707
4458.4232324304  437.517
4459.51237313302  442.6893
4460.60152161812  448.0844
4461.69067783878  453.6287
4462.77984174806  432.5655
4463.86901329906  446.8463
4464.95819244482  448.6086
4466.04737913842  442.9592
4467.13657333291  448.3282
4468.22577498135  450.9991
4469.31498403678  439.6593
4470.40420045226  432.6952
4471.49342418082  449.9861
4472.5826551755  445.5474
4473.67189338934  439.9246
4474.76113877537  456.1044
4475.8503912866  451.5265
4476.93965087606  451.8167
4478.02891749676  446.6186
4479.11819110172  452.0384
4480.20747164395  441.527
4481.29675907644  442.5907
4482.3860533522  448.6756
4483.47535442422  462.9032
4484.5646622455  458.6536
4485.65397676902  459.4385
4486.74329794775  464.022
4487.83262573469  448.6603
4488.9219600828  449.0638
4490.01130094506  458.2381
4491.10064827442  459.4339
4492.19000202385  465.7785
4493.27936214631  468.7765
4494.36872859475  464.9753
4495.45810132211  450.1854
4496.54748028135  472.6163
4497.63686542539  466.3964
4498.72625670719  464.4942
4499.81565407966  467.8031
4500.90505749574  458.7991
4501.99446690834  464.7439
4503.0838822704  457.6588
4504.17330353481  469.7059
4505.2627306545  461.4471
4506.35216358236  459.5088
4507.44160227131  469.5155
4508.53104667423  454.7303
4509.62049674402  456.9778
4510.70995243357  467.1195
4511.79941369576  460.515
4512.88888048348  450.7218
4513.97835274959  447.6114
4515.06783044698  449.3575
4516.15731352852  454.9195
4517.24680194705  452.1942
4518.33629565545  456.39
4519.42579460657  448.2167
4520.51529875326  454.2772
4521.60480804836  457.0357
4522.69432244472  459.7146
4523.78384189518  458.9898
4524.87336635257  456.2695
4525.96289576972  454.6187
4527.05243009945  445.0076
4528.14196929459  457.1786
4529.23151330796  452.894
4530.32106209236  457.2753
4531.41061560061  461.621
4532.5001737855  459.7917
4533.58973659985  453.5861
4534.67930399644  459.0736
4535.76887592807  460.5614
4536.85845234751  449.2725
4537.94803320757  458.9346
4539.03761846101  451.3698
4540.12720806061  449.2868
4541.21680195915  450.0637
4542.30640010938  450.1426
4543.39600246407  446.6466
4544.48560897597  450.8031
4545.57521959784  456.0961
4546.66483428243  451.0604
4547.75445298249  444.8304
4548.84407565075  447.6734
4549.93370223994  447.0674
4551.02333270282  439.9248
4552.11296699209  432.0736
4553.20260506049  441.8416
4554.29224686072  434.5559
4555.38189234552  427.0772
4556.47154146759  436.9201
4557.56119417964  429.3951
4558.65085043436  424.7563
4559.74051018446  435.4478
4560.83017338264  431.8465
4561.91983998157  418.5387
4563.00950993395  431.234
4564.09918319246  418.0969
4565.18885970978  425.523
4566.27853943857  423.0802
4567.36822233151  414.0228
4568.45790834126  417.7347
4569.54759742048  417.8878
4570.63728952183  413.2622
4571.72698459795  406.5044
4572.81668260151  415.2851
4573.90638348513  411.1258
4574.99608720146  415.4228
4576.08579370313  421.7655
4577.17550294277  413.8669
4578.26521487302  400.253
4579.35492944648  414.6582
4580.44464661579  411.4214
4581.53436633355  414.6467
4582.62408855237  403.0471
4583.71381322485  406.655
4584.80354030361  405.6747
4585.89326974122  401.7334
4586.9830014903  399.6161
4588.07273550342  407.2196
4589.16247173316  409.3123
4590.25221013212  402.3463
4591.34195065286  390.9293
4592.43169324795  402.459
4593.52143786996  401.027
4594.61118447146  394.4455
4595.700933005  396.9341
4596.79068342313  395.4964
4597.88043567841  388.3052
4598.97018972339  385.826
4600.0599455106  389.832
4601.14970299257  389.6562
4602.23946212185  386.2579
4603.32922285097  393.1815
4604.41898513244  382.0384
4605.50874891878  382.5179
4606.59851416252  391.4207
4607.68828081617  377.9236
4608.77804883222  389.5502
4609.86781816319  383.9339
4610.95758876158  380.251
4612.04736057988  387.4946
4613.13713357057  388.9221
4614.22690768615  376.5806
4615.3166828791  383.4609
4616.4064591019  380.1508
4617.49623630701  370.6824
4618.58601444692  373.424
4619.67579347408  379.6317
4620.76557334095  395.9096
4621.855354  399.7679
4622.94513540367  398.7324
4624.03491750441  409.3207
4625.12470025467  415.9591
4626.21448360689  412.6112
4627.30426751349  400.1637
4628.39405192692  384.2746
4629.4838367996  376.1868
4630.57362208395  376.651
4631.66340773239  372.9362
4632.75319369734  370.6157
4633.8429799312  368.6342
4634.93276638638  364.0669
4636.02255301529  360.7313
4637.11233977032  368.1497
4638.20212660385  363.2389
4639.29191346829  358.6775
4640.38170031602  366.9618
4641.47148709941  363.2126
4642.56127377085  358.3122
4643.6510602827  363.6427
4644.74084658734  353.4959
4645.83063263712  351.6104
4646.9204183844  356.8491
4648.01020378154  361.3693
4649.0999887809  360.8633
4650.18977333481  362.6086
4651.27955739562  368.2685
4652.36934091567  357.635
4653.45912384729  361.3412
4654.54890614281  362.5837
4655.63868775455  368.1895
4656.72846863484  363.8345
4657.818248736  368.8923
4658.90802801033  381.3863
4659.99780641014  374.3026
4661.08758388775  376.5655
4662.17736039544  372.8138
4663.26713588551  380.0872
4664.35691031026  373.6291
4665.44668362198  366.6252
4666.53645577293  374.5666
4667.62622671541  382.2361
4668.71599640169  383.0936
4669.80576478404  381.2622
4670.89553181472  373.6152
4671.985297446  371.0127
4673.07506163013  370.1722
4674.16482431937  381.5853
4675.25458546596  374.7878
4676.34434502215  370.3202
4677.43410294019  367.5674
4678.5238591723  353.6816
4679.61361367071  362.8865
4680.70336638767  354.6554
4681.79311727538  365.0004
4682.88286628608  357.3669
4683.97261337197  355.8187
4685.06235848526  356.7839
4686.15210157817  352.4675
4687.24184260289  350.6498
4688.33158151162  349.7668
4689.42131825656  344.1956
4690.51105278989  341.435
4691.60078506381  351.4791
4692.69051503048  350.4682
4693.7802426421  347.4232
4694.86996785083  348.7032
4695.95969060884  346.4661
4697.04941086829  338.044
4698.13912858135  343.662
4699.22884370016  340.5479
4700.31855617689  344.0945
4701.40826596368  331.8519
4702.49797301266  339.8826
4703.58767727599  345.8533
4704.6773787058  345.1038
4705.76707725421  337.8721
4706.85677287335  339.097
4707.94646551534  338.5456
4709.0361551323  353.4949
4710.12584167635  340.8352
4711.21552509959  340.863
4712.30520535413  341.2564
4713.39488239206  341.6777
4714.48455616549  340.1409
4715.57422662651  342.494
4716.66389372721  337.4396
4717.75355741966  339.8045
4718.84321765595  346.2333
4719.93287438815  333.8275
4721.02252756833  339.0681
4722.11217714857  335.2351
4723.20182308092  334.7038
4724.29146531744  337.7418
4725.38110381018  333.224
4726.4707385112  335.3188
4727.56036937254  335.6589
4728.64999634625  348.0547
4729.73961938435  341.6659
4730.82923843888  342.7803
4731.91885346187  332.1519
4733.00846440535  335.4708
4734.09807122133  348.9991
4735.18767386183  349.4604
4736.27727227887  345.5063
4737.36686642444  359.7897
4738.45645625055  351.1577
4739.54604170921  359.8671
4740.6356227524  367.1693
4741.72519933212  374.3294
4742.81477140035  373.6909
4743.90433890907  358.9829
4744.99390181027  360.0136
4746.08346005591  340.9526
4747.17301359796  327.0577
4748.2625623884  325.193
4749.35210637917  328.3656
4750.44164552225  329.6952
4751.53117976957  329.9484
4752.62070907308  333.882
4753.71023338474  333.9535
4754.79975265648  329.3473
4755.88926684023  322.137
4756.97877588793  320.2844
4758.06827975151  323.2678
4759.15777838288  327.1789
4760.24727173396  320.1361
4761.33675975667  313.5952
4762.42624240292  312.7323
4763.51571962461  311.8897
4764.60519137365  317.7581
4765.69465760193  307.4355
4766.78411826135  314.8163
4767.87357330379  312.3582
4768.96302268114  314.0157
4770.05246634528  305.8559
4771.14190424808  318.0763
4772.23133634141  307.2101
4773.32076257716  302.9944
4774.41018290716  312.7325
4775.4995972833  315.7802
4776.58900565741  320.3116
4777.67840798136  326.7401
4778.76780420698  324.7301
4779.85719428612  321.9721
4780.94657817062  319.7568
4782.03595581231  311.0776
4783.12532716302  311.0672
4784.21469217457  312.2973
4785.30405079879  314.4922
4786.3934029875  309.057
4787.4827486925  304.8161
4788.5720878656  309.9294
4789.6614204586  315.4506
4790.75074642332  311.958
4791.84006571153  319.825
4792.92937827504  313.4812
4794.01868406563  310.7354
4795.10798303509  318.5601
4796.19727513518  316.1577
4797.28656031769  314.6813
4798.37583853438  318.8424
4799.46510973703  313.5186
4800.55437387739  315.4431
4801.64363090721  317.3127
4802.73288077826  323.7133
4803.82212344229  311.5312
4804.91135885102  314.8773
4806.00058695622  313.9381
4807.08980770961  311.7654
4808.17902106292  315.9265
4809.26822696788  317.3347
4810.35742537622  306.9556
4811.44661623966  318.3359
4812.5357995099  311.8167
4813.62497513866  318.8207
4814.71414307765  324.5653
4815.80330327857  321.7806
4816.89245569311  327.1852
4817.98160027298  328.5822
4819.07073696985  328.3361
4820.15986573542  329.8817
4821.24898652136  333.8002
4822.33809927936  333.7784
4823.42720396108  335.3413
4824.5163005182  329.0619
4825.60538890237  330.2873
4826.69446906526  330.9797
4827.78354095852  324.5298
4828.8726045338  330.951
4829.96165974276  326.9004
4831.05070653703  337.9841
4832.13974486825  332.8745
4833.22877468806  336.7841
4834.31779594808  333.3658
4835.40680859995  328.0935
4836.49581259528  330.9516
4837.58480788569  328.4217
4838.6737944228  339.947
4839.76277215821  337.5834
4840.85174104353  328.0522
4841.94070103036  338.8635
4843.02965207029  332.1246
4844.11859411492  324.9369
4845.20752711583  329.81
4846.29645102461  334.6071
4847.38536579284  325.7263
4848.47427137209  323.7427
4849.56316771393  330.1261
4850.65205476993  326.391
4851.74093249165  326.9203
4852.82980083066  336.5181
4853.91865973849  324.3379
4855.00750916671  317.2338
4856.09634906686  316.9037
4857.18517939048  315.4641
4858.2740000891  299.1725
4859.36281111426  316.9127
4860.45161241749  318.7395
4861.54040395032  318.0128
4862.62918566425  313.9189
4863.71795751081  323.3348
4864.80671944151  322.8641
4865.89547140785  315.5955
4866.98421336134  315.2332
4868.07294525348  320.2112
4869.16166703576  327.2785
4870.25037865967  318.6133
4871.3390800767  315.4301
4872.42777123833  328.2458
4873.51645209604  317.7592
4874.60512260129  326.024
4875.69378270557  320.0763
4876.78243236033  331.5535
4877.87107151703  327.6453
4878.95970012714  337.0223
4880.0483181421  329.7044
4881.13692551335  328.8795
4882.22552219236  331.8522
4883.31410813054  331.1953
4884.40268327935  328.8022
4885.4912475902  326.0109
4886.57980101454  329.4233
4887.66834350377  321.9684
4888.75687500931  319.9504
4889.84539548259  321.4312
4890.93390487501  320.782
4892.02240313798  330.278
4893.11089022289  322.1751
4894.19936608114  327.3539
4895.28783066414  319.2966
4896.37628392325  326.9063
4897.46472580988  320.5892
4898.5531562754  325.6973
4899.64157527118  315.2347
4900.7299827486  318.1273
4901.81837865902  323.8158
4902.90676295381  319.3071
4903.99513558433  315.0144
4905.08349650193  319.1898
4906.17184565796  317.9046
4907.26018300376  319.6078
4908.34850849069  318.8777
4909.43682207007  321.5796
4910.52512369324  327.5354
4911.61341331153  317.6245
4912.70169087626  317.8869
4913.78995633876  321.7076
4914.87820965034  321.2515
4915.96645076231  322.7604
4917.05467962598  323.0367
4918.14289619266  309.6475
4919.23110041364  313.1027
4920.31929224023  318.626
4921.4074716237  317.9837
4922.49563851535  312.9326
4923.58379286646  318.3453
4924.67193462831  321.1418
4925.76006375217  328.0263
4926.84818018931  325.2423
4927.936283891  323.0473
4929.0243748085  317.2905
4930.11245289306  309.7185
4931.20051809594  315.6196
4932.2885703684  320.3427
4933.37660966166  313.2875
4934.46463592697  326.8871
4935.55264911557  317.1276
4936.6406491787  318.8323
4937.72863606756  317.0055
4938.8166097334  325.4247
4939.90457012743  312.4607
4940.99251720086  322.2736
4942.0804509049  322.9095
4943.16837119077  315.6735
4944.25627800966  323.4742
4945.34417131276  320.6565
4946.43205105128  319.6655
4947.51991717641  318.492
4948.60776963932  320.8097
4949.6956083912  319.2611
4950.78343338322  319.1384
4951.87124456657  322.8928
4952.9590418924  326.2298
4954.04682531187  330.211
4955.13459477616  326.2548
4956.22235023641  316.7765
4957.31009164378  327.2251
4958.3978189494  318.3118
4959.48553210444  319.9789
4960.57323106001  317.093
4961.66091576727  328.9177
4962.74858617733  322.3819
4963.83624224132  333.6075
4964.92388391037  321.6193
4966.01151113559  337.5608
4967.0991238681  332.0393
4968.186722059  330.3603
4969.2743056594  332.5793
4970.36187462039  343.5901
4971.44942889308  342.2981
4972.53696842855  350.9955
4973.6244931779  351.8278
4974.71200309221  357.4502
4975.79949812255  354.0052
4976.88697822  349.4683
4977.97444333563  370.3336
4979.06189342051  378.7941
4980.1493284257  379.4999
4981.23674830226  382.5483
4982.32415300124  391.5285
4983.41154247369  387.5404
4984.49891667065  378.6882
4985.58627554318  377.8562
4986.67361904229  369.8743
4987.76094711903  373.911
4988.84825972442  369.6254
4989.9355568095  360.4498
4991.02283832527  360.7736
4992.11010422275  362.3602
4993.19735445295  358.7506
4994.28458896689  344.7324
4995.37180771557  354.6783
4996.45901064997  337.8076
4997.5461977211  336.3151
4998.63336887995  330.4986
4999.7205240775  330.6438
5000.80766326473  332.617
5001.89478639263  338.8564
5002.98189341216  332.9284
5004.0689842743  331.4689
5005.15605893  326.4551
5006.24311733023  313.4732
5007.33015942595  322.7761
5008.4171851681  325.1799
5009.50419450763  322.6745
5010.5911873955  318.2273
5011.67816378263  316.5321
5012.76512361996  311.675
5013.85206685842  317.9998
5014.93899344894  318.6665
5016.02590334245  319.8812
5017.11279648985  327.0977
5018.19967284207  326.8061
5019.28653235  320.9688
5020.37337496457  322.3703
5021.46020063666  319.1853
5022.54700931718  316.8983
5023.63380095702  322.2648
5024.72057550706  319.8104
5025.8073329182  311.4284
5026.8940731413  309.7813
5027.98079612725  318.3774
5029.06750182691  328.6886
5030.15419019116  324.9556
5031.24086117086  331.3594
5032.32751471687  329.2212
5033.41415078003  322.8602
5034.5007693112  316.6771
5035.58737026123  310.8144
5036.67395358096  310.9811
5037.76051922122  319.1898
5038.84706713285  316.0797
5039.93359726668  310.7228
5041.02010957353  305.3681
5042.10660400422  308.7742
5043.19308050958  315.964
5044.2795390404  315.3772
5045.3659795475  323.9511
5046.45240198168  314.1298
5047.53880629375  323.343
5048.62519243449  314.6149
5049.7115603547  314.869
5050.79791000517  321.7439
5051.88424133667  314.8282
5052.97055429998  322.1716
5054.05684884588  317.0212
5055.14312492514  314.1242
5056.22938248853  311.0696
5057.3156214868  317.279
5058.40184187071  319.8954
5059.48804359101  319.9273
5060.57422659846  318.5684
5061.66039084379  322.4623
5062.74653627775  328.3658
5063.83266285107  329.7861
5064.91877051449  323.6364
5066.00485921872  330.0065
5067.0909289145  325.1566
5068.17697955255  334.2326
5069.26301108357  329.4423
5070.34902345828  339.4028
5071.43501662738  338.8737
5072.52099054158  326.5916
5073.60694515157  326.8539
5074.69288040805  322.3418
5075.7787962617  326.2169
5076.86469266321  321.3015
5077.95056956326  320.8859
5079.03642691254  326.5238
5080.1222646617  353.4621
5081.20808276141  357.019
5082.29388116235  370.3295
5083.37965981517  377.6252
5084.46541867053  377.8526
5085.55115767907  377.3597
5086.63687679144  384.3361
5087.72257595829  367.6215
5088.80825513026  354.3298
5089.89391425797  339.7184
5090.97955329206  336.9401
5092.06517218315  331.6211
5093.15077088187  325.8035
5094.23634933882  336.9501
5095.32190750464  328.0578
5096.40744532991  330.1773
5097.49296276525  336.0233
5098.57845976126  339.921
5099.66393626854  344.8914
5100.74939223766  344.083
5101.83482761923  336.8384
5102.92024236383  328.6176
5104.00563642202  330.9249
5105.0910097444  332.879
5106.17636228153  328.015
5107.26169398397  322.9253
5108.34700480228  319.9273
5109.43229468704  317.2741
5110.51756358878  324.5726
5111.60281145805  327.4503
5112.68803824542  321.5815
5113.7732439014  324.1654
5114.85842837654  330.5255
5115.94359162138  332.0541
5117.02873358643  331.538
5118.11385422223  324.0717
5119.19895347929  318.3755
5120.28403130813  318.5093
5121.36908765926  320.4015
5122.45412248319  319.4622
5123.53913573041  322.2252
5124.62412735144  314.9057
5125.70909729675  321.2602
5126.79404551685  323.6334
5127.87897196221  320.9283
5128.96387658332  323.1589
5130.04875933065  330.8413
5131.13362015469  331.5139
5132.21845900589  321.6042
5133.30327583472  327.9668
5134.38807059165  324.8887
5135.47284322712  325.3658
5136.55759369159  330.1713
5137.64232193551  325.6641
5138.72702790932  328.6777
5139.81171156345  329.1632
5140.89637284835  325.0426
5141.98101171445  333.3232
5143.06562811217  327.7616
5144.15022199192  323.9148
5145.23479330414  337.5684
5146.31934199924  330.628
5147.40386802761  340.1982
5148.48837133968  335.1303
5149.57285188583  333.819
5150.65730961647  345.0541
5151.74174448199  341.4228
5152.82615643277  351.9688
5153.91054541921  354.4246
5154.99491139167  355.2619
5156.07925430055  342.4649
5157.16357409619  344.4738
5158.24787072898  336.1768
5159.33214414928  332.1868
5160.41639430744  334.404
5161.50062115382  332.8199
5162.58482463877  324.1704
5163.66900471264  329.7876
5164.75316132576  322.8321
5165.83729442847  323.0009
5166.92140397111  322.6643
5168.00548990401  312.5073
5169.08955217748  309.6396
5170.17359074186  313.663
5171.25760554745  311.7988
5172.34159654457  311.7701
5173.42556368353  309.5743
5174.50950691462  315.0026
5175.59342618815  325.3626
5176.67732145442  313.5684
5177.76119266371  318.0447
5178.84503976631  316.8506
5179.9288627125  318.7003
5181.01266145256  320.1788
5182.09643593677  313.6486
5183.18018611539  305.2417
5184.26391193868  312.0547
5185.34761335692  315.0229
5186.43129032036  323.8098
5187.51494277924  325.58
5188.59857068381  325.2638
5189.68217398434  326.6605
5190.76575263104  320.3066
5191.84930657415  318.3871
5192.93283576392  318.9848
5194.01634015056  321.0809
5195.0998196843  319.6383
5196.18327431535  315.5049
5197.26670399393  323.3394
5198.35010867025  325.9383
5199.43348829452  324.168
5200.51684281694  321.0263
5201.60017218771  329.2273
5202.68347635701  328.4578
5203.76675527504  326.6091
5204.85000889198  322.9568
5205.93323715802  317.9901
5207.01644002332  319.2816
5208.09961743807  324.8205
5209.18276935242  323.6371
5210.26589571654  328.4838
5211.3489964806  323.0424
5212.43207159474  318.9808
5213.51512100912  324.0593
5214.59814467388  320.2566
5215.68114253917  310.5462
5216.76411455512  316.9265
5217.84706067187  320.3415
5218.92998083955  319.5767
5220.01287500828  327.5515
5221.09574312818  321.7639
5222.17858514938  327.7046
5223.26140102198  322.6493
5224.34419069609  331.2036
5225.42695412181  309.9117
5226.50969124925  317.6736
5227.5924020285  317.4233
5228.67508640965  311.5497
5229.7577443428  320.7941
5230.84037577801  314.351
5231.92298066538  316.2596
5233.00555895498  312.4868
5234.08811059686  316.6652
5235.17063554112  311.2114
5236.25313373779  316.0775
5237.33560513695  319.0634
5238.41804968864  324.9196
5239.50046734292  322.5519
5240.58285804982  316.3008
5241.6652217594  316.6118
5242.74755842167  305.7981
5243.82986798669  310.0111
5244.91215040447  312.7844
5245.99440562504  309.4644
5247.07663359842  309.9426
5248.15883427462  317.3019
5249.24100760366  314.7565
5250.32315353554  313.6318
5251.40527202026  307.0968
5252.48736300782  311.1242
5253.56942644822  318.2556
5254.65146229144  327.4612
5255.73347048747  327.7086
5256.8154509863  320.6023
5257.89740373789  327.6414
5258.97932869223  321.7516
5260.06122579927  318.864
5261.14309500899  312.0088
5262.22493627135  307.8334
5263.30674953629  306.0824
5264.38853475377  309.5529
5265.47029187375  312.8178
5266.55202084616  304.9073
5267.63372162093  304.4535
5268.71539414802  302.496
5269.79703837733  302.6595
5270.87865425882  312.461
5271.96024174238  307.5271
5273.04180077795  309.2339
5274.12333131543  316.3716
5275.20483330473  322.9168
5276.28630669576  316.2658
5277.36775143842  311.991
5278.44916748261  311.7516
5279.53055477822  308.4672
5280.61191327513  309.4469
5281.69324292323  307.5185
5282.77454367241  306.9863
5283.85581547252  310.5499
5284.93705827346  315.1299
5286.01827202507  310.8997
5287.09945667723  310.4669
5288.18061217979  306.9096
5289.26173848261  313.4688
5290.34283553554  306.6993
5291.42390328841  314.0916
5292.50494169109  305.3828
5293.58595069339  319.7485
5294.66693024516  311.8371
5295.74788029622  304.813
5296.8288007964  304.9504
5297.90969169551  315.0121
5298.99055294338  314.2696
5300.07138448981  305.8278
5301.15218628462  315.2884
5302.23295827759  311.6873
5303.31370041855  311.2014
5304.39441265727  310.2904
5305.47509494355  312.5533
5306.55574722718  310.2874
5307.63636945793  310.9108
5308.71696158559  305.6194
5309.79752355993  303.7029
5310.87805533072  306.5001
5311.95855684772  317.9037
5313.03902806069  306.2832
5314.1194689194  306.9245
5315.19987937358  309.1021
5316.280259373  310.226
5317.36060886739  310.5099
5318.4409278065  303.1042
5319.52121614006  301.2796
5320.60147381779  311.7651
5321.68170078944  305.6554
5322.76189700471  306.0868
5323.84206241334  299.4714
5324.92219696503  297.148
5326.00230060949  296.868
5327.08237329643  295.882
5328.16241497554  302.4696
5329.24242559654  309.8322
5330.32240510911  296.8521
5331.40235346293  307.6237
5332.4822706077  304.9577
5333.56215649309  296.8749
5334.64201106879  296.8462
5335.72183428445  299.2012
5336.80162608975  300.5926
5337.88138643436  300.3363
5338.96111526792  293.8716
5340.04081254011  296.3572
5341.12047820056  307.3176
5342.20011219892  298.9236
5343.27971448484  298.5012
5344.35928500795  296.3907
5345.43882371789  295.6051
5346.51833056428  302.8578
5347.59780549676  303.5582
5348.67724846494  299.7209
5349.75665941844  309.6686
5350.83603830686  308.6474
5351.91538507983  296.5071
5352.99469968695  301.3586
5354.0739820778  297.1693
5355.153232202  300.2828
5356.23245000912  311.1437
5357.31163544876  305.9155
5358.3907884705  299.3224
5359.46990902392  292.1663
5360.5489970586  289.3957
5361.62805252409  292.7427
5362.70707536997  287.6801
5363.78606554581  281.8297
5364.86502300115  287.3698
5365.94394768555  287.2557
5367.02283954856  290.6612
5368.10169853973  287.1197
5369.18052460859  289.321
5370.25931770468  280.0837
5371.33807777753  280.9198
5372.41680477668  283.4075
5373.49549865163  290.3314
5374.57415935192  288.228
5375.65278682706  289.6429
5376.73138102656  288.3608
5377.80994189992  282.0763
5378.88846939664  278.5914
5379.96696346624  280.6598
5381.04542405819  280.2029
5382.12385112199  280.5896
5383.20224460712  290.5538
5384.28060446307  283.439
5385.35893063931  283.107
5386.43722308531  287.554
5387.51548175055  283.3549
5388.59370658448  276.7156
5389.67189753657  279.4583
5390.75005455627  285.0204
5391.82817759303  281.0127
5392.90626659631  287.6153
5393.98432151554  278.4563
5395.06234230016  283.9185
5396.1403288996  283.1111
5397.21828126331  277.6144
5398.29619934069  275.9795
5399.37408308118  272.6159
5400.45193243419  278.9941
5401.52974734914  278.804
5402.60752777543  278.5739
5403.68527366247  283.8295
5404.76298495966  278.7508
5405.84066161639  274.0312
5406.91830358206  284.7646
5407.99591080606  284.1663
5409.07348323776  283.3561
5410.15102082655  281.3764
5411.22852352181  290.533
5412.3059912729  291.1858
5413.38342402919  289.3673
5414.46082174004  284.9728
5415.53818435482  296.4368
5416.61551182286  293.8909
5417.69280409354  297.1531
5418.77006111618  298.336
5419.84728284014  292.8192
5420.92446921474  294.3607
5422.00162018932  294.0368
5423.07873571321  289.7172
5424.15581573574  280.7181
5425.23286020622  292.8738
5426.30986907396  294.1875
5427.38684228829  289.7354
5428.46377979851  282.6263
5429.54068155392  279.3103
5430.61754750381  280.5828
5431.69437759749  284.3844
5432.77117178425  285.5191
5433.84793001337  282.0504
5434.92465223412  284.4351
5436.0013383958  289.2495
5437.07798844767  276.446
5438.154602339  286.6286
5439.23118001906  283.2303
5440.30772143711  287.2297
5441.3842265424  289.5331
5442.46069528419  281.7049
5443.53712761172  282.8833
5444.61352347424  280.5001
5445.68988282099  279.7461
5446.7662056012  283.7965
5447.8424917641  288.1818
5448.91874125893  279.4493
5449.99495403489  283.2186
5451.07113004122  280.0688
5452.14726922712  284.1896
5453.22337154181  281.6391
5454.29943693449  283.4359
5455.37546535436  282.0187
5456.45145675061  289.6254
5457.52741107245  328.6716
5458.60332826906  436.78
5459.67920828962  513.1617
5460.75505108332  546.5302
5461.83085659932  486.0445
5462.90662478681  405.7614
5463.98235559495  338.6157
5465.05804897289  304.5098
5466.13370486982  291.2501
5467.20932323486  275.9125
5468.28490401718  282.2982
5469.36044716593  283.9401
5470.43595263024  274.0609
5471.51142035925  271.4036
5472.5868503021  274.4209
5473.66224240791  275.2904
5474.73759662581  269.4038
5475.81291290492  269.5122
5476.88819119436  273.675
5477.96343144323  263.1553
5479.03863360066  274.4324
5480.11379761573  273.8032
5481.18892343756  272.973
5482.26401101523  277.4331
5483.33906029784  274.5562
5484.41407123447  276.7846
5485.48904377421  270.441
5486.56397786613  267.6066
5487.63887345932  264.7186
5488.71373050283  263.0244
5489.78854894573  254.4333
5490.86332873709  261.7535
5491.93806982597  262.3789
5493.01277216141  258.1498
5494.08743569246  258.9291
5495.16206036818  260.2204
5496.23664613759  256.3162
5497.31119294974  255.469
5498.38570075365  262.1597
5499.46016949836  260.1231
5500.53459913289  255.28
