 3.19958616e+03  6.58931092e-18
 3.20063507e+03  6.59908421e-18
 3.20168404e+03  6.65608837e-18
 3.20273306e+03  6.67623942e-18
 3.20378215e+03  6.62997529e-18
 3.20483130e+03  6.60745928e-18
 3.20588050e+03  6.69420134e-18
 3.20692977e+03  6.81158627e-18
 3.20797910e+03  7.03922343e-18
 3.20902848e+03  7.03175562e-18
 3.21007793e+03  7.07805762e-18
 3.21112743e+03  7.07479305e-18
 3.21217700e+03  7.03284154e-18
 3.21322662e+03  7.07322707e-18
 3.21427630e+03  6.91631179e-18
 3.21532604e+03  6.90022877e-18
 3.21637585e+03  6.90535058e-18
 3.21742571e+03  6.87247867e-18
 3.21847563e+03  6.82672503e-18
 3.21952560e+03  6.74219106e-18
 3.22057564e+03  6.83557917e-18
 3.22162574e+03  6.89737027e-18
 3.22267590e+03  6.81140129e-18
 3.22372611e+03  6.79748171e-18
 3.22477639e+03  6.82407944e-18
 3.22582672e+03  6.78138858e-18
 3.22687711e+03  6.71214644e-18
 3.22792756e+03  6.81966354e-18
 3.22897807e+03  6.79395976e-18
 3.23002864e+03  6.82737124e-18
 3.23107926e+03  6.89158520e-18
 3.23212995e+03  6.77468541e-18
 3.23318069e+03  6.78257840e-18
 3.23423150e+03  6.64925482e-18
 3.23528236e+03  6.75575835e-18
 3.23633328e+03  6.67986456e-18
 3.23738426e+03  6.64058084e-18
 3.23843529e+03  6.60595695e-18
 3.23948639e+03  6.64431621e-18
 3.24053754e+03  6.66351634e-18
 3.24158875e+03  6.61831755e-18
 3.24264002e+03  6.78244604e-18
 3.24369135e+03  6.68521547e-18
 3.24474273e+03  6.56595598e-18
 3.24579418e+03  6.59688775e-18
 3.24684568e+03  6.59890464e-18
 3.24789724e+03  6.61943956e-18
 3.24894886e+03  6.54425701e-18
 3.25000053e+03  6.55976187e-18
 3.25105227e+03  6.58709639e-18
 3.25210406e+03  6.61340456e-18
 3.25315591e+03  6.62735432e-18
 3.25420782e+03  6.61996222e-18
 3.25525978e+03  6.82534109e-18
 3.25631180e+03  6.70188357e-18
 3.25736388e+03  6.85259494e-18
 3.25841602e+03  6.83357744e-18
 3.25946822e+03  6.82787451e-18
 3.26052047e+03  6.77659572e-18
 3.26157278e+03  6.91795302e-18
 3.26262515e+03  6.87164190e-18
 3.26367757e+03  6.85453110e-18
 3.26473005e+03  6.79912530e-18
 3.26578259e+03  6.94675530e-18
 3.26683519e+03  6.72613899e-18
 3.26788784e+03  6.75501930e-18
 3.26894056e+03  6.82371870e-18
 3.26999332e+03  6.77381916e-18
 3.27104615e+03  6.72043847e-18
 3.27209903e+03  6.73501887e-18
 3.27315197e+03  6.86013168e-18
 3.27420497e+03  6.69749918e-18
 3.27525802e+03  6.85444824e-18
 3.27631113e+03  6.62139392e-18
 3.27736430e+03  6.71418558e-18
 3.27841752e+03  6.63935409e-18
 3.27947080e+03  6.65701757e-18
 3.28052414e+03  6.66385154e-18
 3.28157754e+03  6.64494586e-18
 3.28263099e+03  6.74539483e-18
 3.28368449e+03  6.80441427e-18
 3.28473806e+03  6.91035717e-18
 3.28579168e+03  6.90048178e-18
 3.28684535e+03  6.95039269e-18
 3.28789909e+03  6.88990882e-18
 3.28895288e+03  6.88367139e-18
 3.29000672e+03  6.95232328e-18
 3.29106062e+03  6.96568056e-18
 3.29211458e+03  7.28089256e-18
 3.29316860e+03  7.35331523e-18
 3.29422267e+03  7.23751803e-18
 3.29527679e+03  7.35974674e-18
 3.29633098e+03  7.11933545e-18
 3.29738522e+03  7.19287736e-18
 3.29843951e+03  7.10833339e-18
 3.29949386e+03  7.01107628e-18
 3.30054827e+03  6.94545481e-18
 3.30160273e+03  6.87970455e-18
 3.30265725e+03  6.79813644e-18
 3.30371182e+03  6.85168140e-18
 3.30476645e+03  6.70525520e-18
 3.30582114e+03  6.85151924e-18
 3.30687588e+03  6.78154275e-18
 3.30793068e+03  6.75498375e-18
 3.30898553e+03  6.74049505e-18
 3.31004044e+03  6.78009281e-18
 3.31109540e+03  6.72951251e-18
 3.31215042e+03  6.95151542e-18
 3.31320549e+03  6.80721928e-18
 3.31426062e+03  6.83470179e-18
 3.31531581e+03  7.11330860e-18
 3.31637105e+03  7.08170052e-18
 3.31742634e+03  7.11159360e-18
 3.31848169e+03  7.09623739e-18
 3.31953710e+03  7.01890510e-18
 3.32059256e+03  7.03341238e-18
 3.32164807e+03  6.91517705e-18
 3.32270364e+03  6.97867625e-18
 3.32375927e+03  6.98015582e-18
 3.32481495e+03  6.98432116e-18
 3.32587069e+03  6.82083208e-18
 3.32692648e+03  6.80479280e-18
 3.32798232e+03  6.76185867e-18
 3.32903822e+03  6.91134871e-18
 3.33009418e+03  6.65867642e-18
 3.33115019e+03  6.78349562e-18
 3.33220625e+03  6.73840279e-18
 3.33326237e+03  6.64794060e-18
 3.33431854e+03  6.63306885e-18
 3.33537477e+03  6.64198855e-18
 3.33643105e+03  6.67633839e-18
 3.33748739e+03  6.71942777e-18
 3.33854378e+03  6.64195763e-18
 3.33960022e+03  6.59817310e-18
 3.34065672e+03  6.69616666e-18
 3.34171327e+03  6.60036939e-18
 3.34276988e+03  6.69939438e-18
 3.34382654e+03  6.63688598e-18
 3.34488326e+03  6.63053798e-18
 3.34594003e+03  6.63553419e-18
 3.34699685e+03  6.66648982e-18
 3.34805373e+03  6.44422398e-18
 3.34911066e+03  6.50862085e-18
 3.35016765e+03  6.60894560e-18
 3.35122469e+03  6.51630390e-18
 3.35228178e+03  6.58868584e-18
 3.35333893e+03  6.56897349e-18
 3.35439613e+03  6.59599725e-18
 3.35545339e+03  6.54869202e-18
 3.35651070e+03  6.54964509e-18
 3.35756806e+03  6.47216947e-18
 3.35862547e+03  6.51002616e-18
 3.35968294e+03  6.44250882e-18
 3.36074047e+03  6.50171949e-18
 3.36179804e+03  6.52132549e-18
 3.36285567e+03  6.61769125e-18
 3.36391335e+03  6.58967703e-18
 3.36497109e+03  6.61637944e-18
 3.36602888e+03  6.86904131e-18
 3.36708672e+03  7.10463196e-18
 3.36814462e+03  7.41815212e-18
 3.36920257e+03  7.50100350e-18
 3.37026057e+03  7.59322338e-18
 3.37131862e+03  7.43121054e-18
 3.37237673e+03  7.42490005e-18
 3.37343489e+03  7.31327344e-18
 3.37449311e+03  7.19047761e-18
 3.37555137e+03  7.28926314e-18
 3.37660969e+03  7.15447998e-18
 3.37766807e+03  7.03385329e-18
 3.37872649e+03  6.98554311e-18
 3.37978497e+03  6.97404960e-18
 3.38084350e+03  6.89804553e-18
 3.38190208e+03  6.90296627e-18
 3.38296072e+03  6.88244736e-18
 3.38401941e+03  6.96758819e-18
 3.38507815e+03  6.93537119e-18
 3.38613694e+03  6.71984759e-18
 3.38719579e+03  6.65033111e-18
 3.38825469e+03  6.78169472e-18
 3.38931364e+03  6.75366915e-18
 3.39037264e+03  6.73081703e-18
 3.39143169e+03  6.99072096e-18
 3.39249080e+03  6.74465677e-18
 3.39354996e+03  6.80130195e-18
 3.39460917e+03  6.79324319e-18
 3.39566843e+03  6.78368078e-18
 3.39672775e+03  6.70541652e-18
 3.39778712e+03  6.82951305e-18
 3.39884654e+03  6.65195545e-18
 3.39990601e+03  6.80685376e-18
 3.40096553e+03  6.69312874e-18
 3.40202511e+03  6.65840790e-18
 3.40308473e+03  6.54445660e-18
 3.40414441e+03  6.69334016e-18
 3.40520414e+03  6.72376594e-18
 3.40626392e+03  6.67089897e-18
 3.40732376e+03  6.57370723e-18
 3.40838364e+03  6.53849726e-18
 3.40944358e+03  6.55087835e-18
 3.41050357e+03  6.44752236e-18
 3.41156361e+03  6.66594934e-18
 3.41262370e+03  6.61154517e-18
 3.41368384e+03  6.59200801e-18
 3.41474403e+03  6.68490162e-18
 3.41580428e+03  6.68534061e-18
 3.41686457e+03  6.82017248e-18
 3.41792492e+03  6.82512194e-18
 3.41898532e+03  6.72172186e-18
 3.42004577e+03  6.72011994e-18
 3.42110627e+03  6.63511733e-18
 3.42216682e+03  6.71916488e-18
 3.42322742e+03  6.75952914e-18
 3.42428807e+03  6.64924374e-18
 3.42534878e+03  6.69769132e-18
 3.42640953e+03  6.65494342e-18
 3.42747034e+03  6.74828154e-18
 3.42853119e+03  6.80606469e-18
 3.42959210e+03  6.71785711e-18
 3.43065306e+03  6.64623487e-18
 3.43171407e+03  6.66487156e-18
 3.43277513e+03  6.76137559e-18
 3.43383624e+03  6.92537830e-18
 3.43489740e+03  6.72892034e-18
 3.43595861e+03  6.71339902e-18
 3.43701987e+03  6.82942788e-18
 3.43808118e+03  6.79949847e-18
 3.43914254e+03  6.67254597e-18
 3.44020395e+03  6.57679727e-18
 3.44126541e+03  6.71787578e-18
 3.44232692e+03  6.59950729e-18
 3.44338849e+03  6.55905431e-18
 3.44445010e+03  6.55295469e-18
 3.44551176e+03  6.50956620e-18
 3.44657347e+03  6.53150062e-18
 3.44763524e+03  6.67434894e-18
 3.44869705e+03  6.79527973e-18
 3.44975891e+03  7.03026660e-18
 3.45082082e+03  7.22248243e-18
 3.45188278e+03  7.28466299e-18
 3.45294480e+03  7.04085946e-18
 3.45400686e+03  7.18240544e-18
 3.45506897e+03  6.94866490e-18
 3.45613113e+03  7.03296847e-18
 3.45719334e+03  7.11004049e-18
 3.45825560e+03  6.99314634e-18
 3.45931791e+03  7.09005100e-18
 3.46038027e+03  6.89114341e-18
 3.46144268e+03  6.86427016e-18
 3.46250513e+03  6.94578169e-18
 3.46356764e+03  6.92904290e-18
 3.46463020e+03  6.79724194e-18
 3.46569280e+03  6.78356170e-18
 3.46675546e+03  6.78001212e-18
 3.46781816e+03  6.89863703e-18
 3.46888091e+03  6.80773513e-18
 3.46994371e+03  6.66076167e-18
 3.47100656e+03  6.73457687e-18
 3.47206946e+03  6.70932138e-18
 3.47313241e+03  6.78186479e-18
 3.47419541e+03  6.70740832e-18
 3.47525846e+03  6.72668198e-18
 3.47632155e+03  6.91197394e-18
 3.47738470e+03  7.01956252e-18
 3.47844789e+03  7.32338830e-18
 3.47951113e+03  7.50988869e-18
 3.48057442e+03  7.85529256e-18
 3.48163776e+03  7.58832229e-18
 3.48270115e+03  7.43598147e-18
 3.48376458e+03  7.41052870e-18
 3.48482807e+03  7.46484525e-18
 3.48589160e+03  7.45353236e-18
 3.48695518e+03  7.27403138e-18
 3.48801881e+03  7.06288485e-18
 3.48908249e+03  7.03703484e-18
 3.49014621e+03  7.06686219e-18
 3.49120999e+03  6.87923369e-18
 3.49227381e+03  6.80468661e-18
 3.49333768e+03  6.90299202e-18
 3.49440160e+03  6.82412580e-18
 3.49546557e+03  6.71478477e-18
 3.49652958e+03  6.65068721e-18
 3.49759364e+03  6.58928628e-18
 3.49865775e+03  6.70126027e-18
 3.49972191e+03  6.56181758e-18
 3.50078612e+03  6.61719285e-18
 3.50185037e+03  6.64284764e-18
 3.50291467e+03  6.62425618e-18
 3.50397902e+03  6.70903513e-18
 3.50504342e+03  6.71003607e-18
 3.50610786e+03  6.63576492e-18
 3.50717236e+03  6.63870861e-18
 3.50823690e+03  6.71434700e-18
 3.50930148e+03  6.84112141e-18
 3.51036612e+03  6.75688918e-18
 3.51143080e+03  6.84772975e-18
 3.51249553e+03  6.86886606e-18
 3.51356030e+03  6.78396984e-18
 3.51462513e+03  6.64838726e-18
 3.51569000e+03  6.72698812e-18
 3.51675492e+03  6.74865626e-18
 3.51781988e+03  6.72762203e-18
 3.51888489e+03  6.87015692e-18
 3.51994995e+03  6.81295886e-18
 3.52101506e+03  6.71345125e-18
 3.52208021e+03  6.66207903e-18
 3.52314541e+03  6.67525707e-18
 3.52421066e+03  6.66458008e-18
 3.52527595e+03  6.58729736e-18
 3.52634130e+03  6.62189638e-18
 3.52740668e+03  6.67196239e-18
 3.52847212e+03  6.72552507e-18
 3.52953760e+03  6.80503144e-18
 3.53060313e+03  6.64082602e-18
 3.53166870e+03  6.60115341e-18
 3.53273432e+03  6.72700102e-18
 3.53379999e+03  6.65664416e-18
 3.53486570e+03  6.68362531e-18
 3.53593146e+03  6.63974213e-18
 3.53699727e+03  6.76777644e-18
 3.53806312e+03  6.84926978e-18
 3.53912902e+03  7.00624412e-18
 3.54019496e+03  7.38812455e-18
 3.54126095e+03  7.43822684e-18
 3.54232699e+03  7.81583496e-18
 3.54339307e+03  7.85633467e-18
 3.54445920e+03  7.96594025e-18
 3.54552538e+03  7.65931508e-18
 3.54659160e+03  7.58511722e-18
 3.54765787e+03  7.31561879e-18
 3.54872418e+03  7.35068965e-18
 3.54979054e+03  7.49495010e-18
 3.55085694e+03  7.20508146e-18
 3.55192339e+03  7.43616943e-18
 3.55298989e+03  7.70538136e-18
 3.55405643e+03  7.77027497e-18
 3.55512302e+03  7.66957150e-18
 3.55618965e+03  7.49129807e-18
 3.55725633e+03  7.36061361e-18
 3.55832306e+03  7.34912335e-18
 3.55938982e+03  7.29801319e-18
 3.56045664e+03  7.17522047e-18
 3.56152350e+03  7.08987888e-18
 3.56259041e+03  7.05128932e-18
 3.56365736e+03  6.87220527e-18
 3.56472435e+03  6.86332301e-18
 3.56579139e+03  6.86315619e-18
 3.56685848e+03  7.04150260e-18
 3.56792561e+03  6.71458466e-18
 3.56899279e+03  6.81681988e-18
 3.57006001e+03  6.78947047e-18
 3.57112728e+03  6.55631194e-18
 3.57219459e+03  6.74564783e-18
 3.57326194e+03  6.78203840e-18
 3.57432934e+03  6.71686972e-18
 3.57539679e+03  6.71533383e-18
 3.57646428e+03  6.64615446e-18
 3.57753182e+03  6.78287714e-18
 3.57859940e+03  6.48985673e-18
 3.57966702e+03  6.53827522e-18
 3.58073469e+03  6.54711720e-18
 3.58180240e+03  6.47805676e-18
 3.58287016e+03  6.53774526e-18
 3.58393796e+03  6.46601798e-18
 3.58500581e+03  6.36388732e-18
 3.58607370e+03  6.43446429e-18
 3.58714164e+03  6.36363148e-18
 3.58820962e+03  6.42671312e-18
 3.58927764e+03  6.68765828e-18
 3.59034571e+03  6.59843251e-18
 3.59141382e+03  6.77598365e-18
 3.59248198e+03  6.57426178e-18
 3.59355018e+03  6.62890470e-18
 3.59461842e+03  6.83099256e-18
 3.59568671e+03  6.58164043e-18
 3.59675504e+03  6.63585399e-18
 3.59782342e+03  6.47924866e-18
 3.59889184e+03  6.66210629e-18
 3.59996030e+03  6.60738764e-18
 3.60102881e+03  6.54071653e-18
 3.60209736e+03  6.67050298e-18
 3.60316596e+03  6.47663563e-18
 3.60423460e+03  6.41842000e-18
 3.60530328e+03  6.44442701e-18
 3.60637201e+03  6.51343457e-18
 3.60744077e+03  6.39138405e-18
 3.60850959e+03  6.40654947e-18
 3.60957844e+03  6.44232086e-18
 3.61064734e+03  6.46982277e-18
 3.61171628e+03  6.42562040e-18
 3.61278527e+03  6.57561341e-18
 3.61385430e+03  6.78938035e-18
 3.61492337e+03  6.99745978e-18
 3.61599249e+03  7.16075813e-18
 3.61706165e+03  7.26579575e-18
 3.61813085e+03  7.20548338e-18
 3.61920009e+03  7.13403124e-18
 3.62026938e+03  7.03145814e-18
 3.62133871e+03  7.08781158e-18
 3.62240808e+03  6.94501671e-18
 3.62347750e+03  7.12370421e-18
 3.62454696e+03  6.92578254e-18
 3.62561646e+03  7.04056671e-18
 3.62668601e+03  6.79493179e-18
 3.62775559e+03  6.96292031e-18
 3.62882522e+03  6.91939830e-18
 3.62989489e+03  7.21531130e-18
 3.63096461e+03  7.21919647e-18
 3.63203437e+03  7.18749420e-18
 3.63310417e+03  7.35871809e-18
 3.63417401e+03  7.55672979e-18
 3.63524389e+03  7.23536772e-18
 3.63631382e+03  7.29801819e-18
 3.63738379e+03  7.28174578e-18
 3.63845380e+03  7.08232029e-18
 3.63952385e+03  7.26091750e-18
 3.64059395e+03  7.13730071e-18
 3.64166409e+03  6.99574457e-18
 3.64273427e+03  6.98798232e-18
 3.64380449e+03  7.04116966e-18
 3.64487475e+03  7.06781449e-18
 3.64594506e+03  7.14648772e-18
 3.64701540e+03  7.45248835e-18
 3.64808579e+03  7.89208241e-18
 3.64915622e+03  8.47906763e-18
 3.65022670e+03  8.82377806e-18
 3.65129721e+03  8.40967391e-18
 3.65236777e+03  8.00288235e-18
 3.65343836e+03  7.96185161e-18
 3.65450900e+03  7.96691832e-18
 3.65557968e+03  7.64731428e-18
 3.65665041e+03  7.39379482e-18
 3.65772117e+03  7.37802455e-18
 3.65879197e+03  7.15012247e-18
 3.65986282e+03  7.22347700e-18
 3.66093371e+03  7.58487499e-18
 3.66200464e+03  7.85842070e-18
 3.66307561e+03  7.84090130e-18
 3.66414662e+03  7.69988191e-18
 3.66521767e+03  7.29429535e-18
 3.66628876e+03  7.15741140e-18
 3.66735990e+03  6.74946211e-18
 3.66843107e+03  6.89802901e-18
 3.66950229e+03  6.86575994e-18
 3.67057355e+03  6.74499547e-18
 3.67164485e+03  6.69167089e-18
 3.67271619e+03  6.79756313e-18
 3.67378757e+03  6.67168879e-18
 3.67485899e+03  6.69771408e-18
 3.67593045e+03  6.79689855e-18
 3.67700195e+03  6.60595962e-18
 3.67807349e+03  6.75086551e-18
 3.67914507e+03  6.65560741e-18
 3.68021670e+03  6.72261030e-18
 3.68128836e+03  6.47108904e-18
 3.68236007e+03  6.60928916e-18
 3.68343181e+03  6.53942265e-18
 3.68450360e+03  6.61075662e-18
 3.68557542e+03  6.59470806e-18
 3.68664729e+03  6.64320029e-18
 3.68771919e+03  6.46251080e-18
 3.68879114e+03  6.55296236e-18
 3.68986312e+03  6.69575216e-18
 3.69093515e+03  6.74274450e-18
 3.69200722e+03  6.57640530e-18
 3.69307932e+03  6.70145948e-18
 3.69415147e+03  6.64866180e-18
 3.69522366e+03  6.84692305e-18
 3.69629588e+03  6.82941798e-18
 3.69736815e+03  7.10413189e-18
 3.69844045e+03  7.20383272e-18
 3.69951280e+03  7.35651648e-18
 3.70058518e+03  7.33603548e-18
 3.70165761e+03  7.26989690e-18
 3.70273007e+03  7.16773015e-18
 3.70380257e+03  7.28483760e-18
 3.70487512e+03  7.08663435e-18
 3.70594770e+03  6.89587909e-18
 3.70702032e+03  7.01867135e-18
 3.70809298e+03  7.03253465e-18
 3.70916568e+03  6.85637783e-18
 3.71023842e+03  6.82796118e-18
 3.71131120e+03  6.74850634e-18
 3.71238402e+03  6.73448399e-18
 3.71345688e+03  6.72941491e-18
 3.71452978e+03  6.71907192e-18
 3.71560271e+03  6.72567048e-18
 3.71667569e+03  6.64590761e-18
 3.71774870e+03  6.56483000e-18
 3.71882175e+03  6.51397121e-18
 3.71989484e+03  6.51180559e-18
 3.72096797e+03  6.57843595e-18
 3.72204114e+03  6.58042995e-18
 3.72311435e+03  6.42992842e-18
 3.72418760e+03  6.64890933e-18
 3.72526088e+03  6.58378718e-18
 3.72633421e+03  6.68028590e-18
 3.72740757e+03  6.59800682e-18
 3.72848097e+03  6.63233299e-18
 3.72955441e+03  6.66272016e-18
 3.73062789e+03  6.97612079e-18
 3.73170140e+03  7.03241934e-18
 3.73277496e+03  7.00116681e-18
 3.73384855e+03  6.99198633e-18
 3.73492218e+03  7.29600919e-18
 3.73599585e+03  7.21479249e-18
 3.73706956e+03  7.30714313e-18
 3.73814330e+03  7.46937451e-18
 3.73921709e+03  7.61555746e-18
 3.74029091e+03  7.51335800e-18
 3.74136477e+03  7.42397415e-18
 3.74243867e+03  7.38620630e-18
 3.74351260e+03  7.20960170e-18
 3.74458658e+03  7.18147268e-18
 3.74566059e+03  7.15210445e-18
 3.74673464e+03  7.07186383e-18
 3.74780872e+03  6.97014819e-18
 3.74888285e+03  6.93540232e-18
 3.74995701e+03  7.02798411e-18
 3.75103121e+03  6.93531077e-18
 3.75210545e+03  7.06888199e-18
 3.75317972e+03  7.03863514e-18
 3.75425404e+03  7.09869937e-18
 3.75532839e+03  7.18881267e-18
 3.75640277e+03  6.90599323e-18
 3.75747720e+03  6.86124771e-18
 3.75855166e+03  6.75853474e-18
 3.75962616e+03  6.78491822e-18
 3.76070069e+03  6.83000002e-18
 3.76177527e+03  6.80812501e-18
 3.76284988e+03  6.66552201e-18
 3.76392453e+03  6.71027938e-18
 3.76499921e+03  6.79424357e-18
 3.76607393e+03  6.60889604e-18
 3.76714869e+03  6.66301008e-18
 3.76822349e+03  6.55014316e-18
 3.76929832e+03  6.71183382e-18
 3.77037319e+03  6.90794256e-18
 3.77144809e+03  7.07642559e-18
 3.77252304e+03  7.08467604e-18
 3.77359802e+03  7.15275061e-18
 3.77467303e+03  6.97843009e-18
 3.77574809e+03  7.07999784e-18
 3.77682317e+03  7.08266423e-18
 3.77789830e+03  7.08814909e-18
 3.77897346e+03  7.04114226e-18
 3.78004866e+03  6.97528929e-18
 3.78112390e+03  6.80177328e-18
 3.78219917e+03  6.96524138e-18
 3.78327447e+03  6.88360990e-18
 3.78434982e+03  6.92688278e-18
 3.78542520e+03  6.89320275e-18
 3.78650061e+03  6.71246653e-18
 3.78757607e+03  6.73866541e-18
 3.78865155e+03  6.97438039e-18
 3.78972708e+03  6.97952566e-18
 3.79080264e+03  7.01137723e-18
 3.79187823e+03  7.10614402e-18
 3.79295387e+03  6.98286356e-18
 3.79402953e+03  6.85105399e-18
 3.79510524e+03  6.85105684e-18
 3.79618098e+03  6.83883272e-18
 3.79725675e+03  6.68214515e-18
 3.79833256e+03  6.40033771e-18
 3.79940841e+03  6.68348754e-18
 3.80048429e+03  6.93970126e-18
 3.80156021e+03  6.80708178e-18
 3.80263616e+03  6.88123726e-18
 3.80371215e+03  6.64641799e-18
 3.80478817e+03  6.75891778e-18
 3.80586423e+03  6.94856010e-18
 3.80694033e+03  6.74143614e-18
 3.80801646e+03  6.65752905e-18
 3.80909262e+03  6.54394143e-18
 3.81016882e+03  6.71116151e-18
 3.81124506e+03  6.76959797e-18
 3.81232133e+03  7.01308754e-18
 3.81339763e+03  7.15005152e-18
 3.81447397e+03  7.05227740e-18
 3.81555035e+03  7.01053401e-18
 3.81662676e+03  7.01119992e-18
 3.81770320e+03  6.90786160e-18
 3.81877968e+03  6.88609894e-18
 3.81985620e+03  6.98899543e-18
 3.82093275e+03  6.72966642e-18
 3.82200933e+03  6.99268076e-18
 3.82308595e+03  6.74004061e-18
 3.82416260e+03  6.70680578e-18
 3.82523929e+03  6.76537777e-18
 3.82631601e+03  6.72877822e-18
 3.82739277e+03  7.04111861e-18
 3.82846956e+03  7.43430979e-18
 3.82954639e+03  7.72474044e-18
 3.83062325e+03  7.65827685e-18
 3.83170014e+03  7.57616652e-18
 3.83277707e+03  7.44999275e-18
 3.83385403e+03  7.47734392e-18
 3.83493103e+03  7.21639180e-18
 3.83600806e+03  6.81692311e-18
 3.83708512e+03  7.03952118e-18
 3.83816222e+03  7.04416202e-18
 3.83923935e+03  6.97608795e-18
 3.84031652e+03  7.08740779e-18
 3.84139372e+03  7.15999687e-18
 3.84247096e+03  7.04103461e-18
 3.84354822e+03  7.00866796e-18
 3.84462553e+03  6.87078863e-18
 3.84570286e+03  7.07428543e-18
 3.84678023e+03  7.01156137e-18
 3.84785763e+03  6.97927986e-18
 3.84893507e+03  6.85093051e-18
 3.85001254e+03  6.91565263e-18
 3.85109004e+03  6.83943318e-18
 3.85216758e+03  6.92848067e-18
 3.85324515e+03  6.92088978e-18
 3.85432276e+03  6.69396972e-18
 3.85540039e+03  6.65340554e-18
 3.85647806e+03  6.67921860e-18
 3.85755577e+03  6.61788889e-18
 3.85863350e+03  6.57409946e-18
 3.85971127e+03  6.45211681e-18
 3.86078908e+03  6.60535943e-18
 3.86186691e+03  6.72411069e-18
 3.86294478e+03  6.72891306e-18
 3.86402268e+03  6.72417214e-18
 3.86510062e+03  6.61400391e-18
 3.86617859e+03  6.58764330e-18
 3.86725659e+03  6.52833626e-18
 3.86833462e+03  6.58202148e-18
 3.86941269e+03  6.32855275e-18
 3.87049078e+03  6.29104492e-18
 3.87156891e+03  6.38336917e-18
 3.87264708e+03  6.50000889e-18
 3.87372528e+03  6.76211450e-18
 3.87480350e+03  6.63040506e-18
 3.87588177e+03  6.57382483e-18
 3.87696006e+03  6.59170475e-18
 3.87803839e+03  6.54438612e-18
 3.87911674e+03  6.53126463e-18
 3.88019513e+03  6.54288219e-18
 3.88127356e+03  6.46087148e-18
 3.88235201e+03  6.40841384e-18
 3.88343050e+03  6.56570362e-18
 3.88450902e+03  6.48001090e-18
 3.88558757e+03  6.46624470e-18
 3.88666615e+03  6.49848972e-18
 3.88774477e+03  6.56383666e-18
 3.88882342e+03  6.61756423e-18
 3.88990210e+03  6.48646666e-18
 3.89098081e+03  6.56581238e-18
 3.89205955e+03  6.57006155e-18
 3.89313832e+03  6.66960505e-18
 3.89421713e+03  6.88641092e-18
 3.89529597e+03  6.77145744e-18
 3.89637484e+03  6.95014692e-18
 3.89745374e+03  6.86925864e-18
 3.89853267e+03  6.86108271e-18
 3.89961164e+03  6.84336631e-18
 3.90069063e+03  6.95447488e-18
 3.90176966e+03  6.98799882e-18
 3.90284872e+03  7.29413642e-18
 3.90392781e+03  7.25002155e-18
 3.90500693e+03  7.61694914e-18
 3.90608608e+03  7.97955154e-18
 3.90716526e+03  8.13407392e-18
 3.90824448e+03  8.33379508e-18
 3.90932372e+03  8.18589278e-18
 3.91040300e+03  8.01383009e-18
 3.91148230e+03  8.37483867e-18
 3.91256164e+03  8.18526347e-18
 3.91364101e+03  8.05994490e-18
 3.91472041e+03  7.88883550e-18
 3.91579984e+03  7.55614178e-18
 3.91687930e+03  7.32863544e-18
 3.91795880e+03  7.34383764e-18
 3.91903832e+03  7.12494098e-18
 3.92011787e+03  6.80797374e-18
 3.92119746e+03  6.86487426e-18
 3.92227707e+03  6.77603204e-18
 3.92335672e+03  6.74445596e-18
 3.92443639e+03  6.70187354e-18
 3.92551610e+03  6.75745673e-18
 3.92659584e+03  6.62809973e-18
 3.92767560e+03  6.76136683e-18
 3.92875540e+03  6.63668452e-18
 3.92983523e+03  6.53607708e-18
 3.93091508e+03  6.44995764e-18
 3.93199497e+03  6.63055522e-18
 3.93307489e+03  6.64676349e-18
 3.93415484e+03  6.51772782e-18
 3.93523481e+03  6.46618186e-18
 3.93631482e+03  6.48255767e-18
 3.93739486e+03  6.66299224e-18
 3.93847493e+03  6.79415116e-18
 3.93955502e+03  7.04258988e-18
 3.94063515e+03  7.17302988e-18
 3.94171531e+03  7.29355947e-18
 3.94279549e+03  7.35630472e-18
 3.94387571e+03  7.31886894e-18
 3.94495595e+03  7.12269226e-18
 3.94603623e+03  7.06604184e-18
 3.94711653e+03  7.13574268e-18
 3.94819687e+03  7.15153476e-18
 3.94927723e+03  7.09097269e-18
 3.95035762e+03  7.07557182e-18
 3.95143805e+03  6.94973942e-18
 3.95251850e+03  6.89788712e-18
 3.95359898e+03  6.79886646e-18
 3.95467949e+03  6.93963136e-18
 3.95576003e+03  6.82582035e-18
 3.95684059e+03  6.80887390e-18
 3.95792119e+03  6.80821717e-18
 3.95900182e+03  6.70568090e-18
 3.96008247e+03  6.91011805e-18
 3.96116316e+03  6.88152661e-18
 3.96224387e+03  6.55614206e-18
 3.96332461e+03  6.62327275e-18
 3.96440538e+03  6.42675573e-18
 3.96548618e+03  6.40338980e-18
 3.96656701e+03  6.26628130e-18
 3.96764786e+03  6.32526699e-18
 3.96872875e+03  6.14333464e-18
 3.96980966e+03  6.22619727e-18
 3.97089060e+03  6.26347684e-18
 3.97197158e+03  6.64577809e-18
 3.97305257e+03  6.53344589e-18
 3.97413360e+03  6.79707919e-18
 3.97521466e+03  6.92594826e-18
 3.97629574e+03  6.83109070e-18
 3.97737685e+03  6.74072863e-18
 3.97845799e+03  6.78862363e-18
 3.97953916e+03  6.98577668e-18
 3.98062036e+03  7.02027637e-18
 3.98170158e+03  6.92982250e-18
 3.98278284e+03  6.97572547e-18
 3.98386412e+03  7.00240587e-18
 3.98494543e+03  6.80358627e-18
 3.98602676e+03  6.80307014e-18
 3.98710813e+03  6.87700989e-18
 3.98818952e+03  7.01246626e-18
 3.98927094e+03  6.79969526e-18
 3.99035239e+03  6.80305226e-18
 3.99143386e+03  6.78937676e-18
 3.99251537e+03  6.84223949e-18
 3.99359690e+03  6.86496497e-18
 3.99467845e+03  7.03232716e-18
 3.99576004e+03  6.98179655e-18
 3.99684165e+03  6.99598427e-18
 3.99792329e+03  6.86612820e-18
 3.99900496e+03  7.09222552e-18
 4.00008666e+03  6.96309873e-18
 4.00116838e+03  6.85365685e-18
 4.00225013e+03  6.79755228e-18
 4.00333190e+03  6.78395557e-18
 4.00441371e+03  6.80129760e-18
 4.00549554e+03  6.86365498e-18
 4.00657740e+03  7.08744845e-18
 4.00765928e+03  7.22744850e-18
 4.00874119e+03  7.32925656e-18
 4.00982313e+03  7.51716923e-18
 4.01090510e+03  7.62613682e-18
 4.01198709e+03  7.46301382e-18
 4.01306911e+03  7.29391643e-18
 4.01415115e+03  7.33232918e-18
 4.01523323e+03  7.16910586e-18
 4.01631532e+03  7.08821230e-18
 4.01739745e+03  7.51328525e-18
 4.01847960e+03  7.47818476e-18
 4.01956178e+03  7.74903482e-18
 4.02064399e+03  7.87857865e-18
 4.02172622e+03  7.91294035e-18
 4.02280848e+03  7.74001249e-18
 4.02389076e+03  7.75163194e-18
 4.02497307e+03  7.63801356e-18
 4.02605541e+03  7.46694140e-18
 4.02713777e+03  7.11856643e-18
 4.02822016e+03  7.29569472e-18
 4.02930257e+03  7.28925509e-18
 4.03038501e+03  7.29048738e-18
 4.03146748e+03  7.18783747e-18
 4.03254997e+03  7.20084148e-18
 4.03363249e+03  7.19408508e-18
 4.03471504e+03  7.24685235e-18
 4.03579761e+03  7.14905437e-18
 4.03688020e+03  7.29158068e-18
 4.03796282e+03  7.46016167e-18
 4.03904547e+03  7.34203617e-18
 4.04012814e+03  7.63710780e-18
 4.04121084e+03  7.87335257e-18
 4.04229357e+03  7.90987623e-18
 4.04337632e+03  8.96965639e-18
 4.04445909e+03  1.25120263e-17
 4.04554189e+03  1.65650441e-17
 4.04662472e+03  1.80513350e-17
 4.04770757e+03  1.52476281e-17
 4.04879045e+03  1.17100510e-17
 4.04987335e+03  9.11017178e-18
 4.05095627e+03  8.33802588e-18
 4.05203923e+03  7.81480173e-18
 4.05312220e+03  8.07804306e-18
 4.05420521e+03  7.84093095e-18
 4.05528823e+03  7.95951879e-18
 4.05637128e+03  7.68143062e-18
 4.05745436e+03  7.58187508e-18
 4.05853746e+03  7.57090171e-18
 4.05962059e+03  7.76000147e-18
 4.06070374e+03  7.65727981e-18
 4.06178692e+03  7.78277526e-18
 4.06287012e+03  7.63372227e-18
 4.06395334e+03  7.91803472e-18
 4.06503659e+03  7.93676707e-18
 4.06611987e+03  7.95013213e-18
 4.06720317e+03  7.83111993e-18
 4.06828649e+03  7.87261241e-18
 4.06936984e+03  7.78561251e-18
 4.07045321e+03  7.60278035e-18
 4.07153661e+03  7.63937491e-18
 4.07262003e+03  7.45367951e-18
 4.07370347e+03  7.47745765e-18
 4.07478694e+03  7.99789806e-18
 4.07587043e+03  8.33751270e-18
 4.07695395e+03  9.13150546e-18
 4.07803749e+03  8.85052665e-18
 4.07912106e+03  8.43637316e-18
 4.08020465e+03  8.25657483e-18
 4.08128826e+03  7.98854510e-18
 4.08237190e+03  7.76272305e-18
 4.08345556e+03  7.79997339e-18
 4.08453924e+03  7.75948778e-18
 4.08562295e+03  7.90485833e-18
 4.08670668e+03  7.83180784e-18
 4.08779044e+03  7.62075516e-18
 4.08887422e+03  7.45659389e-18
 4.08995802e+03  7.32886879e-18
 4.09104185e+03  7.32408126e-18
 4.09212570e+03  7.11679001e-18
 4.09320957e+03  7.25284443e-18
 4.09429347e+03  7.09181323e-18
 4.09537739e+03  7.18208996e-18
 4.09646133e+03  7.23314473e-18
 4.09754529e+03  7.19631582e-18
 4.09862928e+03  7.22698059e-18
 4.09971330e+03  7.14413783e-18
 4.10079733e+03  6.87287759e-18
 4.10188139e+03  6.73785306e-18
 4.10296547e+03  6.71251809e-18
 4.10404958e+03  6.86431668e-18
 4.10513370e+03  6.97352031e-18
 4.10621785e+03  7.01405146e-18
 4.10730203e+03  6.99694712e-18
 4.10838622e+03  7.28512268e-18
 4.10947044e+03  7.05470457e-18
 4.11055468e+03  7.01213246e-18
 4.11163895e+03  6.88806132e-18
 4.11272323e+03  6.97591065e-18
 4.11380754e+03  7.17763495e-18
 4.11489187e+03  7.15936305e-18
 4.11597623e+03  7.04329513e-18
 4.11706060e+03  7.02189962e-18
 4.11814500e+03  6.95393908e-18
 4.11922942e+03  6.92519821e-18
 4.12031387e+03  6.94639331e-18
 4.12139833e+03  7.17684798e-18
 4.12248282e+03  7.15839260e-18
 4.12356733e+03  7.35689026e-18
 4.12465186e+03  7.32617713e-18
 4.12573642e+03  7.40868706e-18
 4.12682099e+03  7.22328433e-18
 4.12790559e+03  7.31319881e-18
 4.12899021e+03  7.51055457e-18
 4.13007485e+03  7.33354408e-18
 4.13115951e+03  7.52041483e-18
 4.13224420e+03  7.33707925e-18
 4.13332891e+03  7.57244074e-18
 4.13441363e+03  7.61215371e-18
 4.13549838e+03  7.56602159e-18
 4.13658316e+03  7.39846989e-18
 4.13766795e+03  7.48164462e-18
 4.13875276e+03  7.58774873e-18
 4.13983760e+03  7.68191923e-18
 4.14092246e+03  7.55972509e-18
 4.14200734e+03  7.35728293e-18
 4.14309224e+03  7.21624549e-18
 4.14417716e+03  7.27659100e-18
 4.14526210e+03  7.28434720e-18
 4.14634706e+03  7.35179388e-18
 4.14743205e+03  7.20535424e-18
 4.14851705e+03  7.25547664e-18
 4.14960208e+03  7.15583356e-18
 4.15068713e+03  7.39702000e-18
 4.15177220e+03  7.43142690e-18
 4.15285729e+03  7.48808830e-18
 4.15394240e+03  7.63311667e-18
 4.15502753e+03  7.66225084e-18
 4.15611268e+03  7.67288506e-18
 4.15719786e+03  7.71240263e-18
 4.15828305e+03  7.63095378e-18
 4.15936826e+03  7.51601842e-18
 4.16045350e+03  7.60245455e-18
 4.16153875e+03  7.69358896e-18
 4.16262403e+03  8.02028941e-18
 4.16370932e+03  8.34770548e-18
 4.16479464e+03  8.34263302e-18
 4.16587998e+03  8.34732180e-18
 4.16696534e+03  8.11220802e-18
 4.16805071e+03  8.34421119e-18
 4.16913611e+03  8.11131405e-18
 4.17022153e+03  8.05039236e-18
 4.17130697e+03  7.92287183e-18
 4.17239242e+03  7.98140397e-18
 4.17347790e+03  7.63374539e-18
 4.17456340e+03  7.79353517e-18
 4.17564892e+03  7.69332719e-18
 4.17673446e+03  7.93613338e-18
 4.17782001e+03  8.03467208e-18
 4.17890559e+03  7.83893001e-18
 4.17999119e+03  7.60473728e-18
 4.18107681e+03  7.50560118e-18
 4.18216244e+03  7.48894212e-18
 4.18324810e+03  7.40485072e-18
 4.18433377e+03  7.40067315e-18
 4.18541947e+03  7.26294105e-18
 4.18650518e+03  7.18085004e-18
 4.18759092e+03  7.27489157e-18
 4.18867667e+03  7.08155819e-18
 4.18976244e+03  7.37571635e-18
 4.19084824e+03  7.47005134e-18
 4.19193405e+03  7.15699377e-18
 4.19301988e+03  7.20906914e-18
 4.19410573e+03  7.21899007e-18
 4.19519160e+03  7.12618034e-18
 4.19627748e+03  7.01706410e-18
 4.19736339e+03  6.88322531e-18
 4.19844932e+03  6.94334057e-18
 4.19953526e+03  7.00419927e-18
 4.20062123e+03  7.04976888e-18
 4.20170721e+03  6.90649393e-18
 4.20279321e+03  6.82756294e-18
 4.20387923e+03  6.93559138e-18
 4.20496527e+03  7.06798558e-18
 4.20605133e+03  7.03061394e-18
 4.20713740e+03  7.34172226e-18
 4.20822350e+03  7.24207029e-18
 4.20930961e+03  7.19441939e-18
 4.21039574e+03  7.08573876e-18
 4.21148189e+03  7.31530063e-18
 4.21256806e+03  7.01060023e-18
 4.21365425e+03  7.21472044e-18
 4.21474045e+03  7.20636572e-18
 4.21582667e+03  7.31105731e-18
 4.21691291e+03  7.27564267e-18
 4.21799917e+03  7.31104663e-18
 4.21908545e+03  7.21352781e-18
 4.22017175e+03  7.17717904e-18
 4.22125806e+03  6.97200942e-18
 4.22234439e+03  7.25353520e-18
 4.22343074e+03  7.18270999e-18
 4.22451711e+03  7.04050377e-18
 4.22560349e+03  6.92635882e-18
 4.22668990e+03  6.89562318e-18
 4.22777632e+03  6.90812176e-18
 4.22886276e+03  7.13238367e-18
 4.22994921e+03  7.20399666e-18
 4.23103569e+03  7.31806302e-18
 4.23212218e+03  7.24579245e-18
 4.23320868e+03  7.18939608e-18
 4.23429521e+03  7.31860784e-18
 4.23538175e+03  7.14837334e-18
 4.23646831e+03  7.28293774e-18
 4.23755489e+03  7.33726102e-18
 4.23864149e+03  7.19993425e-18
 4.23972810e+03  7.14046446e-18
 4.24081473e+03  7.21741733e-18
 4.24190138e+03  7.15090100e-18
 4.24298804e+03  7.12329498e-18
 4.24407472e+03  7.38061929e-18
 4.24516142e+03  8.07751939e-18
 4.24624814e+03  8.38951390e-18
 4.24733487e+03  8.54141449e-18
 4.24842162e+03  7.96406908e-18
 4.24950838e+03  7.61753755e-18
 4.25059516e+03  7.54293379e-18
 4.25168196e+03  7.57297738e-18
 4.25276878e+03  7.78012420e-18
 4.25385561e+03  7.56520968e-18
 4.25494246e+03  7.70911335e-18
 4.25602932e+03  7.81367172e-18
 4.25711621e+03  7.76618175e-18
 4.25820310e+03  7.72115618e-18
 4.25929002e+03  7.47991774e-18
 4.26037695e+03  7.44083719e-18
 4.26146390e+03  7.60125115e-18
 4.26255086e+03  7.43271008e-18
 4.26363784e+03  7.77146395e-18
 4.26472484e+03  7.83248143e-18
 4.26581185e+03  7.74446637e-18
 4.26689888e+03  7.74662273e-18
 4.26798592e+03  7.84802397e-18
 4.26907298e+03  7.95406268e-18
 4.27016006e+03  7.68363080e-18
 4.27124715e+03  7.56163809e-18
 4.27233426e+03  7.65244552e-18
 4.27342138e+03  7.73260400e-18
 4.27450852e+03  7.82785994e-18
 4.27559567e+03  7.95295533e-18
 4.27668284e+03  7.90457661e-18
 4.27777003e+03  7.79257437e-18
 4.27885723e+03  7.79563476e-18
 4.27994445e+03  7.94645132e-18
 4.28103168e+03  7.94369244e-18
 4.28211893e+03  7.79819685e-18
 4.28320619e+03  7.74965891e-18
 4.28429347e+03  7.81491676e-18
 4.28538077e+03  7.96008246e-18
 4.28646808e+03  7.73894237e-18
 4.28755540e+03  7.72262170e-18
 4.28864274e+03  7.57659588e-18
 4.28973009e+03  7.62777387e-18
 4.29081746e+03  7.85117733e-18
 4.29190485e+03  7.82713512e-18
 4.29299225e+03  7.86789257e-18
 4.29407966e+03  7.85115105e-18
 4.29516709e+03  8.03063375e-18
 4.29625454e+03  7.86491666e-18
 4.29734200e+03  7.82094885e-18
 4.29842947e+03  7.61894430e-18
 4.29951696e+03  7.82115940e-18
 4.30060446e+03  7.88153115e-18
 4.30169198e+03  7.80397895e-18
 4.30277951e+03  7.82789660e-18
 4.30386706e+03  7.78848928e-18
 4.30495462e+03  7.59464907e-18
 4.30604220e+03  7.80677237e-18
 4.30712979e+03  7.75561815e-18
 4.30821739e+03  8.02877579e-18
 4.30930501e+03  7.94733476e-18
 4.31039264e+03  8.05480972e-18
 4.31148029e+03  8.20836740e-18
 4.31256795e+03  8.57071543e-18
 4.31365563e+03  8.76455227e-18
 4.31474331e+03  8.61615634e-18
 4.31583102e+03  8.70171891e-18
 4.31691874e+03  8.57382464e-18
 4.31800647e+03  8.60904896e-18
 4.31909421e+03  8.48501112e-18
 4.32018197e+03  8.96084118e-18
 4.32126974e+03  8.70594781e-18
 4.32235753e+03  8.36371842e-18
 4.32344533e+03  8.23758068e-18
 4.32453314e+03  8.03778881e-18
 4.32562097e+03  8.31327609e-18
 4.32670881e+03  8.33123720e-18
 4.32779666e+03  8.06014212e-18
 4.32888453e+03  8.05343665e-18
 4.32997241e+03  8.15113090e-18
 4.33106031e+03  8.28483660e-18
 4.33214821e+03  8.16781732e-18
 4.33323613e+03  8.22247510e-18
 4.33432407e+03  8.30991561e-18
 4.33541201e+03  8.34584722e-18
 4.33649997e+03  8.36416478e-18
 4.33758795e+03  8.27201179e-18
 4.33867593e+03  8.25500776e-18
 4.33976393e+03  8.27850888e-18
 4.34085195e+03  8.30417810e-18
 4.34193997e+03  8.45234558e-18
 4.34302801e+03  8.55609881e-18
 4.34411606e+03  8.67137745e-18
 4.34520412e+03  8.98122569e-18
 4.34629220e+03  8.91514622e-18
 4.34738029e+03  9.32290256e-18
 4.34846839e+03  9.26339476e-18
 4.34955650e+03  9.17098999e-18
 4.35064463e+03  8.91881221e-18
 4.35173277e+03  8.70463446e-18
 4.35282092e+03  8.66555752e-18
 4.35390908e+03  9.09935993e-18
 4.35499726e+03  1.07046692e-17
 4.35608544e+03  1.82867974e-17
 4.35717364e+03  2.71047477e-17
 4.35826186e+03  3.15167178e-17
 4.35935008e+03  2.75278130e-17
 4.36043832e+03  1.86176538e-17
 4.36152657e+03  1.29651701e-17
 4.36261483e+03  1.05150212e-17
 4.36370310e+03  9.85951748e-18
 4.36479138e+03  9.37172674e-18
 4.36587968e+03  9.17425001e-18
 4.36696799e+03  9.42693833e-18
 4.36805631e+03  9.08444470e-18
 4.36914464e+03  9.12051084e-18
 4.37023298e+03  9.13162501e-18
 4.37132134e+03  9.29077690e-18
 4.37240971e+03  9.27272599e-18
 4.37349808e+03  9.45692142e-18
 4.37458647e+03  9.54691786e-18
 4.37567487e+03  9.61405090e-18
 4.37676329e+03  9.17998601e-18
 4.37785171e+03  9.07245455e-18
 4.37894014e+03  9.06088870e-18
 4.38002859e+03  9.38051432e-18
 4.38111705e+03  8.97226555e-18
 4.38220552e+03  8.99633732e-18
 4.38329400e+03  8.87530308e-18
 4.38438249e+03  8.85259761e-18
 4.38547099e+03  8.76516090e-18
 4.38655950e+03  9.13556404e-18
 4.38764802e+03  8.94885819e-18
 4.38873656e+03  8.92239365e-18
 4.38982510e+03  9.08581116e-18
 4.39091366e+03  9.10376010e-18
 4.39200223e+03  9.03315494e-18
 4.39309080e+03  9.01642153e-18
 4.39417939e+03  9.12156844e-18
 4.39526799e+03  9.34948360e-18
 4.39635660e+03  9.07107623e-18
 4.39744522e+03  9.14334876e-18
 4.39853385e+03  9.23178956e-18
 4.39962249e+03  9.44213937e-18
 4.40071114e+03  9.83817631e-18
 4.40179980e+03  9.81760912e-18
 4.40288847e+03  9.79381420e-18
 4.40397716e+03  9.63249452e-18
 4.40506585e+03  9.80754415e-18
 4.40615455e+03  9.98607795e-18
 4.40724326e+03  1.01492999e-17
 4.40833198e+03  1.00373132e-17
 4.40942072e+03  1.00466919e-17
 4.41050946e+03  1.01333450e-17
 4.41159821e+03  1.02837610e-17
 4.41268697e+03  1.01857891e-17
 4.41377574e+03  9.99189058e-18
 4.41486452e+03  1.02312262e-17
 4.41595332e+03  1.02802250e-17
 4.41704212e+03  1.02301800e-17
 4.41813093e+03  9.89718553e-18
 4.41921975e+03  1.01974114e-17
 4.42030858e+03  1.02101249e-17
 4.42139741e+03  1.01071748e-17
 4.42248626e+03  1.00417673e-17
 4.42357512e+03  1.00954438e-17
 4.42466399e+03  1.00221127e-17
 4.42575286e+03  1.02764559e-17
 4.42684175e+03  1.02168148e-17
 4.42793064e+03  1.01735056e-17
 4.42901955e+03  1.00046421e-17
 4.43010846e+03  1.00265482e-17
 4.43119738e+03  9.87597961e-18
 4.43228631e+03  1.01607317e-17
 4.43337525e+03  1.00254411e-17
 4.43446420e+03  9.78630234e-18
 4.43555316e+03  9.82684429e-18
 4.43664212e+03  1.02429664e-17
 4.43773110e+03  1.02326737e-17
 4.43882008e+03  1.03585623e-17
 4.43990908e+03  1.01975349e-17
 4.44099808e+03  1.03067995e-17
 4.44208709e+03  9.92219773e-18
 4.44317611e+03  1.01857125e-17
 4.44426513e+03  1.01357297e-17
 4.44535417e+03  1.02901187e-17
 4.44644321e+03  1.01428886e-17
 4.44753226e+03  1.00322601e-17
 4.44862132e+03  1.01749190e-17
 4.44971039e+03  1.02857323e-17
 4.45079947e+03  1.01239809e-17
 4.45188855e+03  1.01702365e-17
 4.45297765e+03  1.00113316e-17
 4.45406675e+03  9.95670121e-18
 4.45515586e+03  9.94782323e-18
 4.45624497e+03  1.01147127e-17
 4.45733410e+03  1.01320675e-17
 4.45842323e+03  1.01282762e-17
 4.45951237e+03  1.02454358e-17
 4.46060152e+03  1.03676920e-17
 4.46169068e+03  1.04933385e-17
 4.46277984e+03  1.00035921e-17
 4.46386901e+03  1.03312589e-17
 4.46495819e+03  1.03694018e-17
 4.46604738e+03  1.02362505e-17
 4.46713657e+03  1.03577243e-17
 4.46822577e+03  1.04168192e-17
 4.46931498e+03  1.01523578e-17
 4.47040420e+03  9.98904512e-18
 4.47149342e+03  1.03856166e-17
 4.47258266e+03  1.02805993e-17
 4.47367189e+03  1.01483198e-17
 4.47476114e+03  1.05189304e-17
 4.47585039e+03  1.04107502e-17
 4.47693965e+03  1.04148392e-17
 4.47802892e+03  1.02924473e-17
 4.47911819e+03  1.04147481e-17
 4.48020747e+03  1.01700326e-17
 4.48129676e+03  1.01919914e-17
 4.48238605e+03  1.03295391e-17
 4.48347535e+03  1.06544355e-17
 4.48456466e+03  1.05539950e-17
 4.48565398e+03  1.05694240e-17
 4.48674330e+03  1.06722112e-17
 4.48783263e+03  1.03163348e-17
 4.48892196e+03  1.03230450e-17
 4.49001130e+03  1.05313247e-17
 4.49110065e+03  1.05561833e-17
 4.49219000e+03  1.06993019e-17
 4.49327936e+03  1.07654950e-17
 4.49436873e+03  1.06755501e-17
 4.49545810e+03  1.03334189e-17
 4.49654748e+03  1.08456010e-17
 4.49763687e+03  1.07002138e-17
 4.49872626e+03  1.06539326e-17
 4.49981565e+03  1.07271702e-17
 4.50090506e+03  1.05180953e-17
 4.50199447e+03  1.06517449e-17
 4.50308388e+03  1.04867626e-17
 4.50417330e+03  1.07601477e-17
 4.50526273e+03  1.05683402e-17
 4.50635216e+03  1.05213480e-17
 4.50744160e+03  1.07478159e-17
 4.50853105e+03  1.04067939e-17
 4.50962050e+03  1.04556487e-17
 4.51070995e+03  1.06850544e-17
 4.51179941e+03  1.05313835e-17
 4.51288888e+03  1.03048853e-17
 4.51397835e+03  1.02312508e-17
 4.51506783e+03  1.02686328e-17
 4.51615731e+03  1.03931756e-17
 4.51724680e+03  1.03283708e-17
 4.51833630e+03  1.04216413e-17
 4.51942579e+03  1.02324881e-17
 4.52051530e+03  1.03682965e-17
 4.52160481e+03  1.04286932e-17
 4.52269432e+03  1.04872448e-17
 4.52378384e+03  1.04681402e-17
 4.52487337e+03  1.04035453e-17
 4.52596290e+03  1.03633626e-17
 4.52705243e+03  1.01417836e-17
 4.52814197e+03  1.04166091e-17
 4.52923151e+03  1.03164587e-17
 4.53032106e+03  1.04137097e-17
 4.53141062e+03  1.05101029e-17
 4.53250017e+03  1.04658926e-17
 4.53358974e+03  1.03221142e-17
 4.53467930e+03  1.04444377e-17
 4.53576888e+03  1.04757263e-17
 4.53685845e+03  1.02164579e-17
 4.53794803e+03  1.04336261e-17
 4.53903762e+03  1.02591401e-17
 4.54012721e+03  1.02093045e-17
 4.54121680e+03  1.02244644e-17
 4.54230640e+03  1.02237641e-17
 4.54339600e+03  1.01418902e-17
 4.54448561e+03  1.02337777e-17
 4.54557522e+03  1.03514145e-17
 4.54666483e+03  1.02346345e-17
 4.54775445e+03  1.00908195e-17
 4.54884408e+03  1.01528426e-17
 4.54993370e+03  1.01366347e-17
 4.55102333e+03  9.97226268e-18
 4.55211297e+03  9.79191222e-18
 4.55320261e+03  1.00108497e-17
 4.55429225e+03  9.84338771e-18
 4.55538189e+03  9.67163666e-18
 4.55647154e+03  9.89214103e-18
 4.55756119e+03  9.71941422e-18
 4.55865085e+03  9.61208520e-18
 4.55974051e+03  9.85164382e-18
 4.56083017e+03  9.76780245e-18
 4.56191984e+03  9.46450685e-18
 4.56300951e+03  9.74922991e-18
 4.56409918e+03  9.44994448e-18
 4.56518886e+03  9.61546705e-18
 4.56627854e+03  9.55795815e-18
 4.56736822e+03  9.35108068e-18
 4.56845791e+03  9.43264008e-18
 4.56954760e+03  9.43382057e-18
 4.57063729e+03  9.32714772e-18
 4.57172698e+03  9.17241545e-18
 4.57281668e+03  9.36828630e-18
 4.57390638e+03  9.27222407e-18
 4.57499609e+03  9.36687965e-18
 4.57608579e+03  9.50760503e-18
 4.57717550e+03  9.32730730e-18
 4.57826521e+03  9.01832208e-18
 4.57935493e+03  9.34064791e-18
 4.58044465e+03  9.26550858e-18
 4.58153437e+03  9.33590197e-18
 4.58262409e+03  9.07255475e-18
 4.58371381e+03  9.15157165e-18
 4.58480354e+03  9.12732060e-18
 4.58589327e+03  9.03647767e-18
 4.58698300e+03  8.98669737e-18
 4.58807274e+03  9.15549345e-18
 4.58916247e+03  9.20033976e-18
 4.59025221e+03  9.04159630e-18
 4.59134195e+03  8.78292947e-18
 4.59243169e+03  9.03980232e-18
 4.59352144e+03  9.00548408e-18
 4.59461118e+03  8.85557280e-18
 4.59570093e+03  8.90931487e-18
 4.59679068e+03  8.87492561e-18
 4.59788044e+03  8.71147562e-18
 4.59897019e+03  8.65379065e-18
 4.60005995e+03  8.74155710e-18
 4.60114970e+03  8.73553212e-18
 4.60223946e+03  8.65728379e-18
 4.60332922e+03  8.81036502e-18
 4.60441899e+03  8.55863362e-18
 4.60550875e+03  8.56733629e-18
 4.60659851e+03  8.76464879e-18
 4.60768828e+03  8.46041102e-18
 4.60877805e+03  8.71861789e-18
 4.60986782e+03  8.59087657e-18
 4.61095759e+03  8.50644764e-18
 4.61204736e+03  8.66643363e-18
 4.61313713e+03  8.69629610e-18
 4.61422691e+03  8.41834303e-18
 4.61531668e+03  8.57011766e-18
 4.61640646e+03  8.49412545e-18
 4.61749624e+03  8.28060057e-18
 4.61858601e+03  8.33986935e-18
 4.61967579e+03  8.47650230e-18
 4.62076557e+03  8.83786746e-18
 4.62185535e+03  8.92188561e-18
 4.62294514e+03  8.89667204e-18
 4.62403492e+03  9.13076423e-18
 4.62512470e+03  9.27665616e-18
 4.62621448e+03  9.19981924e-18
 4.62730427e+03  8.92017690e-18
 4.62839405e+03  8.56396718e-18
 4.62948384e+03  8.38174509e-18
 4.63057362e+03  8.39010982e-18
 4.63166341e+03  8.30540335e-18
 4.63275319e+03  8.25178132e-18
 4.63384298e+03  8.20573098e-18
 4.63493277e+03  8.10215677e-18
 4.63602255e+03  8.02603617e-18
 4.63711234e+03  8.18916494e-18
 4.63820213e+03  8.07802967e-18
 4.63929191e+03  7.97471542e-18
 4.64038170e+03  8.15698997e-18
 4.64147149e+03  8.07175610e-18
 4.64256127e+03  7.96098520e-18
 4.64365106e+03  8.07752358e-18
 4.64474085e+03  7.85029404e-18
 4.64583063e+03  7.80659197e-18
 4.64692042e+03  7.92104795e-18
 4.64801020e+03  8.01950574e-18
 4.64909999e+03  8.00640248e-18
 4.65018977e+03  8.04324318e-18
 4.65127956e+03  8.16687882e-18
 4.65236934e+03  7.92921212e-18
 4.65345912e+03  8.00951151e-18
 4.65454891e+03  8.03517597e-18
 4.65563869e+03  8.15750083e-18
 4.65672847e+03  8.05913182e-18
 4.65781825e+03  8.16925907e-18
 4.65890803e+03  8.44397438e-18
 4.65999781e+03  8.28520856e-18
 4.66108758e+03  8.33335639e-18
 4.66217736e+03  8.24841067e-18
 4.66326714e+03  8.40737563e-18
 4.66435691e+03  8.26260241e-18
 4.66544668e+03  8.10582963e-18
 4.66653646e+03  8.27948354e-18
 4.66762623e+03  8.44704839e-18
 4.66871600e+03  8.46403212e-18
 4.66980576e+03  8.42161385e-18
 4.67089553e+03  8.25078598e-18
 4.67198530e+03  8.19141286e-18
 4.67307506e+03  8.17096097e-18
 4.67416482e+03  8.42093493e-18
 4.67525459e+03  8.26900974e-18
 4.67634435e+03  8.16854837e-18
 4.67743410e+03  8.10595031e-18
 4.67852386e+03  7.79792274e-18
 4.67961361e+03  7.99902081e-18
 4.68070337e+03  7.81577750e-18
 4.68179312e+03  8.04189854e-18
 4.68288287e+03  7.87189433e-18
 4.68397261e+03  7.83598190e-18
 4.68506236e+03  7.85542471e-18
 4.68615210e+03  7.75859907e-18
 4.68724184e+03  7.71680774e-18
 4.68833158e+03  7.69560137e-18
 4.68942132e+03  7.57127868e-18
 4.69051105e+03  7.50882420e-18
 4.69160079e+03  7.72793441e-18
 4.69269052e+03  7.70393493e-18
 4.69378024e+03  7.63524387e-18
 4.69486997e+03  7.66161247e-18
 4.69595969e+03  7.61071028e-18
 4.69704941e+03  7.42399911e-18
 4.69813913e+03  7.54564679e-18
 4.69922884e+03  7.47555580e-18
 4.70031856e+03  7.55167649e-18
 4.70140827e+03  7.28132409e-18
 4.70249797e+03  7.45582036e-18
 4.70358768e+03  7.58505825e-18
 4.70467738e+03  7.56688743e-18
 4.70576708e+03  7.40662644e-18
 4.70685677e+03  7.43177715e-18
 4.70794647e+03  7.41799554e-18
 4.70903616e+03  7.74378440e-18
 4.71012584e+03  7.46475038e-18
 4.71121553e+03  7.46365407e-18
 4.71230521e+03  7.47056208e-18
 4.71339488e+03  7.47807792e-18
 4.71448456e+03  7.44274478e-18
 4.71557423e+03  7.49252498e-18
 4.71666389e+03  7.38027057e-18
 4.71775356e+03  7.43030103e-18
 4.71884322e+03  7.56915167e-18
 4.71993287e+03  7.29628207e-18
 4.72102253e+03  7.40913678e-18
 4.72211218e+03  7.32371408e-18
 4.72320182e+03  7.31044476e-18
 4.72429147e+03  7.37512309e-18
 4.72538110e+03  7.27481708e-18
 4.72647074e+03  7.31888790e-18
 4.72756037e+03  7.32464851e-18
 4.72865000e+03  7.59342307e-18
 4.72973962e+03  7.45235004e-18
 4.73082924e+03  7.47496257e-18
 4.73191885e+03  7.24154959e-18
 4.73300846e+03  7.31225175e-18
 4.73409807e+03  7.60540600e-18
 4.73518767e+03  7.61373564e-18
 4.73627727e+03  7.52588478e-18
 4.73736687e+03  7.83523693e-18
 4.73845646e+03  7.64552756e-18
 4.73954604e+03  7.83338198e-18
 4.74063562e+03  7.99052772e-18
 4.74172520e+03  8.14451115e-18
 4.74281477e+03  8.12878490e-18
 4.74390434e+03  7.80708556e-18
 4.74499390e+03  7.82773644e-18
 4.74608346e+03  7.41162516e-18
 4.74717301e+03  7.10797700e-18
 4.74826256e+03  7.06586055e-18
 4.74935211e+03  7.13319025e-18
 4.75044165e+03  7.16046293e-18
 4.75153118e+03  7.16435122e-18
 4.75262071e+03  7.24813470e-18
 4.75371023e+03  7.24805865e-18
 4.75479975e+03  7.14648192e-18
 4.75588927e+03  6.98845763e-18
 4.75697878e+03  6.94670874e-18
 4.75806828e+03  7.00984430e-18
 4.75915778e+03  7.09306393e-18
 4.76024727e+03  6.93882510e-18
 4.76133676e+03  6.79553173e-18
 4.76242624e+03  6.77531617e-18
 4.76351572e+03  6.75554967e-18
 4.76460519e+03  6.88112050e-18
 4.76569466e+03  6.65609428e-18
 4.76678412e+03  6.81436857e-18
 4.76787357e+03  6.75965175e-18
 4.76896302e+03  6.79400429e-18
 4.77005247e+03  6.61598334e-18
 4.77114190e+03  6.87878887e-18
 4.77223134e+03  6.64231290e-18
 4.77332076e+03  6.54970373e-18
 4.77441018e+03  6.75870243e-18
 4.77549960e+03  6.82304920e-18
 4.77658901e+03  6.91941876e-18
 4.77767841e+03  7.05671809e-18
 4.77876780e+03  7.01174804e-18
 4.77985719e+03  6.95065069e-18
 4.78094658e+03  6.90129388e-18
 4.78203596e+03  6.71248031e-18
 4.78312533e+03  6.71076606e-18
 4.78421469e+03  6.73580872e-18
 4.78530405e+03  6.78164534e-18
 4.78639340e+03  6.66296453e-18
 4.78748275e+03  6.57007886e-18
 4.78857209e+03  6.67881266e-18
 4.78966142e+03  6.79628672e-18
 4.79075075e+03  6.71955252e-18
 4.79184007e+03  6.88748342e-18
 4.79292938e+03  6.74937617e-18
 4.79401868e+03  6.68877956e-18
 4.79510798e+03  6.85569660e-18
 4.79619728e+03  6.80249257e-18
 4.79728656e+03  6.76923190e-18
 4.79837584e+03  6.85722995e-18
 4.79946511e+03  6.74124612e-18
 4.80055437e+03  6.78113165e-18
 4.80164363e+03  6.81981999e-18
 4.80273288e+03  6.95585236e-18
 4.80382212e+03  6.69261371e-18
 4.80491136e+03  6.76300959e-18
 4.80600059e+03  6.74135439e-18
 4.80708981e+03  6.69322728e-18
 4.80817902e+03  6.78107083e-18
 4.80926823e+03  6.80980063e-18
 4.81035743e+03  6.58562573e-18
 4.81144662e+03  6.82828747e-18
 4.81253580e+03  6.68698401e-18
 4.81362498e+03  6.83568754e-18
 4.81471414e+03  6.95732993e-18
 4.81580330e+03  6.89612669e-18
 4.81689246e+03  7.01041825e-18
 4.81798160e+03  7.03881027e-18
 4.81907074e+03  7.03199980e-18
 4.82015987e+03  7.06355725e-18
 4.82124899e+03  7.14589963e-18
 4.82233810e+03  7.14387198e-18
 4.82342720e+03  7.17575555e-18
 4.82451630e+03  7.03984980e-18
 4.82560539e+03  7.06452406e-18
 4.82669447e+03  7.07779005e-18
 4.82778354e+03  6.93835037e-18
 4.82887260e+03  7.07409211e-18
 4.82996166e+03  6.98598865e-18
 4.83105071e+03  7.22127936e-18
 4.83213974e+03  7.11056152e-18
 4.83322877e+03  7.19251023e-18
 4.83431780e+03  7.11795980e-18
 4.83540681e+03  7.00386450e-18
 4.83649581e+03  7.06334236e-18
 4.83758481e+03  7.00782620e-18
 4.83867379e+03  7.25217772e-18
 4.83976277e+03  7.20019234e-18
 4.84085174e+03  6.99538791e-18
 4.84194070e+03  7.22436223e-18
 4.84302965e+03  7.07915924e-18
 4.84411859e+03  6.92445550e-18
 4.84520753e+03  7.02678095e-18
 4.84629645e+03  7.12744362e-18
 4.84738537e+03  6.93677406e-18
 4.84847427e+03  6.89304056e-18
 4.84956317e+03  7.02743568e-18
 4.85065205e+03  6.94642584e-18
 4.85174093e+03  6.95618895e-18
 4.85282980e+03  7.15886553e-18
 4.85391866e+03  6.89826405e-18
 4.85500751e+03  6.74571434e-18
 4.85609635e+03  6.73724318e-18
 4.85718518e+03  6.70519357e-18
 4.85827400e+03  6.35754660e-18
 4.85936281e+03  6.73308462e-18
 4.86045161e+03  6.77044018e-18
 4.86154040e+03  6.75355203e-18
 4.86262919e+03  6.66517853e-18
 4.86371796e+03  6.86362406e-18
 4.86480672e+03  6.85216091e-18
 4.86589547e+03  6.69646182e-18
 4.86698421e+03  6.68733974e-18
 4.86807295e+03  6.79148644e-18
 4.86916167e+03  6.93989215e-18
 4.87025038e+03  6.75470075e-18
 4.87133908e+03  6.68578422e-18
 4.87242777e+03  6.95593398e-18
 4.87351645e+03  6.73226962e-18
 4.87460512e+03  6.90589664e-18
 4.87569378e+03  6.77846251e-18
 4.87678243e+03  7.02002270e-18
 4.87787107e+03  6.93579269e-18
 4.87895970e+03  7.13276807e-18
 4.88004832e+03  6.97640288e-18
 4.88113693e+03  6.95746453e-18
 4.88222552e+03  7.01885592e-18
 4.88331411e+03  7.00346984e-18
 4.88440268e+03  6.95138473e-18
 4.88549125e+03  6.89090538e-18
 4.88657980e+03  6.96155208e-18
 4.88766834e+03  6.80256424e-18
 4.88875688e+03  6.75849102e-18
 4.88984540e+03  6.78832827e-18
 4.89093390e+03  6.77317914e-18
 4.89202240e+03  6.97220301e-18
 4.89311089e+03  6.79970699e-18
 4.89419937e+03  6.90754363e-18
 4.89528783e+03  6.73609718e-18
 4.89637628e+03  6.89517535e-18
 4.89746473e+03  6.76050174e-18
 4.89855316e+03  6.86676615e-18
 4.89964158e+03  6.64477404e-18
 4.90072998e+03  6.70432843e-18
 4.90181838e+03  6.82276734e-18
 4.90290676e+03  6.72634792e-18
 4.90399514e+03  6.63451876e-18
 4.90508350e+03  6.72103774e-18
 4.90617185e+03  6.69256339e-18
 4.90726018e+03  6.72700026e-18
 4.90834851e+03  6.71021846e-18
 4.90943682e+03  6.76564924e-18
 4.91052512e+03  6.88950076e-18
 4.91161341e+03  6.67962470e-18
 4.91270169e+03  6.68373622e-18
 4.91378996e+03  6.76264572e-18
 4.91487821e+03  6.75163827e-18
 4.91596645e+03  6.78192489e-18
 4.91705468e+03  6.78630487e-18
 4.91814290e+03  6.50366093e-18
 4.91923110e+03  6.57485198e-18
 4.92031929e+03  6.68943248e-18
 4.92140747e+03  6.67454798e-18
 4.92249564e+03  6.56714777e-18
 4.92358379e+03  6.67933835e-18
 4.92467193e+03  6.73660219e-18
 4.92576006e+03  6.87957857e-18
 4.92684818e+03  6.81976391e-18
 4.92793628e+03  6.77232234e-18
 4.92902437e+03  6.65024744e-18
 4.93011245e+03  6.49018618e-18
 4.93120052e+03  6.61246349e-18
 4.93228857e+03  6.71001529e-18
 4.93337661e+03  6.56086562e-18
 4.93446464e+03  6.84424106e-18
 4.93555265e+03  6.63851647e-18
 4.93664065e+03  6.67281112e-18
 4.93772864e+03  6.63319679e-18
 4.93881661e+03  6.80794760e-18
 4.93990457e+03  6.53537844e-18
 4.94099252e+03  6.73922196e-18
 4.94208045e+03  6.75111621e-18
 4.94316837e+03  6.59846110e-18
 4.94425628e+03  6.76011367e-18
 4.94534417e+03  6.69983730e-18
 4.94643205e+03  6.67774567e-18
 4.94751992e+03  6.65185197e-18
 4.94860777e+03  6.69886957e-18
 4.94969561e+03  6.66515204e-18
 4.95078343e+03  6.66121090e-18
 4.95187124e+03  6.73817971e-18
 4.95295904e+03  6.80640846e-18
 4.95404683e+03  6.88804706e-18
 4.95513459e+03  6.80411605e-18
 4.95622235e+03  6.60507926e-18
 4.95731009e+03  6.82153329e-18
 4.95839782e+03  6.63435170e-18
 4.95948553e+03  6.66772213e-18
 4.96057323e+03  6.60622328e-18
 4.96166092e+03  6.85116333e-18
 4.96274859e+03  6.71364313e-18
 4.96383624e+03  6.94598713e-18
 4.96492388e+03  6.69500459e-18
 4.96601151e+03  7.02540612e-18
 4.96709912e+03  6.90907025e-18
 4.96818672e+03  6.87272085e-18
 4.96927431e+03  6.91746296e-18
 4.97036187e+03  7.14501404e-18
 4.97144943e+03  7.11668579e-18
 4.97253697e+03  7.29601557e-18
 4.97362449e+03  7.31181674e-18
 4.97471200e+03  7.42714108e-18
 4.97579950e+03  7.35405369e-18
 4.97688698e+03  7.25831829e-18
 4.97797444e+03  7.69010814e-18
 4.97906189e+03  7.86418436e-18
 4.98014933e+03  7.87722659e-18
 4.98123675e+03  7.93887899e-18
 4.98232415e+03  8.12358187e-18
 4.98341154e+03  8.03919349e-18
 4.98449892e+03  7.85395899e-18
 4.98558628e+03  7.83510480e-18
 4.98667362e+03  7.66803092e-18
 4.98776095e+03  7.75013780e-18
 4.98884826e+03  7.65974859e-18
 4.98993556e+03  7.46808175e-18
 4.99102284e+03  7.47326931e-18
 4.99211010e+03  7.50460820e-18
 4.99319735e+03  7.42834149e-18
 4.99428459e+03  7.13662802e-18
 4.99537181e+03  7.34103595e-18
 4.99645901e+03  6.99043119e-18
 4.99754620e+03  6.95813378e-18
 4.99863337e+03  6.83640733e-18
 4.99972052e+03  6.83802418e-18
 5.00080766e+03  6.87743783e-18
 5.00189479e+03  7.00502918e-18
 5.00298189e+03  6.88108885e-18
 5.00406898e+03  6.84953701e-18
 5.00515606e+03  6.74456643e-18
 5.00624312e+03  6.47505091e-18
 5.00733016e+03  6.66586283e-18
 5.00841719e+03  6.71414892e-18
 5.00950419e+03  6.66107368e-18
 5.01059119e+03  6.56794312e-18
 5.01167816e+03  6.53163800e-18
 5.01276512e+03  6.43011524e-18
 5.01385207e+03  6.55927920e-18
 5.01493899e+03  6.57170718e-18
 5.01602590e+03  6.59542939e-18
 5.01711280e+03  6.74286486e-18
 5.01819967e+03  6.73549887e-18
 5.01928653e+03  6.61386189e-18
 5.02037337e+03  6.64140642e-18
 5.02146020e+03  6.57446911e-18
 5.02254701e+03  6.52605202e-18
 5.02363380e+03  6.63523561e-18
 5.02472058e+03  6.58338051e-18
 5.02580733e+03  6.40954983e-18
 5.02689407e+03  6.37437329e-18
 5.02798080e+03  6.54994342e-18
 5.02906750e+03  6.76072112e-18
 5.03015419e+03  6.68260068e-18
 5.03124086e+03  6.81293000e-18
 5.03232751e+03  6.76761451e-18
 5.03341415e+03  6.63552914e-18
 5.03450077e+03  6.50715242e-18
 5.03558737e+03  6.38540965e-18
 5.03667395e+03  6.38755985e-18
 5.03776052e+03  6.55485950e-18
 5.03884707e+03  6.48969706e-18
 5.03993360e+03  6.37843920e-18
 5.04102011e+03  6.26727116e-18
 5.04210660e+03  6.33591563e-18
 5.04319308e+03  6.48215761e-18
 5.04427954e+03  6.46883272e-18
 5.04536598e+03  6.64337508e-18
 5.04645240e+03  6.44068678e-18
 5.04753881e+03  6.62827127e-18
 5.04862519e+03  6.44807244e-18
 5.04971156e+03  6.45200028e-18
 5.05079791e+03  6.59156726e-18
 5.05188424e+03  6.44860726e-18
 5.05297055e+03  6.59771470e-18
 5.05405685e+03  6.49095504e-18
 5.05514312e+03  6.43036686e-18
 5.05622938e+03  6.36657744e-18
 5.05731562e+03  6.49237992e-18
 5.05840184e+03  6.54462514e-18
 5.05948804e+03  6.54398518e-18
 5.06057423e+03  6.51490320e-18
 5.06166039e+03  6.59323459e-18
 5.06274654e+03  6.71261669e-18
 5.06383266e+03  6.74032237e-18
 5.06491877e+03  6.61332880e-18
 5.06600486e+03  6.74217035e-18
 5.06709093e+03  6.64177740e-18
 5.06817698e+03  6.82582432e-18
 5.06926301e+03  6.72667210e-18
 5.07034902e+03  6.92868723e-18
 5.07143502e+03  6.91652708e-18
 5.07252099e+03  6.66453649e-18
 5.07360695e+03  6.66858014e-18
 5.07469288e+03  6.57523282e-18
 5.07577880e+03  6.65297377e-18
 5.07686469e+03  6.55144343e-18
 5.07795057e+03  6.54168769e-18
 5.07903643e+03  6.65532065e-18
 5.08012226e+03  7.20297667e-18
 5.08120808e+03  7.27403753e-18
 5.08229388e+03  7.54375564e-18
 5.08337966e+03  7.69086889e-18
 5.08446542e+03  7.69399734e-18
 5.08555116e+03  7.68246082e-18
 5.08663688e+03  7.82296298e-18
 5.08772258e+03  7.48128675e-18
 5.08880826e+03  7.20938835e-18
 5.08989391e+03  6.91075022e-18
 5.09097955e+03  6.85289776e-18
 5.09206517e+03  6.74340393e-18
 5.09315077e+03  6.62381621e-18
 5.09423635e+03  6.84910253e-18
 5.09532191e+03  6.66705499e-18
 5.09640745e+03  6.70882578e-18
 5.09749296e+03  6.82628425e-18
 5.09857846e+03  6.90412566e-18
 5.09966394e+03  7.00372062e-18
 5.10074939e+03  6.98594983e-18
 5.10183483e+03  6.83753688e-18
 5.10292024e+03  6.66936961e-18
 5.10400564e+03  6.71489669e-18
 5.10509101e+03  6.75324104e-18
 5.10617636e+03  6.65327634e-18
 5.10726169e+03  6.54877358e-18
 5.10834700e+03  6.48672209e-18
 5.10943229e+03  6.43168463e-18
 5.11051756e+03  6.57836770e-18
 5.11160281e+03  6.63541201e-18
 5.11268804e+03  6.51523089e-18
 5.11377324e+03  6.56631491e-18
 5.11485843e+03  6.69385584e-18
 5.11594359e+03  6.72351856e-18
 5.11702873e+03  6.71177660e-18
 5.11811385e+03  6.55936421e-18
 5.11919895e+03  6.44283159e-18
 5.12028403e+03  6.44430073e-18
 5.12136909e+03  6.48134001e-18
 5.12245412e+03  6.46109858e-18
 5.12353914e+03  6.51572966e-18
 5.12462413e+03  6.36650060e-18
 5.12570910e+03  6.49372565e-18
 5.12679405e+03  6.54044257e-18
 5.12787897e+03  6.48453215e-18
 5.12896388e+03  6.52835294e-18
 5.13004876e+03  6.68227180e-18
 5.13113362e+03  6.69457661e-18
 5.13221846e+03  6.49321945e-18
 5.13330328e+03  6.62041615e-18
 5.13438807e+03  6.55702881e-18
 5.13547284e+03  6.56540478e-18
 5.13655759e+03  6.66110204e-18
 5.13764232e+03  6.56891823e-18
 5.13872703e+03  6.62844188e-18
 5.13981171e+03  6.63696878e-18
 5.14089637e+03  6.55263698e-18
 5.14198101e+03  6.71828983e-18
 5.14306563e+03  6.60493690e-18
 5.14415022e+03  6.52617693e-18
 5.14523479e+03  6.79997520e-18
 5.14631934e+03  6.65890327e-18
 5.14740387e+03  6.85034843e-18
 5.14848837e+03  6.74701943e-18
 5.14957285e+03  6.71934551e-18
 5.15065731e+03  6.94417747e-18
 5.15174174e+03  6.86979659e-18
 5.15282616e+03  7.08065291e-18
 5.15391055e+03  7.12870787e-18
 5.15499491e+03  7.14419757e-18
 5.15607925e+03  6.88555248e-18
 5.15716357e+03  6.92463469e-18
 5.15824787e+03  6.75657181e-18
 5.15933214e+03  6.67511967e-18
 5.16041639e+03  6.71840557e-18
 5.16150062e+03  6.68531923e-18
 5.16258482e+03  6.51035052e-18
 5.16366900e+03  6.62191390e-18
 5.16475316e+03  6.48103180e-18
 5.16583729e+03  6.48320044e-18
 5.16692140e+03  6.47522627e-18
 5.16800549e+03  6.27021678e-18
 5.16908955e+03  6.21151139e-18
 5.17017359e+03  6.29104106e-18
 5.17125761e+03  6.25247765e-18
 5.17234160e+03  6.25072932e-18
 5.17342556e+03  6.20554163e-18
 5.17450951e+03  6.31317076e-18
 5.17559343e+03  6.51958083e-18
 5.17667732e+03  6.28207361e-18
 5.17776119e+03  6.37056016e-18
 5.17884504e+03  6.34545490e-18
 5.17992886e+03  6.38130512e-18
 5.18101266e+03  6.40971121e-18
 5.18209644e+03  6.27780955e-18
 5.18318019e+03  6.10840158e-18
 5.18426391e+03  6.24357625e-18
 5.18534761e+03  6.30178865e-18
 5.18643129e+03  6.47635661e-18
 5.18751494e+03  6.51054857e-18
 5.18859857e+03  6.50301470e-18
 5.18968217e+03  6.52972375e-18
 5.19076575e+03  6.40152278e-18
 5.19184931e+03  6.36197758e-18
 5.19293284e+03  6.37273654e-18
 5.19401634e+03  6.41342164e-18
 5.19509982e+03  6.38342147e-18
 5.19618327e+03  6.29970545e-18
 5.19726670e+03  6.45494035e-18
 5.19835011e+03  6.50561729e-18
 5.19943349e+03  6.46908427e-18
 5.20051684e+03  6.40520262e-18
 5.20160017e+03  6.56761571e-18
 5.20268348e+03  6.55105352e-18
 5.20376676e+03  6.51297730e-18
 5.20485001e+03  6.43895625e-18
 5.20593324e+03  6.33876190e-18
 5.20701644e+03  6.36333181e-18
 5.20809962e+03  6.47252877e-18
 5.20918277e+03  6.44775879e-18
 5.21026590e+03  6.54311269e-18
 5.21134900e+03  6.43353956e-18
 5.21243207e+03  6.35148148e-18
 5.21351512e+03  6.45141632e-18
 5.21459814e+03  6.37453918e-18
 5.21568114e+03  6.18012265e-18
 5.21676411e+03  6.30593716e-18
 5.21784706e+03  6.37271564e-18
 5.21892998e+03  6.35633437e-18
 5.22001288e+03  6.51375699e-18
 5.22109574e+03  6.39749052e-18
 5.22217859e+03  6.51441297e-18
 5.22326140e+03  6.41274444e-18
 5.22434419e+03  6.58155858e-18
 5.22542695e+03  6.15732693e-18
 5.22650969e+03  6.31038629e-18
 5.22759240e+03  6.30426186e-18
 5.22867509e+03  6.18647754e-18
 5.22975774e+03  6.36888165e-18
 5.23084038e+03  6.23982481e-18
 5.23192298e+03  6.27656531e-18
 5.23300556e+03  6.20055891e-18
 5.23408811e+03  6.28232454e-18
 5.23517064e+03  6.17300224e-18
 5.23625313e+03  6.26838219e-18
 5.23733561e+03  6.32644688e-18
 5.23841805e+03  6.44139332e-18
 5.23950047e+03  6.39329267e-18
 5.24058286e+03  6.26825110e-18
 5.24166522e+03  6.27327530e-18
 5.24274756e+03  6.05791574e-18
 5.24382987e+03  6.14026235e-18
 5.24491215e+03  6.19406910e-18
 5.24599441e+03  6.12721298e-18
 5.24707663e+03  6.13556996e-18
 5.24815883e+03  6.28011670e-18
 5.24924101e+03  6.22861076e-18
 5.25032315e+03  6.20523249e-18
 5.25140527e+03  6.07483915e-18
 5.25248736e+03  6.15339580e-18
 5.25356943e+03  6.29330411e-18
 5.25465146e+03  6.47417092e-18
 5.25573347e+03  6.47789403e-18
 5.25681545e+03  6.33628005e-18
 5.25789740e+03  6.47423224e-18
 5.25897933e+03  6.35670458e-18
 5.26006123e+03  6.29852208e-18
 5.26114310e+03  6.16200297e-18
 5.26222494e+03  6.07844840e-18
 5.26330675e+03  6.04278760e-18
 5.26438853e+03  6.11020619e-18
 5.26547029e+03  6.17354338e-18
 5.26655202e+03  6.01634827e-18
 5.26763372e+03  6.00631711e-18
 5.26871539e+03  5.96662995e-18
 5.26979704e+03  5.96878589e-18
 5.27087865e+03  6.16097961e-18
 5.27196024e+03  6.06261027e-18
 5.27304180e+03  6.09516829e-18
 5.27412333e+03  6.23474192e-18
 5.27520483e+03  6.36259174e-18
 5.27628631e+03  6.23043138e-18
 5.27736775e+03  6.14512132e-18
 5.27844917e+03  6.13931105e-18
 5.27953055e+03  6.07354885e-18
 5.28061191e+03  6.09175330e-18
 5.28169324e+03  6.05271314e-18
 5.28277454e+03  6.04116299e-18
 5.28385582e+03  6.11020398e-18
 5.28493706e+03  6.19921535e-18
 5.28601827e+03  6.11491257e-18
 5.28709946e+03  6.10531580e-18
 5.28818061e+03  6.03429060e-18
 5.28926174e+03  6.16216084e-18
 5.29034284e+03  6.02801737e-18
 5.29142390e+03  6.17221542e-18
 5.29250494e+03  6.00001602e-18
 5.29358595e+03  6.28115452e-18
 5.29466693e+03  6.12465896e-18
 5.29574788e+03  5.98564313e-18
 5.29682880e+03  5.98728305e-18
 5.29790969e+03  6.18373838e-18
 5.29899055e+03  6.16807398e-18
 5.30007138e+03  6.00133034e-18
 5.30115219e+03  6.18588692e-18
 5.30223296e+03  6.11415640e-18
 5.30331370e+03  6.10354952e-18
 5.30439441e+03  6.08461081e-18
 5.30547509e+03  6.12790650e-18
 5.30655575e+03  6.08241150e-18
 5.30763637e+03  6.09356045e-18
 5.30871696e+03  5.98880170e-18
 5.30979752e+03  5.95020178e-18
 5.31087806e+03  6.00395123e-18
 5.31195856e+03  6.22624118e-18
 5.31303903e+03  5.99759859e-18
 5.31411947e+03  6.00910344e-18
 5.31519988e+03  6.05067775e-18
 5.31628026e+03  6.07161530e-18
 5.31736061e+03  6.07610866e-18
 5.31844093e+03  5.93015578e-18
 5.31952122e+03  5.89342801e-18
 5.32060147e+03  6.09747324e-18
 5.32168170e+03  5.97693688e-18
 5.32276190e+03  5.98432855e-18
 5.32384206e+03  5.85396947e-18
 5.32492220e+03  5.80754021e-18
 5.32600230e+03  5.80105730e-18
 5.32708237e+03  5.78078356e-18
 5.32816241e+03  5.90846044e-18
 5.32924243e+03  6.05122955e-18
 5.33032241e+03  5.79671197e-18
 5.33140235e+03  6.00600855e-18
 5.33248227e+03  5.95292428e-18
 5.33356216e+03  5.79413856e-18
 5.33464201e+03  5.79257375e-18
 5.33572183e+03  5.83751665e-18
 5.33680163e+03  5.86364744e-18
 5.33788139e+03  5.85763352e-18
 5.33896112e+03  5.73055696e-18
 5.34004081e+03  5.77802725e-18
 5.34112048e+03  5.99068472e-18
 5.34220011e+03  5.82604995e-18
 5.34327971e+03  5.81681285e-18
 5.34435929e+03  5.77468943e-18
 5.34543882e+03  5.75838999e-18
 5.34651833e+03  5.89865570e-18
 5.34759781e+03  5.91127858e-18
 5.34867725e+03  5.83554873e-18
 5.34975666e+03  6.02819230e-18
 5.35083604e+03  6.00727961e-18
 5.35191539e+03  5.76999794e-18
 5.35299470e+03  5.86340008e-18
 5.35407398e+03  5.78089791e-18
 5.35515323e+03  5.84046298e-18
 5.35623245e+03  6.05066810e-18
 5.35731164e+03  5.94797786e-18
 5.35839079e+03  5.81878972e-18
 5.35946991e+03  5.67870344e-18
 5.36054900e+03  5.62388986e-18
 5.36162805e+03  5.68795972e-18
 5.36270708e+03  5.58863834e-18
 5.36378607e+03  5.47404963e-18
 5.36486502e+03  5.58070321e-18
 5.36594395e+03  5.57753527e-18
 5.36702284e+03  5.64269586e-18
 5.36810170e+03  5.57299333e-18
 5.36918052e+03  5.61476368e-18
 5.37025932e+03  5.43457257e-18
 5.37133808e+03  5.44986798e-18
 5.37241680e+03  5.49719427e-18
 5.37349550e+03  5.63053821e-18
 5.37457416e+03  5.58879612e-18
 5.37565279e+03  5.61527750e-18
 5.37673138e+03  5.58947266e-18
 5.37780994e+03  5.46672884e-18
 5.37888847e+03  5.39827495e-18
 5.37996696e+03  5.43743286e-18
 5.38104542e+03  5.42766162e-18
 5.38212385e+03  5.43423220e-18
 5.38320224e+03  5.62625880e-18
 5.38428060e+03  5.48756045e-18
 5.38535893e+03  5.48020651e-18
 5.38643722e+03  5.56534865e-18
 5.38751548e+03  5.48315317e-18
 5.38859371e+03  5.35377386e-18
 5.38967190e+03  5.40592681e-18
 5.39075005e+03  5.51259269e-18
 5.39182818e+03  5.43416422e-18
 5.39290627e+03  5.56090771e-18
 5.39398432e+03  5.38291701e-18
 5.39506234e+03  5.48758552e-18
 5.39614033e+03  5.47106056e-18
 5.39721828e+03  5.36393702e-18
 5.39829620e+03  5.33145319e-18
 5.39937408e+03  5.26559069e-18
 5.40045193e+03  5.38788246e-18
 5.40152975e+03  5.38330905e-18
 5.40260753e+03  5.37796532e-18
 5.40368527e+03  5.47850934e-18
 5.40476298e+03  5.37957961e-18
 5.40584066e+03  5.28761239e-18
 5.40691830e+03  5.49380225e-18
 5.40799591e+03  5.48134403e-18
 5.40907348e+03  5.46480362e-18
 5.41015102e+03  5.42571789e-18
 5.41122852e+03  5.60134853e-18
 5.41230599e+03  5.61299879e-18
 5.41338342e+03  5.57701583e-18
 5.41446082e+03  5.49140589e-18
 5.41553818e+03  5.71136614e-18
 5.41661551e+03  5.66137362e-18
 5.41769280e+03  5.72326396e-18
 5.41877006e+03  5.74509278e-18
 5.41984728e+03  5.63791922e-18
 5.42092447e+03  5.66665903e-18
 5.42200162e+03  5.65948533e-18
 5.42307874e+03  5.57541972e-18
 5.42415582e+03  5.40134331e-18
 5.42523286e+03  5.63430051e-18
 5.42630987e+03  5.65863733e-18
 5.42738684e+03  5.57208081e-18
 5.42846378e+03  5.43446329e-18
 5.42954068e+03  5.36981496e-18
 5.43061755e+03  5.39338890e-18
 5.43169438e+03  5.46556201e-18
 5.43277117e+03  5.48646519e-18
 5.43384793e+03  5.41891860e-18
 5.43492465e+03  5.46383509e-18
 5.43600134e+03  5.55540262e-18
 5.43707799e+03  5.30862198e-18
 5.43815460e+03  5.50325482e-18
 5.43923118e+03  5.43711430e-18
 5.44030772e+03  5.51298469e-18
 5.44138423e+03  5.55628346e-18
 5.44246070e+03  5.40516988e-18
 5.44353713e+03  5.42689064e-18
 5.44461352e+03  5.38028939e-18
 5.44568988e+03  5.36494842e-18
 5.44676621e+03  5.44173617e-18
 5.44784249e+03  5.52491974e-18
 5.44891874e+03  5.35662777e-18
 5.44999495e+03  5.42799292e-18
 5.45107113e+03  5.36674959e-18
 5.45214727e+03  5.44482496e-18
 5.45322337e+03  5.39507978e-18
 5.45429944e+03  5.42861451e-18
 5.45537547e+03  5.40059134e-18
 5.45645146e+03  5.54535508e-18
 5.45752741e+03  6.29193514e-18
 5.45860333e+03  8.36015228e-18
 5.45967921e+03  9.82053406e-18
 5.46075505e+03  1.04574189e-17
 5.46183086e+03  9.29856390e-18
 5.46290662e+03  7.76140108e-18
 5.46398236e+03  6.47598862e-18
 5.46505805e+03  5.82277343e-18
 5.46613370e+03  5.56832240e-18
 5.46720932e+03  5.27423381e-18
 5.46828490e+03  5.39542755e-18
 5.46936045e+03  5.42593118e-18
 5.47043595e+03  5.23629934e-18
 5.47151142e+03  5.18469085e-18
 5.47258685e+03  5.24148519e-18
 5.47366224e+03  5.25724484e-18
 5.47473760e+03  5.14399873e-18
 5.47581291e+03  5.14523961e-18
 5.47688819e+03  5.22387026e-18
 5.47796343e+03  5.02226354e-18
 5.47903863e+03  5.23664246e-18
 5.48011380e+03  5.22379664e-18
 5.48118892e+03  5.20712111e-18
 5.48226401e+03  5.29135068e-18
 5.48333906e+03  5.23564090e-18
 5.48441407e+03  5.27728909e-18
 5.48548904e+03  5.15551320e-18
 5.48656398e+03  5.10066309e-18
 5.48763887e+03  5.04480942e-18
 5.48871373e+03  5.01172088e-18
 5.48978855e+03  4.84724932e-18
 5.49086333e+03  4.98591094e-18
 5.49193807e+03  4.99702565e-18
 5.49301277e+03  4.91569759e-18
 5.49408744e+03  4.92975074e-18
 5.49516206e+03  4.95354616e-18
 5.49623665e+03  4.87844873e-18
 5.49731119e+03  4.86154997e-18
 5.49838570e+03  4.98807960e-18
 5.49946017e+03  4.94854248e-18
 5.50053460e+03  4.85554784e-18
