3.100787109375000000e+03 3.740378022193908691e-01
3.102933794498443604e+03 3.742656707763671875e-01
3.105080479621887207e+03 3.744919002056121826e-01
3.107227164745330811e+03 3.747165203094482422e-01
3.109373849868774414e+03 3.749395906925201416e-01
3.111520534992218018e+03 3.751610517501831055e-01
3.113667220115661621e+03 3.753809928894042969e-01
3.115813905239105225e+03 3.755992949008941650e-01
3.117960590362548828e+03 3.758160173892974854e-01
3.120107275485992432e+03 3.760312199592590332e-01
3.122253960609436035e+03 3.762448728084564209e-01
3.124400645732879639e+03 3.764569759368896484e-01
3.126547330856323242e+03 3.766674995422363281e-01
3.128694015979766846e+03 3.768765926361083984e-01
3.130840701103210449e+03 3.770841062068939209e-01
3.132987386226654053e+03 3.772901594638824463e-01
3.135134071350097656e+03 3.774946033954620361e-01
3.137280756473541260e+03 3.776976168155670166e-01
3.139427441596984863e+03 3.778991103172302246e-01
3.141574126720428467e+03 3.780991733074188232e-01
3.143720811843872070e+03 3.782976865768432617e-01
3.145867496967315674e+03 3.784947395324707031e-01
3.148014182090759277e+03 3.786903321743011475e-01
3.150160867214202881e+03 3.788845241069793701e-01
3.152307552337646484e+03 3.790772557258605957e-01
3.154454237461090088e+03 3.792684376239776611e-01
3.156600922584533691e+03 3.794583082199096680e-01
3.158747607707977295e+03 3.796466886997222900e-01
3.160894292831420898e+03 3.798336386680603027e-01
3.163040977954864502e+03 3.800192177295684814e-01
3.165187663078308105e+03 3.802033662796020508e-01
3.167334348201751709e+03 3.803861141204833984e-01
3.169481033325195312e+03 3.805674612522125244e-01
3.171627718448638916e+03 3.807473778724670410e-01
3.173774403572082520e+03 3.809259831905364990e-01
3.175921088695526123e+03 3.811031877994537354e-01
3.178067773818969727e+03 3.812790215015411377e-01
3.180214458942413330e+03 3.814535140991210938e-01
3.182361144065856934e+03 3.816265761852264404e-01
3.184507829189300537e+03 3.817984163761138916e-01
3.186654514312744141e+03 3.819688856601715088e-01
3.188801199436187744e+03 3.821379840373992920e-01
3.190947884559631348e+03 3.823057711124420166e-01
3.193094569683074951e+03 3.824722468852996826e-01
3.195241254806518555e+03 3.826374411582946777e-01
3.197387939929962158e+03 3.828013241291046143e-01
3.199534625053405762e+03 3.829638659954071045e-01
3.201681310176849365e+03 3.831251561641693115e-01
3.203827995300292969e+03 3.832851350307464600e-01
3.205974680423736572e+03 3.834438323974609375e-01
3.208121365547180176e+03 3.836013078689575195e-01
3.210268050670623779e+03 3.837575018405914307e-01
3.212414735794067383e+03 3.839124143123626709e-01
3.214561420917510986e+03 3.840661644935607910e-01
3.216708106040954590e+03 3.842186331748962402e-01
3.218854791164398193e+03 3.843698501586914062e-01
3.221001476287841797e+03 3.845198452472686768e-01
3.223148161411285400e+03 3.846686482429504395e-01
3.225294846534729004e+03 3.848161995410919189e-01
3.227441531658172607e+03 3.849625289440155029e-01
3.229588216781616211e+03 3.851077556610107422e-01
3.231734901905059814e+03 3.852517306804656982e-01
3.233881587028503418e+03 3.853945136070251465e-01
3.236028272151947021e+03 3.855361044406890869e-01
3.238174957275390625e+03 3.856765925884246826e-01
3.240321642398834229e+03 3.858158886432647705e-01
3.242468327522277832e+03 3.859540224075317383e-01
3.244615012645721436e+03 3.860909938812255859e-01
3.246761697769165039e+03 3.862268328666687012e-01
3.248908382892608188e+03 3.863615393638610840e-01
3.251055068016051791e+03 3.864951729774475098e-01
3.253201753139495395e+03 3.866276443004608154e-01
3.255348438262938998e+03 3.867589831352233887e-01
3.257495123386382602e+03 3.868892490863800049e-01
3.259641808509826205e+03 3.870184123516082764e-01
3.261788493633269809e+03 3.871464431285858154e-01
3.263935178756713412e+03 3.872734010219573975e-01
3.266081863880157016e+03 3.873993158340454102e-01
3.268228549003600619e+03 3.875241875648498535e-01
3.270375234127044223e+03 3.876479268074035645e-01
3.272521919250487827e+03 3.877706527709960938e-01
3.274668604373931430e+03 3.878923356533050537e-01
3.276815289497375034e+03 3.880128860473632812e-01
3.278961974620818637e+03 3.881325125694274902e-01
3.281108659744262241e+03 3.882510662078857422e-01
3.283255344867705844e+03 3.883686363697052002e-01
3.285402029991149448e+03 3.884851634502410889e-01
3.287548715114593051e+03 3.886006772518157959e-01
3.289695400238036655e+03 3.887151777744293213e-01
3.291842085361480258e+03 3.888287246227264404e-01
3.293988770484923862e+03 3.889412581920623779e-01
3.296135455608367465e+03 3.890528082847595215e-01
3.298282140731811069e+03 3.891634047031402588e-01
3.300428825855254672e+03 3.892729878425598145e-01
3.302575510978698276e+03 3.893817067146301270e-01
3.304722196102141879e+03 3.894894421100616455e-01
3.306868881225585483e+03 3.895961940288543701e-01
3.309015566349029086e+03 3.897020220756530762e-01
3.311162251472472690e+03 3.898069262504577637e-01
3.313308936595916293e+03 3.899109065532684326e-01
3.315455621719359897e+03 3.900140225887298584e-01
3.317602306842803500e+03 3.901161849498748779e-01
3.319748991966247104e+03 3.902174234390258789e-01
3.321895677089690707e+03 3.903178572654724121e-01
3.324042362213134311e+03 3.904172778129577637e-01
3.326189047336577914e+03 3.905158936977386475e-01
3.328335732460021518e+03 3.906136155128479004e-01
3.330482417583465121e+03 3.907104730606079102e-01
3.332629102706908725e+03 3.908064961433410645e-01
3.334775787830352328e+03 3.909017145633697510e-01
3.336922472953795932e+03 3.909959793090820312e-01
3.339069158077239535e+03 3.910894393920898438e-01
3.341215843200683139e+03 3.911820650100708008e-01
3.343362528324126743e+03 3.912739157676696777e-01
3.345509213447570346e+03 3.913649022579193115e-01
3.347655898571013950e+03 3.914551138877868652e-01
3.349802583694457553e+03 3.915444612503051758e-01
3.351949268817901157e+03 3.916330933570861816e-01
3.354095953941344760e+03 3.917209208011627197e-01
3.356242639064788364e+03 3.918079435825347900e-01
3.358389324188231967e+03 3.918941915035247803e-01
3.360536009311675571e+03 3.919796347618103027e-01
3.362682694435119174e+03 3.920643627643585205e-01
3.364829379558562778e+03 3.921484053134918213e-01
3.366976064682006381e+03 3.922315537929534912e-01
3.369122749805449985e+03 3.923140764236450195e-01
3.371269434928893588e+03 3.923958539962768555e-01
3.373416120052337192e+03 3.924768269062042236e-01
3.375562805175780795e+03 3.925571739673614502e-01
3.377709490299224399e+03 3.926367461681365967e-01
3.379856175422668002e+03 3.927156627178192139e-01
3.382002860546111606e+03 3.927938640117645264e-01
3.384149545669555209e+03 3.928713798522949219e-01
3.386296230792998813e+03 3.929482102394104004e-01
3.388442915916442416e+03 3.930243551731109619e-01
3.390589601039886020e+03 3.930999040603637695e-01
3.392736286163329623e+03 3.931747078895568848e-01
3.394882971286773227e+03 3.932488858699798584e-01
3.397029656410216830e+03 3.933224081993103027e-01
3.399176341533660434e+03 3.933952748775482178e-01
3.401323026657104037e+03 3.934675157070159912e-01
3.403469711780547641e+03 3.935391604900360107e-01
3.405616396903991244e+03 3.936101794242858887e-01
3.407763082027434848e+03 3.936805725097656250e-01
3.409909767150878452e+03 3.937503695487976074e-01
3.412056452274322055e+03 3.938194811344146729e-01
3.414203137397765659e+03 3.938881158828735352e-01
3.416349822521209262e+03 3.939561247825622559e-01
3.418496507644652866e+03 3.940236270427703857e-01
3.420643192768096469e+03 3.940904438495635986e-01
3.422789877891540073e+03 3.941567838191986084e-01
3.424936563014983676e+03 3.942225277423858643e-01
3.427083248138427280e+03 3.942877054214477539e-01
3.429229933261870883e+03 3.943523764610290527e-01
3.431376618385314487e+03 3.944165408611297607e-01
3.433523303508758090e+03 3.944801390171051025e-01
3.435669988632201694e+03 3.945431709289550781e-01
3.437816673755645297e+03 3.946056962013244629e-01
3.439963358879088901e+03 3.946678042411804199e-01
3.442110044002532504e+03 3.947293758392333984e-01
3.444256729125976108e+03 3.947904407978057861e-01
3.446403414249419711e+03 3.948510289192199707e-01
3.448550099372863315e+03 3.949111104011535645e-01
3.450696784496306918e+03 3.949707746505737305e-01
3.452843469619750522e+03 3.950299322605133057e-01
3.454990154743194125e+03 3.950886428356170654e-01
3.457136839866637729e+03 3.951469063758850098e-01
3.459283524990081332e+03 3.952047228813171387e-01
3.461430210113524936e+03 3.952620923519134521e-01
3.463576895236968539e+03 3.953190445899963379e-01
3.465723580360412143e+03 3.953756392002105713e-01
3.467870265483855746e+03 3.954317271709442139e-01
3.470016950607299350e+03 3.954874277114868164e-01
3.472163635730742953e+03 3.955427408218383789e-01
3.474310320854186557e+03 3.955976665019989014e-01
3.476457005977630160e+03 3.956522047519683838e-01
3.478603691101073764e+03 3.957063555717468262e-01
3.480750376224517368e+03 3.957601487636566162e-01
3.482897061347960971e+03 3.958135247230529785e-01
3.485043746471404575e+03 3.958666026592254639e-01
3.487190431594848178e+03 3.959193229675292969e-01
3.489337116718291782e+03 3.959716856479644775e-01
3.491483801841735385e+03 3.960236907005310059e-01
3.493630486965178989e+03 3.960753977298736572e-01
3.495777172088622137e+03 3.961267471313476562e-01
3.497923857212065741e+03 3.961777687072753906e-01
3.500070542335509344e+03 3.962285518646240234e-01
3.502217227458952948e+03 3.962789773941040039e-01
3.504363912582396551e+03 3.963291347026824951e-01
3.506510597705840155e+03 3.963789939880371094e-01
3.508657282829283758e+03 3.964285850524902344e-01
3.510803967952727362e+03 3.964779078960418701e-01
3.512950653076170966e+03 3.965269327163696289e-01
3.515097338199614569e+03 3.965757191181182861e-01
3.517244023323058173e+03 3.966242372989654541e-01
3.519390708446501776e+03 3.966725170612335205e-01
3.521537393569945380e+03 3.967205584049224854e-01
3.523684078693388983e+03 3.967684209346771240e-01
3.525830763816832587e+03 3.968159854412078857e-01
3.527977448940276190e+03 3.968633711338043213e-01
3.530124134063719794e+03 3.969105184078216553e-01
3.532270819187163397e+03 3.969574272632598877e-01
3.534417504310607001e+03 3.970042467117309570e-01
3.536564189434050604e+03 3.970507681369781494e-01
3.538710874557494208e+03 3.970971703529357910e-01
3.540857559680937811e+03 3.971433937549591064e-01
3.543004244804381415e+03 3.971894383430480957e-01
3.545150929927825018e+03 3.972353339195251465e-01
3.547297615051268622e+03 3.972810804843902588e-01
3.549444300174712225e+03 3.973266184329986572e-01
3.551590985298155829e+03 3.973720967769622803e-01
3.553737670421599432e+03 3.974173665046691895e-01
3.555884355545043036e+03 3.974625170230865479e-01
3.558031040668486639e+03 3.975076675415039062e-01
3.560177725791930243e+03 3.975525200366973877e-01
3.562324410915373846e+03 3.975974321365356445e-01
3.564471096038817450e+03 3.976421654224395752e-01
3.566617781162261053e+03 3.976867198944091797e-01
3.568764466285704657e+03 3.977312445640563965e-01
3.570911151409148260e+03 3.977756500244140625e-01
3.573057836532591864e+03 3.978199064731597900e-01
3.575204521656035467e+03 3.978640735149383545e-01
3.577351206779479071e+03 3.979080915451049805e-01
3.579497891902922674e+03 3.979520797729492188e-01
3.581644577026366278e+03 3.979958593845367432e-01
3.583791262149809882e+03 3.980396091938018799e-01
3.585937947273253485e+03 3.980831801891326904e-01
3.588084632396697089e+03 3.981266617774963379e-01
3.590231317520140692e+03 3.981700539588928223e-01
3.592378002643584296e+03 3.982132673263549805e-01
3.594524687767027899e+03 3.982564210891723633e-01
3.596671372890471503e+03 3.982994854450225830e-01
3.598818058013915106e+03 3.983423411846160889e-01
3.600964743137358710e+03 3.983851075172424316e-01
3.603111428260802313e+03 3.984278142452239990e-01
3.605258113384245917e+03 3.984704017639160156e-01
3.607404798507689520e+03 3.985128402709960938e-01
3.609551483631133124e+03 3.985551297664642334e-01
3.611698168754576727e+03 3.985973894596099854e-01
3.613844853878020331e+03 3.986395299434661865e-01
3.615991539001463934e+03 3.986814916133880615e-01
3.618138224124907538e+03 3.987233638763427734e-01
3.620284909248351141e+03 3.987650871276855469e-01
3.622431594371794745e+03 3.988067805767059326e-01
3.624578279495238348e+03 3.988482952117919922e-01
3.626724964618681952e+03 3.988897204399108887e-01
3.628871649742125555e+03 3.989310264587402344e-01
3.631018334865569159e+03 3.989721536636352539e-01
3.633165019989012762e+03 3.990132510662078857e-01
3.635311705112456366e+03 3.990541696548461914e-01
3.637458390235899969e+03 3.990950584411621094e-01
3.639605075359343573e+03 3.991357684135437012e-01
3.641751760482787176e+03 3.991763591766357422e-01
3.643898445606230780e+03 3.992168605327606201e-01
3.646045130729674383e+03 3.992572426795959473e-01
3.648191815853117987e+03 3.992974758148193359e-01
3.650338500976561591e+03 3.993376493453979492e-01
3.652485186100005194e+03 3.993776738643646240e-01
3.654631871223448798e+03 3.994176089763641357e-01
3.656778556346892401e+03 3.994573950767517090e-01
3.658925241470336005e+03 3.994970619678497314e-01
3.661071926593779608e+03 3.995365798473358154e-01
3.663218611717223212e+03 3.995760679244995117e-01
3.665365296840666815e+03 3.996153473854064941e-01
3.667511981964110419e+03 3.996545672416687012e-01
3.669658667087554022e+03 3.996936380863189697e-01
3.671805352210997626e+03 3.997326195240020752e-01
3.673952037334441229e+03 3.997714817523956299e-01
3.676098722457884833e+03 3.998102247714996338e-01
3.678245407581328436e+03 3.998488485813140869e-01
3.680392092704772040e+03 3.998873531818389893e-01
3.682538777828215643e+03 3.999257981777191162e-01
3.684685462951659247e+03 3.999640047550201416e-01
3.686832148075102850e+03 4.000021219253540039e-01
3.688978833198546454e+03 4.000402390956878662e-01
3.691125518321990057e+03 4.000781178474426270e-01
3.693272203445433661e+03 4.001159071922302246e-01
3.695418888568877264e+03 4.001536071300506592e-01
3.697565573692320868e+03 4.001911580562591553e-01
3.699712258815764471e+03 4.002286493778228760e-01
3.701858943939208075e+03 4.002659618854522705e-01
3.704005629062651678e+03 4.003031551837921143e-01
3.706152314186095282e+03 4.003402590751647949e-01
3.708298999309538885e+03 4.003772735595703125e-01
3.710445684432982489e+03 4.004141092300415039e-01
3.712592369556426092e+03 4.004508256912231445e-01
3.714739054679869696e+03 4.004874229431152344e-01
3.716885739803313299e+03 4.005239307880401611e-01
3.719032424926756903e+03 4.005603194236755371e-01
3.721179110050200507e+03 4.005965590476989746e-01
3.723325795173644110e+03 4.006327390670776367e-01
3.725472480297087714e+03 4.006687700748443604e-01
3.727619165420531317e+03 4.007045924663543701e-01
3.729765850543974921e+03 4.007404744625091553e-01
3.731912535667418524e+03 4.007761180400848389e-01
3.734059220790862128e+03 4.008116722106933594e-01
3.736205905914305731e+03 4.008471071720123291e-01
3.738352591037749335e+03 4.008824527263641357e-01
3.740499276161192938e+03 4.009176194667816162e-01
3.742645961284636542e+03 4.009526669979095459e-01
3.744792646408080145e+03 4.009875655174255371e-01
3.746939331531523749e+03 4.010224342346191406e-01
3.749086016654967352e+03 4.010571837425231934e-01
3.751232701778410956e+03 4.010917544364929199e-01
3.753379386901854559e+03 4.011262059211730957e-01
3.755526072025298163e+03 4.011605978012084961e-01
3.757672757148741766e+03 4.011948406696319580e-01
3.759819442272185370e+03 4.012289643287658691e-01
3.761966127395628973e+03 4.012628793716430664e-01
3.764112812519072577e+03 4.012967646121978760e-01
3.766259497642516180e+03 4.013305306434631348e-01
3.768406182765959784e+03 4.013641774654388428e-01
3.770552867889403387e+03 4.013976454734802246e-01
3.772699553012846991e+03 4.014311134815216064e-01
3.774846238136290594e+03 4.014643430709838867e-01
3.776992923259734198e+03 4.014974534511566162e-01
3.779139608383177801e+03 4.015304744243621826e-01
3.781286293506621405e+03 4.015634059906005859e-01
3.783432978630065008e+03 4.015961885452270508e-01
3.785579663753508612e+03 4.016289114952087402e-01
3.787726348876952216e+03 4.016613960266113281e-01
3.789873034000395819e+03 4.016937911510467529e-01
3.792019719123839423e+03 4.017260968685150146e-01
3.794166404247283026e+03 4.017582535743713379e-01
3.796313089370726630e+03 4.017903506755828857e-01
3.798459774494170233e+03 4.018222689628601074e-01
3.800606459617613837e+03 4.018540382385253906e-01
3.802753144741057440e+03 4.018857479095458984e-01
3.804899829864501044e+03 4.019173383712768555e-01
3.807046514987944647e+03 4.019487798213958740e-01
3.809193200111388251e+03 4.019800722599029541e-01
3.811339885234831854e+03 4.020113348960876465e-01
3.813486570358275458e+03 4.020423293113708496e-01
3.815633255481719061e+03 4.020733535289764404e-01
3.817779940605162665e+03 4.021041393280029297e-01
3.819926625728606268e+03 4.021348953247070312e-01
3.822073310852049872e+03 4.021655321121215820e-01
3.824219995975493021e+03 4.021959602832794189e-01
3.826366681098936624e+03 4.022262990474700928e-01
3.828513366222380228e+03 4.022564888000488281e-01
3.830660051345823831e+03 4.022865891456604004e-01
3.832806736469267435e+03 4.023165404796600342e-01
3.834953421592711038e+03 4.023464024066925049e-01
3.837100106716154642e+03 4.023761153221130371e-01
3.839246791839598245e+03 4.024057388305664062e-01
3.841393476963041849e+03 4.024352133274078369e-01
3.843540162086485452e+03 4.024645984172821045e-01
3.845686847209929056e+03 4.024938344955444336e-01
3.847833532333372659e+03 4.025229513645172119e-01
3.849980217456816263e+03 4.025519490242004395e-01
3.852126902580259866e+03 4.025807976722717285e-01
3.854273587703703470e+03 4.026095569133758545e-01
3.856420272827147073e+03 4.026381969451904297e-01
3.858566957950590677e+03 4.026666581630706787e-01
3.860713643074034280e+03 4.026950001716613770e-01
3.862860328197477884e+03 4.027232527732849121e-01
3.865007013320921487e+03 4.027513861656188965e-01
3.867153698444365091e+03 4.027793705463409424e-01
3.869300383567808694e+03 4.028072655200958252e-01
3.871447068691252298e+03 4.028350114822387695e-01
3.873593753814695901e+03 4.028626680374145508e-01
3.875740438938139505e+03 4.028901159763336182e-01
3.877887124061583108e+03 4.029175341129302979e-01
3.880033809185026712e+03 4.029447436332702637e-01
3.882180494308470315e+03 4.029718935489654541e-01
3.884327179431913919e+03 4.029989242553710938e-01
3.886473864555357522e+03 4.030257761478424072e-01
3.888620549678801126e+03 4.030525088310241699e-01
3.890767234802244730e+03 4.030791521072387695e-01
3.892913919925688333e+03 4.031056463718414307e-01
3.895060605049131937e+03 4.031320214271545410e-01
3.897207290172575540e+03 4.031582474708557129e-01
3.899353975296019144e+03 4.031843841075897217e-01
3.901500660419462747e+03 4.032104015350341797e-01
3.903647345542906351e+03 4.032362699508666992e-01
3.905794030666349954e+03 4.032620191574096680e-01
3.907940715789793558e+03 4.032876491546630859e-01
3.910087400913237161e+03 4.033131301403045654e-01
3.912234086036680765e+03 4.033384919166564941e-01
3.914380771160124368e+03 4.033637642860412598e-01
3.916527456283567972e+03 4.033888578414916992e-01
3.918674141407011575e+03 4.034138321876525879e-01
3.920820826530455179e+03 4.034387469291687012e-01
3.922967511653898782e+03 4.034634828567504883e-01
3.925114196777342386e+03 4.034880995750427246e-01
3.927260881900785989e+03 4.035125672817230225e-01
3.929407567024229593e+03 4.035369157791137695e-01
3.931554252147673196e+03 4.035611748695373535e-01
3.933700937271116800e+03 4.035852849483489990e-01
3.935847622394560403e+03 4.036092758178710938e-01
3.937994307518004007e+03 4.036331176757812500e-01
3.940140992641447610e+03 4.036568403244018555e-01
3.942287677764891214e+03 4.036804735660552979e-01
3.944434362888334817e+03 4.037038981914520264e-01
3.946581048011778421e+03 4.037272632122039795e-01
3.948727733135222024e+03 4.037504494190216064e-01
3.950874418258665628e+03 4.037735164165496826e-01
3.953021103382109231e+03 4.037965238094329834e-01
3.955167788505552835e+03 4.038193523883819580e-01
3.957314473628996438e+03 4.038420319557189941e-01
3.959461158752440042e+03 4.038646519184112549e-01
3.961607843875883646e+03 4.038870930671691895e-01
3.963754528999327249e+03 4.039094448089599609e-01
3.965901214122770853e+03 4.039316475391387939e-01
3.968047899246214456e+03 4.039536714553833008e-01
3.970194584369658060e+03 4.039756357669830322e-01
3.972341269493101663e+03 4.039974510669708252e-01
3.974487954616545267e+03 4.040191173553466797e-01
3.976634639739988870e+03 4.040406644344329834e-01
3.978781324863432474e+03 4.040621221065521240e-01
3.980928009986876077e+03 4.040834307670593262e-01
3.983074695110319681e+03 4.041045606136322021e-01
3.985221380233763284e+03 4.041256308555603027e-01
3.987368065357206888e+03 4.041465520858764648e-01
3.989514750480650491e+03 4.041673243045806885e-01
3.991661435604094095e+03 4.041880071163177490e-01
3.993808120727537698e+03 4.042085111141204834e-01
3.995954805850981302e+03 4.042289257049560547e-01
3.998101490974424905e+03 4.042492210865020752e-01
4.000248176097868509e+03 4.042693674564361572e-01
4.002394861221312112e+03 4.042893648147583008e-01
4.004541546344755716e+03 4.043092131614685059e-01
4.006688231468199319e+03 4.043289721012115479e-01
4.008834916591642923e+03 4.043485820293426514e-01
4.010981601715086526e+03 4.043680727481842041e-01
4.013128286838530130e+03 4.043874740600585938e-01
4.015274971961973733e+03 4.044066965579986572e-01
4.017421657085417337e+03 4.044257998466491699e-01
4.019568342208860940e+03 4.044447541236877441e-01
4.021715027332304544e+03 4.044636487960815430e-01
4.023861712455748147e+03 4.044823348522186279e-01
4.026008397579191751e+03 4.045009613037109375e-01
4.028155082702634900e+03 4.045193791389465332e-01
4.030301767826078503e+03 4.045377969741821289e-01
4.032448452949522107e+03 4.045560061931610107e-01
4.034595138072965710e+03 4.045740365982055664e-01
4.036741823196409314e+03 4.045920372009277344e-01
4.038888508319852917e+03 4.046098589897155762e-01
4.041035193443296521e+03 4.046275913715362549e-01
4.043181878566740124e+03 4.046451747417449951e-01
4.045328563690183728e+03 4.046626687049865723e-01
4.047475248813627331e+03 4.046800136566162109e-01
4.049621933937070935e+03 4.046972990036010742e-01
4.051768619060514538e+03 4.047143757343292236e-01
4.053915304183958142e+03 4.047313630580902100e-01
4.056061989307401745e+03 4.047482609748840332e-01
4.058208674430845349e+03 4.047650098800659180e-01
4.060355359554288952e+03 4.047816395759582520e-01
4.062502044677732556e+03 4.047981798648834229e-01
4.064648729801176160e+03 4.048145711421966553e-01
4.066795414924619763e+03 4.048308730125427246e-01
4.068942100048063367e+03 4.048470556735992432e-01
4.071088785171506970e+03 4.048631489276885986e-01
4.073235470294950574e+03 4.048790931701660156e-01
4.075382155418394177e+03 4.048948884010314941e-01
4.077528840541837781e+03 4.049106538295745850e-01
4.079675525665281384e+03 4.049262404441833496e-01
4.081822210788724988e+03 4.049417376518249512e-01
4.083968895912168591e+03 4.049571454524993896e-01
4.086115581035612195e+03 4.049724340438842773e-01
4.088262266159055798e+03 4.049876034259796143e-01
4.090408951282499402e+03 4.050027132034301758e-01
4.092555636405943005e+03 4.050176143646240234e-01
4.094702321529386609e+03 4.050324559211730957e-01
4.096849006652830212e+03 4.050472676753997803e-01
4.098995691776273816e+03 4.050618708133697510e-01
4.101142376899717419e+03 4.050763547420501709e-01
4.103289062023161023e+03 4.050907790660858154e-01
4.105435747146604626e+03 4.051051139831542969e-01
4.107582432270048230e+03 4.051192998886108398e-01
4.109729117393491833e+03 4.051334261894226074e-01
4.111875802516935437e+03 4.051474630832672119e-01
4.114022487640379040e+03 4.051613509654998779e-01
4.116169172763822644e+03 4.051751494407653809e-01
4.118315857887266247e+03 4.051888883113861084e-01
4.120462543010709851e+03 4.052024781703948975e-01
4.122609228134153454e+03 4.052159786224365234e-01
4.124755913257597058e+03 4.052293598651885986e-01
4.126902598381040661e+03 4.052426815032958984e-01
4.129049283504484265e+03 4.052558839321136475e-01
4.131195968627927869e+03 4.052689969539642334e-01
4.133342653751371472e+03 4.052820205688476562e-01
4.135489338874815076e+03 4.052949547767639160e-01
4.137636023998258679e+03 4.053077697753906250e-01
4.139782709121702283e+03 4.053204953670501709e-01
4.141929394245145886e+03 4.053331315517425537e-01
4.144076079368589490e+03 4.053456783294677734e-01
4.146222764492033093e+03 4.053581058979034424e-01
4.148369449615476697e+03 4.053704440593719482e-01
4.150516134738920300e+03 4.053827226161956787e-01
4.152662819862363904e+03 4.053949117660522461e-01
4.154809504985807507e+03 4.054070115089416504e-01
4.156956190109251111e+03 4.054189920425415039e-01
4.159102875232694714e+03 4.054308533668518066e-01
4.161249560356138318e+03 4.054426848888397217e-01
4.163396245479581921e+03 4.054544270038604736e-01
4.165542930603025525e+03 4.054660201072692871e-01
4.167689615726469128e+03 4.054775834083557129e-01
4.169836300849912732e+03 4.054891169071197510e-01
4.171982985973356335e+03 4.055004417896270752e-01
4.174129671096799939e+03 4.055117666721343994e-01
4.176276356220243542e+03 4.055229723453521729e-01
4.178423041343687146e+03 4.055340886116027832e-01
4.180569726467130749e+03 4.055451154708862305e-01
4.182716411590574353e+03 4.055560529232025146e-01
4.184863096714017956e+03 4.055670201778411865e-01
4.187009781837461560e+03 4.055777788162231445e-01
4.189156466960905163e+03 4.055884778499603271e-01
4.191303152084348767e+03 4.055991172790527344e-01
4.193449837207792370e+03 4.056096673011779785e-01
4.195596522331235974e+03 4.056201875209808350e-01
4.197743207454679577e+03 4.056305587291717529e-01
4.199889892578123181e+03 4.056409001350402832e-01
4.202036577701566785e+03 4.056511223316192627e-01
4.204183262825010388e+03 4.056612253189086914e-01
4.206329947948453992e+03 4.056713879108428955e-01
4.208476633071897595e+03 4.056814014911651611e-01
4.210623318195341199e+03 4.056913256645202637e-01
4.212770003318784802e+03 4.057012498378753662e-01
4.214916688442228406e+03 4.057109653949737549e-01
4.217063373565672009e+03 4.057207405567169189e-01
4.219210058689115613e+03 4.057303667068481445e-01
4.221356743812559216e+03 4.057399332523345947e-01
4.223503428936002820e+03 4.057494401931762695e-01
4.225650114059446423e+03 4.057588875293731689e-01
4.227796799182890027e+03 4.057682454586029053e-01
4.229943484306333630e+03 4.057775139808654785e-01
4.232090169429777234e+03 4.057867228984832764e-01
4.234236854553220837e+03 4.057959318161010742e-01
4.236383539676664441e+03 4.058049917221069336e-01
4.238530224800108044e+03 4.058140516281127930e-01
4.240676909923551648e+03 4.058230221271514893e-01
4.242823595046995251e+03 4.058319032192230225e-01
4.244970280170438855e+03 4.058407247066497803e-01
4.247116965293882458e+03 4.058494865894317627e-01
4.249263650417326062e+03 4.058581888675689697e-01
4.251410335540769665e+03 4.058668315410614014e-01
4.253557020664213269e+03 4.058753848075866699e-01
4.255703705787656872e+03 4.058839380741119385e-01
4.257850390911100476e+03 4.058923721313476562e-01
4.259997076034544079e+03 4.059007465839385986e-01
4.262143761157987683e+03 4.059091210365295410e-01
4.264290446281431286e+03 4.059173464775085449e-01
4.266437131404874890e+03 4.059256017208099365e-01
4.268583816528318494e+03 4.059337377548217773e-01
4.270730501651762097e+03 4.059418439865112305e-01
4.272877186775205701e+03 4.059498608112335205e-01
4.275023871898649304e+03 4.059578478336334229e-01
4.277170557022092908e+03 4.059658050537109375e-01
4.279317242145536511e+03 4.059736430644989014e-01
4.281463927268980115e+03 4.059814214706420898e-01
4.283610612392423718e+03 4.059892594814300537e-01
4.285757297515867322e+03 4.059969186782836914e-01
4.287903982639310925e+03 4.060045778751373291e-01
4.290050667762754529e+03 4.060122072696685791e-01
4.292197352886198132e+03 4.060197770595550537e-01
4.294344038009641736e+03 4.060271978378295898e-01
4.296490723133085339e+03 4.060347378253936768e-01
4.298637408256528943e+03 4.060421288013458252e-01
4.300784093379972546e+03 4.060494899749755859e-01
4.302930778503416150e+03 4.060567617416381836e-01
4.305077463626859753e+03 4.060639739036560059e-01
4.307224148750303357e+03 4.060712456703186035e-01
4.309370833873746960e+03 4.060783982276916504e-01
4.311517518997190564e+03 4.060854911804199219e-01
4.313664204120634167e+03 4.060925543308258057e-01
4.315810889244077771e+03 4.060996174812316895e-01
4.317957574367521374e+03 4.061066210269927979e-01
4.320104259490964978e+03 4.061135351657867432e-01
4.322250944614408581e+03 4.061204493045806885e-01
4.324397629737852185e+03 4.061273038387298584e-01
4.326544314861295788e+03 4.061340987682342529e-01
4.328690999984739392e+03 4.061408042907714844e-01
4.330837685108182995e+03 4.061475694179534912e-01
4.332984370231626599e+03 4.061542749404907227e-01
4.335131055355070202e+03 4.061609208583831787e-01
4.337277740478513806e+03 4.061675071716308594e-01
4.339424425601957410e+03 4.061741232872009277e-01
4.341571110725401013e+03 4.061806797981262207e-01
4.343717795848844617e+03 4.061871170997619629e-01
4.345864480972288220e+03 4.061936140060424805e-01
4.348011166095731824e+03 4.062000215053558350e-01
4.350157851219175427e+03 4.062064290046691895e-01
4.352304536342619031e+03 4.062127470970153809e-01
4.354451221466062634e+03 4.062190949916839600e-01
4.356597906589506238e+03 4.062254130840301514e-01
4.358744591712949841e+03 4.062316417694091797e-01
4.360891276836393445e+03 4.062379002571105957e-01
4.363037961959837048e+03 4.062440693378448486e-01
4.365184647083280652e+03 4.062502682209014893e-01
4.367331332206724255e+03 4.062564074993133545e-01
4.369478017330167859e+03 4.062624573707580566e-01
4.371624702453611462e+03 4.062685370445251465e-01
4.373771387577055066e+03 4.062745869159698486e-01
4.375918072700498669e+03 4.062806367874145508e-01
4.378064757823942273e+03 4.062865972518920898e-01
4.380211442947385876e+03 4.062925577163696289e-01
4.382358128070829480e+03 4.062985181808471680e-01
4.384504813194273083e+03 4.063044786453247070e-01
4.386651498317716687e+03 4.063102900981903076e-01
4.388798183441160290e+03 4.063161611557006836e-01
4.390944868564603894e+03 4.063220024108886719e-01
4.393091553688047497e+03 4.063278138637542725e-01
4.395238238811491101e+03 4.063336551189422607e-01
4.397384923934934704e+03 4.063394069671630859e-01
4.399531609058378308e+03 4.063451588153839111e-01
4.401678294181821911e+03 4.063508808612823486e-01
4.403824979305265515e+03 4.063566029071807861e-01
4.405971664428709119e+03 4.063622653484344482e-01
4.408118349552152722e+03 4.063679873943328857e-01
4.410265034675596326e+03 4.063736200332641602e-01
4.412411719799039929e+03 4.063792228698730469e-01
4.414558404922483533e+03 4.063848853111267090e-01
4.416705090045927136e+03 4.063904881477355957e-01
4.418851775169370740e+03 4.063960909843444824e-01
4.420998460292814343e+03 4.064016640186309814e-01
4.423145145416257947e+03 4.064072370529174805e-01
4.425291830539701550e+03 4.064127504825592041e-01
4.427438515663145154e+03 4.064182937145233154e-01
4.429585200786588757e+03 4.064238369464874268e-01
4.431731885910032361e+03 4.064292907714843750e-01
4.433878571033475964e+03 4.064348042011260986e-01
4.436025256156919568e+03 4.064403176307678223e-01
4.438171941280363171e+03 4.064458012580871582e-01
4.440318626403806775e+03 4.064512550830841064e-01
4.442465311527250378e+03 4.064567089080810547e-01
4.444611996650693982e+03 4.064621329307556152e-01
4.446758681774137585e+03 4.064675867557525635e-01
4.448905366897581189e+03 4.064730107784271240e-01
4.451052052021024792e+03 4.064784944057464600e-01
4.453198737144468396e+03 4.064838588237762451e-01
4.455345422267911999e+03 4.064892828464508057e-01
4.457492107391355603e+03 4.064947068691253662e-01
4.459638792514799206e+03 4.065001308917999268e-01
4.461785477638242810e+03 4.065055251121520996e-01
4.463932162761686413e+03 4.065109193325042725e-01
4.466078847885130017e+03 4.065162837505340576e-01
4.468225533008573620e+03 4.065217375755310059e-01
4.470372218132017224e+03 4.065271317958831787e-01
4.472518903255460827e+03 4.065325558185577393e-01
4.474665588378904431e+03 4.065379500389099121e-01
4.476812273502348035e+03 4.065433144569396973e-01
4.478958958625791638e+03 4.065487086772918701e-01
4.481105643749235242e+03 4.065541326999664307e-01
4.483252328872678845e+03 4.065595269203186035e-01
4.485399013996122449e+03 4.065648913383483887e-01
4.487545699119566052e+03 4.065702855587005615e-01
4.489692384243009656e+03 4.065756499767303467e-01
4.491839069366453259e+03 4.065810739994049072e-01
4.493985754489896863e+03 4.065864086151123047e-01
4.496132439613340466e+03 4.065918326377868652e-01
4.498279124736784070e+03 4.065971970558166504e-01
4.500425809860227673e+03 4.066026210784912109e-01
4.502572494983671277e+03 4.066079556941986084e-01
4.504719180107114880e+03 4.066133499145507812e-01
4.506865865230558484e+03 4.066187143325805664e-01
4.509012550354002087e+03 4.066240489482879639e-01
4.511159235477445691e+03 4.066294133663177490e-01
4.513305920600889294e+03 4.066347777843475342e-01
4.515452605724332898e+03 4.066401124000549316e-01
4.517599290847776501e+03 4.066455066204071045e-01
4.519745975971220105e+03 4.066508412361145020e-01
4.521892661094663708e+03 4.066561758518218994e-01
4.524039346218107312e+03 4.066615104675292969e-01
4.526186031341550915e+03 4.066668748855590820e-01
4.528332716464994519e+03 4.066721498966217041e-01
4.530479401588438122e+03 4.066775143146514893e-01
4.532626086711881726e+03 4.066828191280364990e-01
4.534772771835325329e+03 4.066881537437438965e-01
4.536919456958768933e+03 4.066933989524841309e-01
4.539066142082212536e+03 4.066987037658691406e-01
4.541212827205656140e+03 4.067040085792541504e-01
4.543359512329099744e+03 4.067092835903167725e-01
4.545506197452542438e+03 4.067145586013793945e-01
4.547652882575986041e+03 4.067198336124420166e-01
4.549799567699429645e+03 4.067251086235046387e-01
4.551946252822873248e+03 4.067303836345672607e-01
4.554092937946316852e+03 4.067355990409851074e-01
4.556239623069760455e+03 4.067408144474029541e-01
4.558386308193204059e+03 4.067460894584655762e-01
4.560532993316647662e+03 4.067512750625610352e-01
4.562679678440091266e+03 4.067565202713012695e-01
4.564826363563534869e+03 4.067617356777191162e-01
4.566973048686978473e+03 4.067669212818145752e-01
4.569119733810422076e+03 4.067721068859100342e-01
4.571266418933865680e+03 4.067772626876831055e-01
4.573413104057309283e+03 4.067824482917785645e-01
4.575559789180752887e+03 4.067876338958740234e-01
4.577706474304196490e+03 4.067927598953247070e-01
4.579853159427640094e+03 4.067978858947753906e-01
4.581999844551083697e+03 4.068030416965484619e-01
4.584146529674527301e+03 4.068081676959991455e-01
4.586293214797970904e+03 4.068132638931274414e-01
4.588439899921414508e+03 4.068183004856109619e-01
4.590586585044858111e+03 4.068234264850616455e-01
4.592733270168301715e+03 4.068284928798675537e-01
4.594879955291745318e+03 4.068335592746734619e-01
4.597026640415188922e+03 4.068386256694793701e-01
4.599173325538632525e+03 4.068436622619628906e-01
4.601320010662076129e+03 4.068486690521240234e-01
4.603466695785519732e+03 4.068536758422851562e-01
4.605613380908963336e+03 4.068586528301239014e-01
4.607760066032406939e+03 4.068636596202850342e-01
4.609906751155850543e+03 4.068686664104461670e-01
4.612053436279294147e+03 4.068736135959625244e-01
4.614200121402737750e+03 4.068785011768341064e-01
4.616346806526181354e+03 4.068835079669952393e-01
4.618493491649624957e+03 4.068884253501892090e-01
4.620640176773068561e+03 4.068933427333831787e-01
4.622786861896512164e+03 4.068981707096099854e-01
4.624933547019955768e+03 4.069031476974487305e-01
4.627080232143399371e+03 4.069079458713531494e-01
4.629226917266842975e+03 4.069128036499023438e-01
4.631373602390286578e+03 4.069176316261291504e-01
4.633520287513730182e+03 4.069224596023559570e-01
4.635666972637173785e+03 4.069272279739379883e-01
4.637813657760617389e+03 4.069320261478424072e-01
4.639960342884060992e+03 4.069368243217468262e-01
4.642107028007504596e+03 4.069415628910064697e-01
4.644253713130948199e+03 4.069463312625885010e-01
4.646400398254391803e+03 4.069510102272033691e-01
4.648547083377835406e+03 4.069557189941406250e-01
4.650693768501279010e+03 4.069603979587554932e-01
4.652840453624722613e+03 4.069650471210479736e-01
4.654987138748166217e+03 4.069697558879852295e-01
4.657133823871609820e+03 4.069744050502777100e-01
4.659280508995053424e+03 4.069789648056030273e-01
4.661427194118497027e+03 4.069835841655731201e-01
4.663573879241940631e+03 4.069882035255432129e-01
4.665720564365384234e+03 4.069927930831909180e-01
4.667867249488827838e+03 4.069972932338714600e-01
4.670013934612271441e+03 4.070018231868743896e-01
4.672160619735715045e+03 4.070063233375549316e-01
4.674307304859158648e+03 4.070108234882354736e-01
4.676453989982602252e+03 4.070152938365936279e-01
4.678600675106045856e+03 4.070197641849517822e-01
4.680747360229489459e+03 4.070241749286651611e-01
4.682894045352933063e+03 4.070285558700561523e-01
4.685040730476376666e+03 4.070329964160919189e-01
4.687187415599820270e+03 4.070373773574829102e-01
4.689334100723263873e+03 4.070416986942291260e-01
4.691480785846707477e+03 4.070460498332977295e-01
4.693627470970151080e+03 4.070503413677215576e-01
4.695774156093594684e+03 4.070546329021453857e-01
4.697920841217038287e+03 4.070588648319244385e-01
4.700067526340481891e+03 4.070631563663482666e-01
4.702214211463925494e+03 4.070673584938049316e-01
4.704360896587369098e+03 4.070715904235839844e-01
4.706507581710812701e+03 4.070757627487182617e-01
4.708654266834256305e+03 4.070798754692077637e-01
4.710800951957699908e+03 4.070840477943420410e-01
4.712947637081143512e+03 4.070881605148315430e-01
4.715094322204587115e+03 4.070922732353210449e-01
4.717241007328030719e+03 4.070962667465209961e-01
4.719387692451474322e+03 4.071003496646881104e-01
4.721534377574917926e+03 4.071043431758880615e-01
4.723681062698361529e+03 4.071083366870880127e-01
4.725827747821805133e+03 4.071123003959655762e-01
4.727974432945248736e+03 4.071162343025207520e-01
4.730121118068692340e+03 4.071201980113983154e-01
4.732267803192135943e+03 4.071241319179534912e-01
4.734414488315579547e+03 4.071279466152191162e-01
4.736561173439023150e+03 4.071317911148071289e-01
4.738707858562466754e+03 4.071356356143951416e-01
4.740854543685910357e+03 4.071394205093383789e-01
4.743001228809353961e+03 4.071432054042816162e-01
4.745147913932797564e+03 4.071469306945800781e-01
4.747294599056241168e+03 4.071506261825561523e-01
4.749441284179684772e+03 4.071542918682098389e-01
4.751587969303128375e+03 4.071580469608306885e-01
4.753734654426571979e+03 4.071616232395172119e-01
4.755881339550015582e+03 4.071652889251708984e-01
4.758028024673459186e+03 4.071688652038574219e-01
4.760174709796902789e+03 4.071724116802215576e-01
4.762321394920346393e+03 4.071759283542633057e-01
4.764468080043789996e+03 4.071794748306274414e-01
4.766614765167233600e+03 4.071829617023468018e-01
4.768761450290677203e+03 4.071863591670989990e-01
4.770908135414120807e+03 4.071897864341735840e-01
4.773054820537564410e+03 4.071931838989257812e-01
4.775201505661008014e+03 4.071965813636779785e-01
4.777348190784451617e+03 4.071998596191406250e-01
4.779494875907895221e+03 4.072031378746032715e-01
4.781641561031338824e+03 4.072064757347106934e-01
4.783788246154782428e+03 4.072096943855285645e-01
4.785934931278226031e+03 4.072128832340240479e-01
4.788081616401669635e+03 4.072161018848419189e-01
4.790228301525113238e+03 4.072192609310150146e-01
4.792374986648556842e+03 4.072223901748657227e-01
4.794521671772000445e+03 4.072254598140716553e-01
4.796668356895444049e+03 4.072285294532775879e-01
4.798815042018887652e+03 4.072315990924835205e-01
4.800961727142331256e+03 4.072345495223999023e-01
4.803108412265774859e+03 4.072375297546386719e-01
4.805255097389218463e+03 4.072404801845550537e-01
4.807401782512662066e+03 4.072433710098266602e-01
4.809548467636105670e+03 4.072462320327758789e-01
4.811695152759549273e+03 4.072490930557250977e-01
4.813841837882992877e+03 4.072518944740295410e-01
4.815988523006436481e+03 4.072546660900115967e-01
4.818135208129880084e+03 4.072574377059936523e-01
4.820281893253323688e+03 4.072601497173309326e-01
4.822428578376767291e+03 4.072628617286682129e-01
4.824575263500210895e+03 4.072654545307159424e-01
4.826721948623654498e+03 4.072681069374084473e-01
4.828868633747098102e+03 4.072706997394561768e-01
4.831015318870541705e+03 4.072732329368591309e-01
4.833162003993985309e+03 4.072757363319396973e-01
4.835308689117428912e+03 4.072781801223754883e-01
4.837455374240872516e+03 4.072806537151336670e-01
4.839602059364316119e+03 4.072830379009246826e-01
4.841748744487759723e+03 4.072854220867156982e-01
4.843895429611203326e+03 4.072877466678619385e-01
4.846042114734646930e+03 4.072900414466857910e-01
4.848188799858090533e+03 4.072923064231872559e-01
4.850335484981534137e+03 4.072945415973663330e-01
4.852482170104977740e+03 4.072967469692230225e-01
4.854628855228421344e+03 4.072988927364349365e-01
4.856775540351864947e+03 4.073010683059692383e-01
4.858922225475308551e+03 4.073030650615692139e-01
4.861068910598752154e+03 4.073051810264587402e-01
4.863215595722195758e+03 4.073071479797363281e-01
4.865362280845639361e+03 4.073091447353363037e-01
4.867508965969082965e+03 4.073110818862915039e-01
4.869655651092526568e+03 4.073129594326019287e-01
4.871802336215970172e+03 4.073148667812347412e-01
4.873949021339413775e+03 4.073166549205780029e-01
4.876095706462857379e+03 4.073184430599212646e-01
4.878242391586300982e+03 4.073201715946197510e-01
4.880389076709744586e+03 4.073219299316406250e-01
4.882535761833188189e+03 4.073235988616943359e-01
4.884682446956631793e+03 4.073252081871032715e-01
4.886829132080075397e+03 4.073268175125122070e-01
4.888975817203519000e+03 4.073283374309539795e-01
4.891122502326962604e+03 4.073298573493957520e-01
4.893269187450406207e+03 4.073313176631927490e-01
4.895415872573849811e+03 4.073327183723449707e-01
4.897562557697293414e+03 4.073341190814971924e-01
4.899709242820737018e+03 4.073354899883270264e-01
4.901855927944180621e+03 4.073368012905120850e-01
4.904002613067624225e+03 4.073380529880523682e-01
4.906149298191067828e+03 4.073393046855926514e-01
4.908295983314511432e+03 4.073404669761657715e-01
4.910442668437955035e+03 4.073416292667388916e-01
4.912589353561398639e+03 4.073427617549896240e-01
4.914736038684842242e+03 4.073438048362731934e-01
4.916882723808285846e+03 4.073448181152343750e-01
4.919029408931729449e+03 4.073457717895507812e-01
4.921176094055173053e+03 4.073467552661895752e-01
4.923322779178616656e+03 4.073476195335388184e-01
4.925469464302060260e+03 4.073484241962432861e-01
4.927616149425503863e+03 4.073492288589477539e-01
4.929762834548947467e+03 4.073500037193298340e-01
4.931909519672391070e+03 4.073507189750671387e-01
4.934056204795834674e+03 4.073514044284820557e-01
4.936202889919278277e+03 4.073520600795745850e-01
4.938349575042721881e+03 4.073526561260223389e-01
4.940496260166165484e+03 4.073531925678253174e-01
4.942642945289609088e+03 4.073537290096282959e-01
4.944789630413052691e+03 4.073541462421417236e-01
4.946936315536496295e+03 4.073545634746551514e-01
4.949083000659939898e+03 4.073549807071685791e-01
4.951229685783383502e+03 4.073553085327148438e-01
4.953376370906827106e+03 4.073556065559387207e-01
4.955523056030269800e+03 4.073559045791625977e-01
4.957669741153713403e+03 4.073561429977416992e-01
4.959816426277157007e+03 4.073562920093536377e-01
4.961963111400600610e+03 4.073564410209655762e-01
4.964109796524044214e+03 4.073565304279327393e-01
4.966256481647487817e+03 4.073565900325775146e-01
4.968403166770931421e+03 4.073566198348999023e-01
4.970549851894375024e+03 4.073565900325775146e-01
4.972696537017818628e+03 4.073565602302551270e-01
4.974843222141262231e+03 4.073564708232879639e-01
4.976989907264705835e+03 4.073563814163208008e-01
4.979136592388149438e+03 4.073561728000640869e-01
4.981283277511593042e+03 4.073560237884521484e-01
4.983429962635036645e+03 4.073557555675506592e-01
4.985576647758480249e+03 4.073554873466491699e-01
4.987723332881923852e+03 4.073551893234252930e-01
4.989870018005367456e+03 4.073548913002014160e-01
4.992016703128811059e+03 4.073544740676879883e-01
4.994163388252254663e+03 4.073540866374969482e-01
4.996310073375698266e+03 4.073536098003387451e-01
4.998456758499141870e+03 4.073531329631805420e-01
5.000603443622585473e+03 4.073526263236999512e-01
5.002750128746029077e+03 4.073520600795745850e-01
5.004896813869472680e+03 4.073514938354492188e-01
5.007043498992916284e+03 4.073508381843566895e-01
5.009190184116359887e+03 4.073502123355865479e-01
5.011336869239803491e+03 4.073495268821716309e-01
5.013483554363247094e+03 4.073488414287567139e-01
5.015630239486690698e+03 4.073480367660522461e-01
5.017776924610134301e+03 4.073472917079925537e-01
5.019923609733577905e+03 4.073464870452880859e-01
5.022070294857021509e+03 4.073456227779388428e-01
5.024216979980465112e+03 4.073447585105895996e-01
5.026363665103908716e+03 4.073438048362731934e-01
5.028510350227352319e+03 4.073429405689239502e-01
5.030657035350795923e+03 4.073419570922851562e-01
5.032803720474239526e+03 4.073409438133239746e-01
5.034950405597683130e+03 4.073399305343627930e-01
5.037097090721126733e+03 4.073388874530792236e-01
5.039243775844570337e+03 4.073377847671508789e-01
5.041390460968013940e+03 4.073366522789001465e-01
5.043537146091457544e+03 4.073355495929718018e-01
5.045683831214901147e+03 4.073343575000762939e-01
5.047830516338344751e+03 4.073331356048583984e-01
5.049977201461788354e+03 4.073319435119628906e-01
5.052123886585231958e+03 4.073307216167449951e-01
5.054270571708675561e+03 4.073294401168823242e-01
5.056417256832119165e+03 4.073280990123748779e-01
5.058563941955562768e+03 4.073267579078674316e-01
5.060710627079006372e+03 4.073254168033599854e-01
5.062857312202449975e+03 4.073239862918853760e-01
5.065003997325893579e+03 4.073226153850555420e-01
5.067150682449337182e+03 4.073211848735809326e-01
5.069297367572780786e+03 4.073197543621063232e-01
5.071444052696224389e+03 4.073182344436645508e-01
5.073590737819667993e+03 4.073167443275451660e-01
5.075737422943111596e+03 4.073151648044586182e-01
5.077884108066555200e+03 4.073136448860168457e-01
5.080030793189998803e+03 4.073120057582855225e-01
5.082177478313442407e+03 4.073104262351989746e-01
5.084324163436886010e+03 4.073087871074676514e-01
5.086470848560329614e+03 4.073071479797363281e-01
5.088617533683773217e+03 4.073054492473602295e-01
5.090764218807216821e+03 4.073037505149841309e-01
5.092910903930660425e+03 4.073020517826080322e-01
5.095057589054104028e+03 4.073003232479095459e-01
5.097204274177547632e+03 4.072985649108886719e-01
5.099350959300991235e+03 4.072967469692230225e-01
5.101497644424434839e+03 4.072948992252349854e-01
5.103644329547878442e+03 4.072931110858917236e-01
5.105791014671322046e+03 4.072912633419036865e-01
5.107937699794765649e+03 4.072894155979156494e-01
5.110084384918209253e+03 4.072874784469604492e-01
5.112231070041652856e+03 4.072856307029724121e-01
5.114377755165096460e+03 4.072836935520172119e-01
5.116524440288540063e+03 4.072817564010620117e-01
5.118671125411983667e+03 4.072797596454620361e-01
5.120817810535427270e+03 4.072777330875396729e-01
5.122964495658870874e+03 4.072757959365844727e-01
5.125111180782314477e+03 4.072737395763397217e-01
5.127257865905758081e+03 4.072717130184173584e-01
5.129404551029201684e+03 4.072696864604949951e-01
5.131551236152645288e+03 4.072675704956054688e-01
5.133697921276088891e+03 4.072655141353607178e-01
5.135844606399532495e+03 4.072634279727935791e-01
5.137991291522976098e+03 4.072613120079040527e-01
5.140137976646419702e+03 4.072591364383697510e-01
5.142284661769863305e+03 4.072569906711578369e-01
5.144431346893306909e+03 4.072548449039459229e-01
5.146578032016750512e+03 4.072526395320892334e-01
5.148724717140194116e+03 4.072504341602325439e-01
5.150871402263637719e+03 4.072482287883758545e-01
5.153018087387081323e+03 4.072459638118743896e-01
5.155164772510524926e+03 4.072437584400177002e-01
5.157311457633968530e+03 4.072415530681610107e-01
5.159458142757412134e+03 4.072392284870147705e-01
5.161604827880855737e+03 4.072369635105133057e-01
5.163751513004299341e+03 4.072346687316894531e-01
5.165898198127742944e+03 4.072323441505432129e-01
5.168044883251186548e+03 4.072300493717193604e-01
5.170191568374630151e+03 4.072276949882507324e-01
5.172338253498073755e+03 4.072253704071044922e-01
5.174484938621517358e+03 4.072230160236358643e-01
5.176631623744960962e+03 4.072206318378448486e-01
5.178778308868404565e+03 4.072182476520538330e-01
5.180924993991848169e+03 4.072159230709075928e-01
5.183071679115291772e+03 4.072134792804718018e-01
5.185218364238735376e+03 4.072110652923583984e-01
5.187365049362178979e+03 4.072086513042449951e-01
5.189511734485622583e+03 4.072062671184539795e-01
5.191658419609066186e+03 4.072038233280181885e-01
5.193805104732509790e+03 4.072013795375823975e-01
5.195951789855953393e+03 4.071989059448242188e-01
5.198098474979396997e+03 4.071964025497436523e-01
5.200245160102840600e+03 4.071939885616302490e-01
5.202391845226284204e+03 4.071914851665496826e-01
5.204538530349727807e+03 4.071890115737915039e-01
5.206685215473171411e+03 4.071865081787109375e-01
5.208831900596615014e+03 4.071840643882751465e-01
5.210978585720058618e+03 4.071815013885498047e-01
5.213125270843502221e+03 4.071789979934692383e-01
5.215271955966945825e+03 4.071764349937438965e-01
5.217418641090389428e+03 4.071739614009857178e-01
5.219565326213833032e+03 4.071714282035827637e-01
5.221712011337276635e+03 4.071689248085021973e-01
5.223858696460720239e+03 4.071663320064544678e-01
5.226005381584163842e+03 4.071637988090515137e-01
5.228152066707607446e+03 4.071612358093261719e-01
5.230298751831051050e+03 4.071587026119232178e-01
5.232445436954494653e+03 4.071561396121978760e-01
5.234592122077938257e+03 4.071535766124725342e-01
5.236738807201381860e+03 4.071510136127471924e-01
5.238885492324825464e+03 4.071484208106994629e-01
5.241032177448269067e+03 4.071458578109741211e-01
5.243178862571712671e+03 4.071433246135711670e-01
5.245325547695156274e+03 4.071407616138458252e-01
5.247472232818599878e+03 4.071381688117980957e-01
5.249618917942043481e+03 4.071355760097503662e-01
5.251765603065487085e+03 4.071329832077026367e-01
5.253912288188930688e+03 4.071304202079772949e-01
5.256058973312374292e+03 4.071278572082519531e-01
5.258205658435817895e+03 4.071252346038818359e-01
5.260352343559261499e+03 4.071226418018341064e-01
5.262499028682705102e+03 4.071200788021087646e-01
5.264645713806148706e+03 4.071175158023834229e-01
5.266792398929592309e+03 4.071149230003356934e-01
5.268939084053035913e+03 4.071123898029327393e-01
5.271085769176479516e+03 4.071097373962402344e-01
5.273232454299923120e+03 4.071072041988372803e-01
5.275379139423366723e+03 4.071046411991119385e-01
5.277525824546810327e+03 4.071020483970642090e-01
5.279672509670253930e+03 4.070994555950164795e-01
5.281819194793697534e+03 4.070968925952911377e-01
5.283965879917141137e+03 4.070943593978881836e-01
5.286112565040584741e+03 4.070917665958404541e-01
5.288259250164028344e+03 4.070892333984375000e-01
5.290405935287471948e+03 4.070866405963897705e-01
5.292552620410915551e+03 4.070841073989868164e-01
5.294699305534359155e+03 4.070815443992614746e-01
5.296845990657802759e+03 4.070790112018585205e-01
5.298992675781246362e+03 4.070764780044555664e-01
5.301139360904689966e+03 4.070739746093750000e-01
5.303286046028133569e+03 4.070714414119720459e-01
5.305432731151577173e+03 4.070688784122467041e-01
5.307579416275020776e+03 4.070664048194885254e-01
5.309726101398464380e+03 4.070638418197631836e-01
5.311872786521907983e+03 4.070613682270050049e-01
5.314019471645351587e+03 4.070588648319244385e-01
5.316166156768795190e+03 4.070563912391662598e-01
5.318312841892238794e+03 4.070538878440856934e-01
5.320459527015682397e+03 4.070514440536499023e-01
5.322606212139126001e+03 4.070489406585693359e-01
5.324752897262569604e+03 4.070465266704559326e-01
5.326899582386013208e+03 4.070440530776977539e-01
5.329046267509456811e+03 4.070416688919067383e-01
5.331192952632900415e+03 4.070391654968261719e-01
5.333339637756344018e+03 4.070368111133575439e-01
5.335486322879787622e+03 4.070343673229217529e-01
5.337633008003231225e+03 4.070319533348083496e-01
5.339779693126674829e+03 4.070295691490173340e-01
5.341926378250118432e+03 4.070271551609039307e-01
5.344073063373562036e+03 4.070248305797576904e-01
5.346219748497005639e+03 4.070224165916442871e-01
5.348366433620449243e+03 4.070200920104980469e-01
5.350513118743892846e+03 4.070177376270294189e-01
5.352659803867336450e+03 4.070154428482055664e-01
5.354806488990780053e+03 4.070131182670593262e-01
5.356953174114223657e+03 4.070108234882354736e-01
5.359099859237667260e+03 4.070084989070892334e-01
5.361246544361110864e+03 4.070062637329101562e-01
5.363393229484554467e+03 4.070040285587310791e-01
5.365539914607998071e+03 4.070017635822296143e-01
5.367686599731441675e+03 4.069994986057281494e-01
5.369833284854885278e+03 4.069972932338714600e-01
5.371979969978328882e+03 4.069950878620147705e-01
5.374126655101772485e+03 4.069928526878356934e-01
5.376273340225216089e+03 4.069907367229461670e-01
5.378420025348659692e+03 4.069885611534118652e-01
5.380566710472103296e+03 4.069863855838775635e-01
5.382713395595546899e+03 4.069842696189880371e-01
5.384860080718990503e+03 4.069821536540985107e-01
5.387006765842434106e+03 4.069800972938537598e-01
5.389153450965877710e+03 4.069779813289642334e-01
5.391300136089321313e+03 4.069759249687194824e-01
5.393446821212764917e+03 4.069738686084747314e-01
5.395593506336208520e+03 4.069718718528747559e-01
5.397740191459652124e+03 4.069698154926300049e-01
5.399886876583095727e+03 4.069677889347076416e-01
5.402033561706539331e+03 4.069658517837524414e-01
5.404180246829982934e+03 4.069638252258300781e-01
5.406326931953426538e+03 4.069618582725524902e-01
5.408473617076870141e+03 4.069598913192749023e-01
5.410620302200313745e+03 4.069579243659973145e-01
5.412766987323757348e+03 4.069560170173645020e-01
5.414913672447200952e+03 4.069540202617645264e-01
5.417060357570644555e+03 4.069521725177764893e-01
5.419207042694088159e+03 4.069502055644989014e-01
5.421353727817531762e+03 4.069482982158660889e-01
5.423500412940975366e+03 4.069463908672332764e-01
5.425647098064418969e+03 4.069445431232452393e-01
5.427793783187862573e+03 4.069425761699676514e-01
5.429940468311306176e+03 4.069407284259796143e-01
5.432087153434749780e+03 4.069388508796691895e-01
5.434233838558193384e+03 4.069369733333587646e-01
5.436380523681636987e+03 4.069350957870483398e-01
5.438527208805080591e+03 4.069332480430603027e-01
5.440673893928524194e+03 4.069314002990722656e-01
5.442820579051967798e+03 4.069294929504394531e-01
5.444967264175411401e+03 4.069276452064514160e-01
5.447113949298855005e+03 4.069257676601409912e-01
5.449260634422298608e+03 4.069238901138305664e-01
5.451407319545742212e+03 4.069220125675201416e-01
5.453554004669185815e+03 4.069201648235321045e-01
5.455700689792629419e+03 4.069183170795440674e-01
5.457847374916073022e+03 4.069164097309112549e-01
5.459994060039516626e+03 4.069145619869232178e-01
5.462140745162960229e+03 4.069126844406127930e-01
5.464287430286403833e+03 4.069108068943023682e-01
5.466434115409847436e+03 4.069088995456695557e-01
5.468580800533291040e+03 4.069070219993591309e-01
5.470727485656734643e+03 4.069051146507263184e-01
5.472874170780178247e+03 4.069032669067382812e-01
5.475020855903621850e+03 4.069012999534606934e-01
5.477167541027065454e+03 4.068993926048278809e-01
5.479314226150509057e+03 4.068974554538726807e-01
5.481460911273952661e+03 4.068955183029174805e-01
5.483607596397396264e+03 4.068936109542846680e-01
5.485754281520839868e+03 4.068916738033294678e-01
5.487900966644283471e+03 4.068896770477294922e-01
5.490047651767727075e+03 4.068877398967742920e-01
5.492194336891170678e+03 4.068857431411743164e-01
5.494341022014614282e+03 4.068836867809295654e-01
5.496487707138057885e+03 4.068817496299743652e-01
5.498634392261501489e+03 4.068796932697296143e-01
5.500781077384945092e+03 4.068776667118072510e-01
5.502927762508388696e+03 4.068756103515625000e-01
5.505074447631832300e+03 4.068735837936401367e-01
5.507221132755275903e+03 4.068714678287506104e-01
5.509367817878719507e+03 4.068694114685058594e-01
5.511514503002163110e+03 4.068672955036163330e-01
5.513661188125606714e+03 4.068651199340820312e-01
5.515807873249050317e+03 4.068630039691925049e-01
5.517954558372493921e+03 4.068607985973358154e-01
5.520101243495937524e+03 4.068586230278015137e-01
5.522247928619381128e+03 4.068564474582672119e-01
5.524394613742824731e+03 4.068542420864105225e-01
5.526541298866268335e+03 4.068519771099090576e-01
5.528687983989711938e+03 4.068497121334075928e-01
5.530834669113155542e+03 4.068474173545837402e-01
5.532981354236599145e+03 4.068451225757598877e-01
5.535128039360042749e+03 4.068427979946136475e-01
5.537274724483486352e+03 4.068404436111450195e-01
5.539421409606929956e+03 4.068380594253540039e-01
5.541568094730373559e+03 4.068356752395629883e-01
5.543714779853817163e+03 4.068332612514495850e-01
5.545861464977260766e+03 4.068308174610137939e-01
5.548008150100704370e+03 4.068282842636108398e-01
5.550154835224147973e+03 4.068258106708526611e-01
5.552301520347591577e+03 4.068233072757720947e-01
5.554448205471035180e+03 4.068207144737243652e-01
5.556594890594478784e+03 4.068181514739990234e-01
5.558741575717922387e+03 4.068155288696289062e-01
5.560888260841365991e+03 4.068128764629364014e-01
5.563034945964809594e+03 4.068101644515991211e-01
5.565181631088253198e+03 4.068074822425842285e-01
5.567328316211696801e+03 4.068047702312469482e-01
5.569475001335140405e+03 4.068020284175872803e-01
5.571621686458584009e+03 4.067992269992828369e-01
5.573768371582027612e+03 4.067963361740112305e-01
5.575915056705471216e+03 4.067934751510620117e-01
5.578061741828914819e+03 4.067905843257904053e-01
5.580208426952358423e+03 4.067876636981964111e-01
5.582355112075802026e+03 4.067846834659576416e-01
5.584501797199245630e+03 4.067816734313964844e-01
5.586648482322689233e+03 4.067786633968353271e-01
5.588795167446132837e+03 4.067756235599517822e-01
5.590941852569576440e+03 4.067724049091339111e-01
5.593088537693020044e+03 4.067692458629608154e-01
5.595235222816463647e+03 4.067661166191101074e-01
5.597381907939907251e+03 4.067628383636474609e-01
5.599528593063350854e+03 4.067595601081848145e-01
5.601675278186794458e+03 4.067562818527221680e-01
5.603821963310238061e+03 4.067529141902923584e-01
5.605968648433681665e+03 4.067495167255401611e-01
5.608115333557125268e+03 4.067460894584655762e-01
5.610262018680568872e+03 4.067425727844238281e-01
5.612408703804012475e+03 4.067390859127044678e-01
5.614555388927456079e+03 4.067354798316955566e-01
5.616702074050899682e+03 4.067318737506866455e-01
5.618848759174343286e+03 4.067282378673553467e-01
5.620995444297786889e+03 4.067245423793792725e-01
5.623142129421230493e+03 4.067207574844360352e-01
5.625288814544674096e+03 4.067170619964599609e-01
5.627435499668117700e+03 4.067131578922271729e-01
5.629582184791561303e+03 4.067092835903167725e-01
5.631728869915004907e+03 4.067053794860839844e-01
5.633875555038448510e+03 4.067013561725616455e-01
5.636022240161892114e+03 4.066973328590393066e-01
5.638168925285335717e+03 4.066932201385498047e-01
5.640315610408779321e+03 4.066891074180603027e-01
5.642462295532222925e+03 4.066849350929260254e-01
5.644608980655666528e+03 4.066806733608245850e-01
5.646755665779110132e+03 4.066764116287231445e-01
5.648902350902553735e+03 4.066720008850097656e-01
5.651049036025997339e+03 4.066676497459411621e-01
5.653195721149440942e+03 4.066632390022277832e-01
5.655342406272884546e+03 4.066587090492248535e-01
5.657489091396328149e+03 4.066541194915771484e-01
5.659635776519771753e+03 4.066495299339294434e-01
5.661782461643215356e+03 4.066448211669921875e-01
5.663929146766658960e+03 4.066401124000549316e-01
5.666075831890102563e+03 4.066353142261505127e-01
5.668222517013546167e+03 4.066305160522460938e-01
5.670369202136989770e+03 4.066255986690521240e-01
5.672515887260433374e+03 4.066206514835357666e-01
5.674662572383876977e+03 4.066155850887298584e-01
5.676809257507320581e+03 4.066105186939239502e-01
5.678955942630764184e+03 4.066053628921508789e-01
5.681102627754207788e+03 4.066001772880554199e-01
5.683249312877651391e+03 4.065949618816375732e-01
5.685395998001094995e+03 4.065896272659301758e-01
5.687542683124538598e+03 4.065842032432556152e-01
5.689689368247982202e+03 4.065787494182586670e-01
5.691836053371425805e+03 4.065732359886169434e-01
5.693982738494869409e+03 4.065676331520080566e-01
5.696129423618313012e+03 4.065620005130767822e-01
5.698276108741756616e+03 4.065562784671783447e-01
5.700422793865200219e+03 4.065505266189575195e-01
5.702569478988643823e+03 4.065446853637695312e-01
5.704716164112087426e+03 4.065387547016143799e-01
5.706862849235531030e+03 4.065327644348144531e-01
5.709009534358974634e+03 4.065267145633697510e-01
5.711156219482417328e+03 4.065206050872802734e-01
5.713302904605860931e+03 4.065144360065460205e-01
5.715449589729304535e+03 4.065081775188446045e-01
5.717596274852748138e+03 4.065018296241760254e-01
5.719742959976191742e+03 4.064954221248626709e-01
5.721889645099635345e+03 4.064889550209045410e-01
5.724036330223078949e+03 4.064823687076568604e-01
5.726183015346522552e+03 4.064757525920867920e-01
5.728329700469966156e+03 4.064691066741943359e-01
5.730476385593409759e+03 4.064623117446899414e-01
5.732623070716853363e+03 4.064554572105407715e-01
5.734769755840296966e+03 4.064485430717468262e-01
5.736916440963740570e+03 4.064415693283081055e-01
5.739063126087184173e+03 4.064344763755798340e-01
5.741209811210627777e+03 4.064273238182067871e-01
5.743356496334071380e+03 4.064201116561889648e-01
5.745503181457514984e+03 4.064128398895263672e-01
5.747649866580958587e+03 4.064054489135742188e-01
5.749796551704402191e+03 4.063979983329772949e-01
5.751943236827845794e+03 4.063903987407684326e-01
5.754089921951289398e+03 4.063828289508819580e-01
5.756236607074733001e+03 4.063751101493835449e-01
5.758383292198176605e+03 4.063673019409179688e-01
5.760529977321620208e+03 4.063594639301300049e-01
5.762676662445063812e+03 4.063515067100524902e-01
5.764823347568507415e+03 4.063434600830078125e-01
5.766970032691951019e+03 4.063353538513183594e-01
5.769116717815394622e+03 4.063271582126617432e-01
5.771263402938838226e+03 4.063188433647155762e-01
5.773410088062281829e+03 4.063104987144470215e-01
5.775556773185725433e+03 4.063020348548889160e-01
5.777703458309169037e+03 4.062934815883636475e-01
5.779850143432612640e+03 4.062848091125488281e-01
5.781996828556056244e+03 4.062761068344116211e-01
5.784143513679499847e+03 4.062672853469848633e-01
5.786290198802943451e+03 4.062584340572357178e-01
5.788436883926387054e+03 4.062494039535522461e-01
5.790583569049830658e+03 4.062403440475463867e-01
5.792730254173274261e+03 4.062311947345733643e-01
5.794876939296717865e+03 4.062219262123107910e-01
5.797023624420161468e+03 4.062125384807586670e-01
5.799170309543605072e+03 4.062031209468841553e-01
5.801316994667048675e+03 4.061935842037200928e-01
5.803463679790492279e+03 4.061839580535888672e-01
5.805610364913935882e+03 4.061742424964904785e-01
5.807757050037379486e+03 4.061643481254577637e-01
5.809903735160823089e+03 4.061544835567474365e-01
5.812050420284266693e+03 4.061444401741027832e-01
5.814197105407710296e+03 4.061343371868133545e-01
5.816343790531153900e+03 4.061241149902343750e-01
5.818490475654597503e+03 4.061138033866882324e-01
5.820637160778041107e+03 4.061034321784973145e-01
5.822783845901484710e+03 4.060929119586944580e-01
5.824930531024928314e+03 4.060823321342468262e-01
5.827077216148371917e+03 4.060716032981872559e-01
5.829223901271815521e+03 4.060607850551605225e-01
5.831370586395259124e+03 4.060499370098114014e-01
5.833517271518702728e+03 4.060388803482055664e-01
5.835663956642146331e+03 4.060277938842773438e-01
5.837810641765589935e+03 4.060165584087371826e-01
5.839957326889033538e+03 4.060052335262298584e-01
5.842104012012477142e+03 4.059938788414001465e-01
