3.207560852142794374e+03 6.088586657718043924e-16
3.208697755227554353e+03 6.083498853742227312e-16
3.209834853925185598e+03 6.077099908668278448e-16
3.210972148072482923e+03 6.074012247463563162e-16
3.212109637506242052e+03 6.070554176699112558e-16
3.213247322063257343e+03 6.066447273254618323e-16
3.214385201580324065e+03 6.062244248818503398e-16
3.215523275894236576e+03 6.055924650647212009e-16
3.216661544841790146e+03 6.053790146037798860e-16
3.217800008259779588e+03 6.049273217759800488e-16
3.218938665984999716e+03 6.044754077553397320e-16
3.220077517854245798e+03 6.041326457476490705e-16
3.221216563704312193e+03 6.035447778719463088e-16
3.222355803371994625e+03 6.031786683875127094e-16
3.223495236694086998e+03 6.028590422610125902e-16
3.224634863507385035e+03 6.023795630334630638e-16
3.225774683648683549e+03 6.021537246237271065e-16
3.226914696954777355e+03 6.015595312690598089e-16
3.228054903262460357e+03 6.013861344409612968e-16
3.229195302408528732e+03 6.008808905929422224e-16
3.230335894229776841e+03 6.005006742849779273e-16
3.231476678562999950e+03 6.000903529603846382e-16
3.232617655244992875e+03 5.996848075350414344e-16
3.233758824112550428e+03 5.995269607356054544e-16
3.234900185002466969e+03 5.988673439832661614e-16
3.236041737751538676e+03 5.983954864605339052e-16
3.237183482196558998e+03 5.981553748086412627e-16
3.238325418174324568e+03 5.977715826953762531e-16
3.239467545521628836e+03 5.971797562203728667e-16
3.240609864075266614e+03 5.969196658380107909e-16
3.241752373672034082e+03 5.965055439169818535e-16
3.242895074148725143e+03 5.961961058470759960e-16
3.244037965342134612e+03 5.958226736519223024e-16
3.245181047089058666e+03 5.954569478639967647e-16
3.246324319226290754e+03 5.949279316631151788e-16
3.247467781590626601e+03 5.946476889495270139e-16
3.248611434018860109e+03 5.945618882904702771e-16
3.249755276347787458e+03 5.936925223521933299e-16
3.250899308414203006e+03 5.933533069900220967e-16
3.252043530054902021e+03 5.929372292942554841e-16
3.253187941106678863e+03 5.927344199141430045e-16
3.254332541406328801e+03 5.921634078178235981e-16
3.255477330790645738e+03 5.919799406316554400e-16
3.256622309096426306e+03 5.914284742404176737e-16
3.257767476160464867e+03 5.911340387347696259e-16
3.258912831819555777e+03 5.908148848400652928e-16
3.260058375910493851e+03 5.904967261858120925e-16
3.261204108270073903e+03 5.901724140658168569e-16
3.262350028735092110e+03 5.895409651169018248e-16
3.263496137142342377e+03 5.890527892954180035e-16
3.264642433328620427e+03 5.888977261703709795e-16
3.265788917130719256e+03 5.883542307145443043e-16
3.266935588385435494e+03 5.882311890295564076e-16
3.268082446929563503e+03 5.879818021725148595e-16
3.269229492599898549e+03 5.875133010209138590e-16
3.270376725233235447e+03 5.873915516916472116e-16
3.271524144666369011e+03 5.869012375427507444e-16
3.272671750736093600e+03 5.866376447181922932e-16
3.273819543279204481e+03 5.861113053725327922e-16
3.274967522132496924e+03 5.857403468673937686e-16
3.276115687132765743e+03 5.854746327930840919e-16
3.277264038116805750e+03 5.849699970090125960e-16
3.278412574921411760e+03 5.846802701720114335e-16
3.279561297383378587e+03 5.843669327944598138e-16
3.280710205339501044e+03 5.841288015234947297e-16
3.281859298626574400e+03 5.836883173645677994e-16
3.283008577081393014e+03 5.830246365106539500e-16
3.284158040540753518e+03 5.829468530978548139e-16
3.285307688841448453e+03 5.825663261775301972e-16
3.286457521820273541e+03 5.820921758450672063e-16
3.287607539314024507e+03 5.817403010230761807e-16
3.288757741159495708e+03 5.814624104937049942e-16
3.289908127193481505e+03 5.809737284959470209e-16
3.291058697252778074e+03 5.807539934700368056e-16
3.292209451174178866e+03 5.803817354250280589e-16
3.293360388794480059e+03 5.799279530432159424e-16
3.294511509950476011e+03 5.797822972678323256e-16
3.295662814478961536e+03 5.795304486955442316e-16
3.296814302216731448e+03 5.791805179445944940e-16
3.297965973000580561e+03 5.787063691999654256e-16
3.299117826667304598e+03 5.781596316174489235e-16
3.300269863053697463e+03 5.781396450523108732e-16
3.301422081996554880e+03 5.779317174973849182e-16
3.302574483332671662e+03 5.774827099386789560e-16
3.303727066898842168e+03 5.774555227628718605e-16
3.304879832531861211e+03 5.769281554266165948e-16
3.306032780068524517e+03 5.767101400366291113e-16
3.307185909345626442e+03 5.763766102966444667e-16
3.308339220199961801e+03 5.760232180324629205e-16
3.309492712468326772e+03 5.757883506797043833e-16
3.310646385987514350e+03 5.751635155633181967e-16
3.311800240594319803e+03 5.750008990633386194e-16
3.312954276125539309e+03 5.747216114124194637e-16
3.314108492417966772e+03 5.742843573381137514e-16
3.315262889308397916e+03 5.737303412401043257e-16
3.316417466633626191e+03 5.734675024525913175e-16
3.317572224230447773e+03 5.732709668175422000e-16
3.318727161935657477e+03 5.729899349239287427e-16
3.319882279586049208e+03 5.724093780774827466e-16
3.321037577018419142e+03 5.722729003834932894e-16
3.322193054069561640e+03 5.720173745581306607e-16
3.323348710576271969e+03 5.717733304787785293e-16
3.324504546375343125e+03 5.713216657490778399e-16
3.325660561303572649e+03 5.711130819227538551e-16
3.326816755197754446e+03 5.707923885281856410e-16
3.327973127894683330e+03 5.703682303489303955e-16
3.329129679231154114e+03 5.702809866069591548e-16
3.330286409043961612e+03 5.698747312657408959e-16
3.331443317169900638e+03 5.696414980455214251e-16
3.332600403445767370e+03 5.692558672318038181e-16
3.333757667708355257e+03 5.688480399765349595e-16
3.334915109794459568e+03 5.686771086215221993e-16
3.336072729540875571e+03 5.684854659895254476e-16
3.337230526784397625e+03 5.679256908635005848e-16
3.338388501361820545e+03 5.675426838235016794e-16
3.339546653109940053e+03 5.673501700565948616e-16
3.340704981865551417e+03 5.669677471832916068e-16
3.341863487465448088e+03 5.666082078047169290e-16
3.343022169746425334e+03 5.664434544298318081e-16
3.344181028545278878e+03 5.659520315843855015e-16
3.345340063698802624e+03 5.656936457351829264e-16
3.346499275043792750e+03 5.653330329504101960e-16
3.347658662417043161e+03 5.652075612147480872e-16
3.348818225655349124e+03 5.647610963749555974e-16
3.349977964595505000e+03 5.646627581999113018e-16
3.351137879074306511e+03 5.641841971846203744e-16
3.352297968928547562e+03 5.639389055345153358e-16
3.353458233995024329e+03 5.636063131692764698e-16
3.354618674110531174e+03 5.633446247075438756e-16
3.355779289111862454e+03 5.629536102173585406e-16
3.356940078835813893e+03 5.628688441105570854e-16
3.358101043119179849e+03 5.624112148514291714e-16
3.359262181798755137e+03 5.623484308362307636e-16
3.360423494711335479e+03 5.617427554736607131e-16
3.361584981693715235e+03 5.616188996664949945e-16
3.362746642582689219e+03 5.613974861486526435e-16
3.363908477215052244e+03 5.610548987595225579e-16
3.365070485427599124e+03 5.605407745685221657e-16
3.366232667057126037e+03 5.601898882486251117e-16
3.367395021940426886e+03 5.601211292203822882e-16
3.368557549914295578e+03 5.598018290533472028e-16
3.369720250815528743e+03 5.593827950631684507e-16
3.370883124480920287e+03 5.593002292691351571e-16
3.372046170747265478e+03 5.587920723126104068e-16
3.373209389451359584e+03 5.586647814490764618e-16
3.374372780429996965e+03 5.582861948260542384e-16
3.375536343519972434e+03 5.581652236284113186e-16
3.376700078558081714e+03 5.576872361787195153e-16
3.377863985381118255e+03 5.575058819743512260e-16
3.379028063825878689e+03 5.573111381982925441e-16
3.380192313729156922e+03 5.571520515386968781e-16
3.381356734927747311e+03 5.569169967244131917e-16
3.382521327258446490e+03 5.563721179946726050e-16
3.383686090558047454e+03 5.564075921974466412e-16
3.384851024663346834e+03 5.560064247333320684e-16
3.386016129411138536e+03 5.558742631076083975e-16
3.387181404638217828e+03 5.554436563529697590e-16
3.388346850181378613e+03 5.551396758459706318e-16
3.389512465877417071e+03 5.548437185859271673e-16
3.390678251563128015e+03 5.543996262522136069e-16
3.391844207075305803e+03 5.542607768574089103e-16
3.393010332250745250e+03 5.537711010365569409e-16
3.394176626926241624e+03 5.537140339806409806e-16
3.395343090938590194e+03 5.533930535084462032e-16
3.396509724124584864e+03 5.530296952227318108e-16
3.397676526321021356e+03 5.526760441022547556e-16
3.398843497364694940e+03 5.525942584687725609e-16
3.400010637092399520e+03 5.522625409952864384e-16
3.401177945340929909e+03 5.520421450043225646e-16
3.402345421947082286e+03 5.517017054313703042e-16
3.403513066747650100e+03 5.513187683835151204e-16
3.404680879579429529e+03 5.510965126947248498e-16
3.405848860279214932e+03 5.507536287932967917e-16
3.407017008683801123e+03 5.509529459751907102e-16
3.408185324629982460e+03 5.502043047166299813e-16
3.409353807954554668e+03 5.504293800828378553e-16
3.410522458494312559e+03 5.496759854113236359e-16
3.411691276086051403e+03 5.495237162584573037e-16
3.412860260566566012e+03 5.492755270825675862e-16
3.414029411772649837e+03 5.491967045415622923e-16
3.415198729541099055e+03 5.486787736186556429e-16
3.416368213708708936e+03 5.485718128492609939e-16
3.417537864112273382e+03 5.484944757827578310e-16
3.418707680588588119e+03 5.478180213861019321e-16
3.419877662974447503e+03 5.479497267141841071e-16
3.421047811106646805e+03 5.473606539474731488e-16
3.422218124821980382e+03 5.471027948101114626e-16
3.423388603957243959e+03 5.471557750432305360e-16
3.424559248349231893e+03 5.468057559066083348e-16
3.425730057834739455e+03 5.465433739016930082e-16
3.426901032250561002e+03 5.460929815836755614e-16
3.428072171433491803e+03 5.460698396704960005e-16
3.429243475220326673e+03 5.459410692518612357e-16
3.430414943447860878e+03 5.453368926786614840e-16
3.431586575952888325e+03 5.451463571708797938e-16
3.432758372572205189e+03 5.450269504505246361e-16
3.433930333142605832e+03 5.449417032943085076e-16
3.435102457500885066e+03 5.446969827387301230e-16
3.436274745483837251e+03 5.442721761886453270e-16
3.437447196928258563e+03 5.440538611784377240e-16
3.438619811670943363e+03 5.437437037249271013e-16
3.439792589548686010e+03 5.434480495965478791e-16
3.440965530398282226e+03 5.432821297978295791e-16
3.442138634056525916e+03 5.432463077212068296e-16
3.443311900360213258e+03 5.426171605606293920e-16
3.444485329146138611e+03 5.424835646890869816e-16
3.445658920251097243e+03 5.422667908837281542e-16
3.446832673511882149e+03 5.419712938112578821e-16
3.448006588765290871e+03 5.418263245949951053e-16
3.449180665848116405e+03 5.418150353246560044e-16
3.450354904597154928e+03 5.411853480891155788e-16
3.451529304849200798e+03 5.412526485224015845e-16
3.452703866441048376e+03 5.406062141212449569e-16
3.453878589209493839e+03 5.403017205248724583e-16
3.455053472991331091e+03 5.401844759542119850e-16
3.456228517623355401e+03 5.401051203296594556e-16
3.457403722942361583e+03 5.397441515710041792e-16
3.458579088785144450e+03 5.395493774239567421e-16
3.459754614988499270e+03 5.394896754114196327e-16
3.460930301389220404e+03 5.391081494860430545e-16
3.462106147824103573e+03 5.387711332945692699e-16
3.463282154129943592e+03 5.387962987209391280e-16
3.464458320143534365e+03 5.385286369571811085e-16
3.465634645701671161e+03 5.384400337023982818e-16
3.466811130641149703e+03 5.380031142557358638e-16
3.467987774798763439e+03 5.378483331559536767e-16
3.469164578011309004e+03 5.373145311688328402e-16
3.470341540115580756e+03 5.370589179911067289e-16
3.471518660948372599e+03 5.371186666481302917e-16
3.472695940346480256e+03 5.367789960409519595e-16
3.473873378146698997e+03 5.365113804754085658e-16
3.475050974185822724e+03 5.363405358293338642e-16
3.476228728300647163e+03 5.361881418925190043e-16
3.477406640327967125e+03 5.360730260362557704e-16
3.478584710104576516e+03 5.355951001861224227e-16
3.479762937467272423e+03 5.351697527109249604e-16
3.480941322252847385e+03 5.350520329351364798e-16
3.482119864298097582e+03 5.349967689607589880e-16
3.483298563439818281e+03 5.348916341479440411e-16
3.484477419514803387e+03 5.343573101618551878e-16
3.485656432359847713e+03 5.340751425694774253e-16
3.486835601811746983e+03 5.338981810359203969e-16
3.488014927707295556e+03 5.338602576913592301e-16
3.489194409883289154e+03 5.335334876044664606e-16
3.490374048176522138e+03 5.338967490180283625e-16
3.491553842423788865e+03 5.335047984214709039e-16
3.492733792461884605e+03 5.332028940504628583e-16
3.493913898127605080e+03 5.327794442509117389e-16
3.495094159257744195e+03 5.325558998036294155e-16
3.496274575689097219e+03 5.322757157640342946e-16
3.497455147258458965e+03 5.320549962661354845e-16
3.498635873802624246e+03 5.319620514292772152e-16
3.499816755158388332e+03 5.315246568882635686e-16
3.500997791162546037e+03 5.311537322166779250e-16
3.502178981651892627e+03 5.309795646334247992e-16
3.503360326463222009e+03 5.307637604109288708e-16
3.504541825433329450e+03 5.307406408238051804e-16
3.505723478399010673e+03 5.304531603297777737e-16
3.506905285197059129e+03 5.299826297845982809e-16
3.508087245664270995e+03 5.298987388731023580e-16
3.509269359637441084e+03 5.297037388814803604e-16
3.510451626953363757e+03 5.293804818865375321e-16
3.511634047448833371e+03 5.293178210380289218e-16
3.512816620960646560e+03 5.291013282594539619e-16
3.513999347325596773e+03 5.286811846119936634e-16
3.515182226380479733e+03 5.283132518163316317e-16
3.516365257962090254e+03 5.282537616778435123e-16
3.517548441907221786e+03 5.280611314306120109e-16
3.518731778052671871e+03 5.278725781105204245e-16
3.519915266235233503e+03 5.275666420047478233e-16
3.521098906291701496e+03 5.274237602637249893e-16
3.522282698058872484e+03 5.268445896268692451e-16
3.523466641373539915e+03 5.266444238811427087e-16
3.524650736072498148e+03 5.265145025707984205e-16
3.525834981992543817e+03 5.262051792782764879e-16
3.527019378970470370e+03 5.261450968196281526e-16
3.528203926843073987e+03 5.260590329545356282e-16
3.529388625447149025e+03 5.258898175104508148e-16
3.530573474619490298e+03 5.253968817894341186e-16
3.531758474196892166e+03 5.249785964909868099e-16
3.532943624016149897e+03 5.248600759374188944e-16
3.534128923914059214e+03 5.247079034346583587e-16
3.535314373727414022e+03 5.243332646070013163e-16
3.536499973293010044e+03 5.244169950275377522e-16
3.537685722447641183e+03 5.240409373428075927e-16
3.538871621028103164e+03 5.236990552569482498e-16
3.540057668871190344e+03 5.237377459587697294e-16
3.541243865813698449e+03 5.235635327305195795e-16
3.542430211692421835e+03 5.232923261561003526e-16
3.543616706344155318e+03 5.229277722961828027e-16
3.544803349605693711e+03 5.230573225433942053e-16
3.545990141313832282e+03 5.227162592372115637e-16
3.547177081305365846e+03 5.222079332773135957e-16
3.548364169417089215e+03 5.220372962909149535e-16
3.549551405485797659e+03 5.218448507789149763e-16
3.550738789348285536e+03 5.218754946219029464e-16
3.551926320841348115e+03 5.219010112790270991e-16
3.553113999801779300e+03 5.215793544623632932e-16
3.554301826066375725e+03 5.215516739360990510e-16
3.555489799471931747e+03 5.216614304376236630e-16
3.556677919855241726e+03 5.211279397201533942e-16
3.557866187053100475e+03 5.210229962612337606e-16
3.559054600902303264e+03 5.206084442225000496e-16
3.560243161239645360e+03 5.201126353345746490e-16
3.561431867901921123e+03 5.202553961557122265e-16
3.562620720725925821e+03 5.198898803684277977e-16
3.563809719548453813e+03 5.197939028195735668e-16
3.564998864206300368e+03 5.195348007382557807e-16
3.566188154536260299e+03 5.192594680428882354e-16
3.567377590375129330e+03 5.189012399171997635e-16
3.568567171559701364e+03 5.187843742000141070e-16
3.569756897926771671e+03 5.186028604957439215e-16
3.570946769313134610e+03 5.183790919217925863e-16
3.572136785555586357e+03 5.180656183800576192e-16
3.573326946490919909e+03 5.178474904361037870e-16
3.574517251955931897e+03 5.176157107754586525e-16
3.575707701787417136e+03 5.172959564463342489e-16
3.576898295822169530e+03 5.173259754041066223e-16
3.578089033896984347e+03 5.164268660975804022e-16
3.579279915848656856e+03 5.166742718386427736e-16
3.580470941513981415e+03 5.162875567308280767e-16
3.581662110729753749e+03 5.159397388363544396e-16
3.582853423332767761e+03 5.157457348233904395e-16
3.584044879159819175e+03 5.158322891452293955e-16
3.585236478047703258e+03 5.155222089368628467e-16
3.586428219833213006e+03 5.153768590604975045e-16
3.587620104353145052e+03 5.151997450676890150e-16
3.588812131444294664e+03 5.148020280135509471e-16
3.590004300943454837e+03 5.146958116432067582e-16
3.591196612687422203e+03 5.145083218511721200e-16
3.592389066512990212e+03 5.138988172805707902e-16
3.593581662256955497e+03 5.137917884702584708e-16
3.594774399756111961e+03 5.135875081530976323e-16
3.595967278847254875e+03 5.134851318518581506e-16
3.597160299367177686e+03 5.130098330017406396e-16
3.598353461152677482e+03 5.131956848842993732e-16
3.599546764040547714e+03 5.129906559694263937e-16
3.600740207867584104e+03 5.125495340881383258e-16
3.601933792470581011e+03 5.127087803596209057e-16
3.603127517686333704e+03 5.121312887722840051e-16
3.604321383351636996e+03 5.122400032999420508e-16
3.605515389303285701e+03 5.120210095170134037e-16
3.606709535378074179e+03 5.117343922655999736e-16
3.607903821412799061e+03 5.114382552485331945e-16
3.609098247244253344e+03 5.114314133792535693e-16
3.610292812709232749e+03 5.111316702779386527e-16
3.611487517644532090e+03 5.110097306399064577e-16
3.612682361886946637e+03 5.107054462490926141e-16
3.613877345273270748e+03 5.105107681514422688e-16
3.615072467640299692e+03 5.102677450561176108e-16
3.616267728824828737e+03 5.102796528518088346e-16
3.617463128663651332e+03 5.097326571967267800e-16
3.618658666993564566e+03 5.095717758391276063e-16
3.619854343651360978e+03 5.095286856386078096e-16
3.621050158473837655e+03 5.089756274434619817e-16
3.622246111297787593e+03 5.088707268027024667e-16
3.623442201960006969e+03 5.090428151738872982e-16
3.624638430297290597e+03 5.086660748258435299e-16
3.625834796146432382e+03 5.085820307694233746e-16
3.627031299344228955e+03 5.085935024082813193e-16
3.628227939727473768e+03 5.082835030281949421e-16
3.629424717132961632e+03 5.079545272963542495e-16
3.630621631397489182e+03 5.079651812478328300e-16
3.631818682357849411e+03 5.077268667294637821e-16
3.633015869850838044e+03 5.075223591481501099e-16
3.634213193713250348e+03 5.071827330624646203e-16
3.635410653781880683e+03 5.070447968185505687e-16
3.636608249893523407e+03 5.069703701175874731e-16
3.637805981884974699e+03 5.068025235735560835e-16
3.639003849593028917e+03 5.068256951072762873e-16
3.640201852854480876e+03 5.063459375491755928e-16
3.641399991506125389e+03 5.062009646436161564e-16
3.642598265384758179e+03 5.061615584812630353e-16
3.643796674327172695e+03 5.056787764932008753e-16
3.644995218170165117e+03 5.057157512551739784e-16
3.646193896750529348e+03 5.058297245995796552e-16
3.647392709905061110e+03 5.052821679236358609e-16
3.648591657470554765e+03 5.051829202668240400e-16
3.649790739283805578e+03 5.049396502560628109e-16
3.650989955181608821e+03 5.048589515400079238e-16
3.652189305000758395e+03 5.044384186483230842e-16
3.653388788578050026e+03 5.045054049643385830e-16
3.654588405750278525e+03 5.041022228534457179e-16
3.655788156354238254e+03 5.037250165989958242e-16
3.656988040226724479e+03 5.033402471371048195e-16
3.658188057204532470e+03 5.036357718735306552e-16
3.659388207124456585e+03 5.030351368404994379e-16
3.660588489823292093e+03 5.030987098564229430e-16
3.661788905137833808e+03 5.027506701723278603e-16
3.662989452904876089e+03 5.025695274218407324e-16
3.664190132961214658e+03 5.026953152101378716e-16
3.665390945143643876e+03 5.023799275967776569e-16
3.666591889288959010e+03 5.019010938984470869e-16
3.667792965233954874e+03 5.019724317328942079e-16
3.668994172815427191e+03 5.017710655919018340e-16
3.670195511870168502e+03 5.015739575425416521e-16
3.671396982234975894e+03 5.014030723601060315e-16
3.672598583746643726e+03 5.011737033467388811e-16
3.673800316241966812e+03 5.008304027415492305e-16
3.675002179557739510e+03 5.009250676800231244e-16
3.676204173530757998e+03 5.005700294457298224e-16
3.677406297997815727e+03 5.005730348066230875e-16
3.678608552795708420e+03 5.003256179576193816e-16
3.679810937761230889e+03 5.000184824979204293e-16
3.681013452731178404e+03 5.000482209737436079e-16
3.682216097542345778e+03 4.994327293779306317e-16
3.683418872031527371e+03 4.993840094395247881e-16
3.684621776035517996e+03 4.991800182424415239e-16
3.685824809391113376e+03 4.990983586175445981e-16
3.687027971935107416e+03 4.989013079223780615e-16
3.688231263504295839e+03 4.987941905537064002e-16
3.689434683935473458e+03 4.986317789615085517e-16
3.690638233065435088e+03 4.983448816134053784e-16
3.691841910730975087e+03 4.983750671312725342e-16
3.693045716768889179e+03 4.980598795096904792e-16
3.694249651015972177e+03 4.977902336524193914e-16
3.695453713309018895e+03 4.975111394980691686e-16
3.696657903484823237e+03 4.973441808466166152e-16
3.697862221380181836e+03 4.968476533363496475e-16
3.699066666831887687e+03 4.968773037789491168e-16
3.700271239676737878e+03 4.967405806266729330e-16
3.701475939751525402e+03 4.968458887663942337e-16
3.702680766893046894e+03 4.963655826836770165e-16
3.703885720938095346e+03 4.963814897355138906e-16
3.705090801723466939e+03 4.959291753045122458e-16
3.706296009085956030e+03 4.956668823042660526e-16
3.707501342862358342e+03 4.959897412450548741e-16
3.708706802889468236e+03 4.958603827642956834e-16
3.709912389004080069e+03 4.957677680312277839e-16
3.711118101042989565e+03 4.955143670306106451e-16
3.712323938842991083e+03 4.955598274802259607e-16
3.713529902240879892e+03 4.950736530180574888e-16
3.714735991073451714e+03 4.947136466074039254e-16
3.715942205177499090e+03 4.946718503480285417e-16
3.717148544389819563e+03 4.943588880891889822e-16
3.718355008547206126e+03 4.940189670459302601e-16
3.719561597486454957e+03 4.942653437930578950e-16
3.720768311044360416e+03 4.938298855145166782e-16
3.721975149057717317e+03 4.939783941374634160e-16
3.723182111363320018e+03 4.936472447789012680e-16
3.724389197797965153e+03 4.935302705296730674e-16
3.725596408198445715e+03 4.932825992045545970e-16
3.726803742401558338e+03 4.928979076051469392e-16
3.728011200244096472e+03 4.927690209676583960e-16
3.729218781562855384e+03 4.923553826356430752e-16
3.730426486194630797e+03 4.922884800910661383e-16
3.731634313976216617e+03 4.918957081850195448e-16
3.732842264744408112e+03 4.917903661702585705e-16
3.734050338336000550e+03 4.918808960056849991e-16
3.735258534587788745e+03 4.918050922197509457e-16
3.736466853336567056e+03 4.917267902724994679e-16
3.737675294419130751e+03 4.920386678751089293e-16
3.738883857672274644e+03 4.915078960248460396e-16
3.740092542932794004e+03 4.914260570576330340e-16
3.741301350037483644e+03 4.914042811476280175e-16
3.742510278823137924e+03 4.909450845202631326e-16
3.743719329126552111e+03 4.907943352879557684e-16
3.744928500784521020e+03 4.903649432628889834e-16
3.746137793633839465e+03 4.900364854103669349e-16
3.747347207511302713e+03 4.899911603195700067e-16
3.748556742253706034e+03 4.899193268819932561e-16
3.749766397697842876e+03 4.899722893244435159e-16
3.750976173680510328e+03 4.901119655653190551e-16
3.752186070038501384e+03 4.895454264040466595e-16
3.753396086608611313e+03 4.893548423549101087e-16
3.754606223227635383e+03 4.889999606430635986e-16
3.755816479732368862e+03 4.887919515438731149e-16
3.757026855959605655e+03 4.884353318441651600e-16
3.758237351746141485e+03 4.882058539323982059e-16
3.759447966928771166e+03 4.882026014196098771e-16
3.760658701344289511e+03 4.880364276385223880e-16
3.761869554829491790e+03 4.879910178515775381e-16
3.763080527221171451e+03 4.876564429580982030e-16
3.764291618356125127e+03 4.878796685086275077e-16
3.765502828071146723e+03 4.875416935130616047e-16
3.766714156203032417e+03 4.870431018149014755e-16
3.767925602588575657e+03 4.870710279518318737e-16
3.769137167064571713e+03 4.866087646031993736e-16
3.770348849467815398e+03 4.866987855096803902e-16
3.771560649635101981e+03 4.865533444256368604e-16
3.772772567403226276e+03 4.861234335675948205e-16
3.773984602608984005e+03 4.859556410496612867e-16
3.775196755089168619e+03 4.856493162193850358e-16
3.776409024680575385e+03 4.854036686551835429e-16
3.777621411220000027e+03 4.854621781547085077e-16
3.778833914544236450e+03 4.852463029274473595e-16
3.780046534490080376e+03 4.852203465237936626e-16
3.781259270894326619e+03 4.850866082726617245e-16
3.782472123593769538e+03 4.848000426479166471e-16
3.783685092425203493e+03 4.848372633229612967e-16
3.784898177225425570e+03 4.847519824322719290e-16
3.786111377831228310e+03 4.846117054288011109e-16
3.787324694079408346e+03 4.843756534963289447e-16
3.788538125806760036e+03 4.841553567228893851e-16
3.789751672850077739e+03 4.841192600188001339e-16
3.790965335046156724e+03 4.837963162805064986e-16
3.792179112231792715e+03 4.834840331577301178e-16
3.793393004243778250e+03 4.836619185279225441e-16
3.794607010918911328e+03 4.834959878932782228e-16
3.795821132093984943e+03 4.831742094458190525e-16
3.797035367605793908e+03 4.827727036557505079e-16
3.798249717291134402e+03 4.825516409965329980e-16
3.799464180986799875e+03 4.822723260477490017e-16
3.800678758529586503e+03 4.823148622523318473e-16
3.801893449756288646e+03 4.819408373370968161e-16
3.803108254503701119e+03 4.821970384180579479e-16
3.804323172608618734e+03 4.819161964045577148e-16
3.805538203907836760e+03 4.815900566858631942e-16
3.806753348238149556e+03 4.815193218202100669e-16
3.807968605436352846e+03 4.813459586031058755e-16
3.809183975339240988e+03 4.811354679696627289e-16
3.810399457783608796e+03 4.810991767417796535e-16
3.811615052606251538e+03 4.807550438408054349e-16
3.812830759643964029e+03 4.810659971580202939e-16
3.814046578733541082e+03 4.804730432154484642e-16
3.815262509711777511e+03 4.803814186908459526e-16
3.816478552415468130e+03 4.804930520865024702e-16
3.817694706681408661e+03 4.800508764803483908e-16
3.818910972346393464e+03 4.799738762513376908e-16
3.820127349247216443e+03 4.797333376709279138e-16
3.821343837220674232e+03 4.799359558225554258e-16
3.822560436103561187e+03 4.798466479877239136e-16
3.823777145732671215e+03 4.790922631887342889e-16
3.824993965944800493e+03 4.789496246195757639e-16
3.826210896576742925e+03 4.788749384524422853e-16
3.827427937465295145e+03 4.786885475389670263e-16
3.828645088447250146e+03 4.785775856469488904e-16
3.829862349359403197e+03 4.786516670704701607e-16
3.831079720038550022e+03 4.783301875191649715e-16
3.832297200321484979e+03 4.781144017536651947e-16
3.833514790045002428e+03 4.779010036532574039e-16
3.834732489045898546e+03 4.777329037997176077e-16
3.835950297160967693e+03 4.775902858900892958e-16
3.837168214227004228e+03 4.772276341205162311e-16
3.838386240080803873e+03 4.774706974578340226e-16
3.839604374559160988e+03 4.773638314637596420e-16
3.840822617498870841e+03 4.776527168138972847e-16
3.842040968736728246e+03 4.769137941756830511e-16
3.843259428109527562e+03 4.768441473921919184e-16
3.844477995454064512e+03 4.765573441481708190e-16
3.845696670607133910e+03 4.765793826332374810e-16
3.846915453405529661e+03 4.761412541707241266e-16
3.848134343686048396e+03 4.759586128851138087e-16
3.849353341285483566e+03 4.757095986504127857e-16
3.850572446040630894e+03 4.759432500330820708e-16
3.851791657788284738e+03 4.759684445538652423e-16
3.853010976365240367e+03 4.755731263920609157e-16
3.854230401608292141e+03 4.752970707369712001e-16
3.855449933354235782e+03 4.754660787344186453e-16
3.856669571439865649e+03 4.749934094430755710e-16
3.857889315701976557e+03 4.752464847165323230e-16
3.859109165977364228e+03 4.749497407653118335e-16
3.860329122102822112e+03 4.747261722883049594e-16
3.861549183915146841e+03 4.742663350901268482e-16
3.862769351251132775e+03 4.742411679001492778e-16
3.863989623947573818e+03 4.739638907141701782e-16
3.865210001841265694e+03 4.737805576098333775e-16
3.866430484769003215e+03 4.738916152794886858e-16
3.867651072567581650e+03 4.735950028362867268e-16
3.868871765073795359e+03 4.731616650116494808e-16
3.870092562124439155e+03 4.726819007848213204e-16
3.871313463556308761e+03 4.729328157232662940e-16
3.872534469206198082e+03 4.731869977553528470e-16
3.873755578910902386e+03 4.729177813566188963e-16
3.874976792507216942e+03 4.723388729864746498e-16
3.876198109831936563e+03 4.721740412270749142e-16
3.877419530721855608e+03 4.721411984750231033e-16
3.878641055013770256e+03 4.714200115757164024e-16
3.879862682544473500e+03 4.715176800204146766e-16
3.881084413150761975e+03 4.708612043516973479e-16
3.882306246669429584e+03 4.710849379234149312e-16
3.883528182937272049e+03 4.708339884339196784e-16
3.884750221791083277e+03 4.711947380249968974e-16
3.885972363067658989e+03 4.706274347253603298e-16
3.887194606603793090e+03 4.709103515976349574e-16
3.888416952236281759e+03 4.704437469441317507e-16
3.889639399801919353e+03 4.704195383822508389e-16
3.890861949137500687e+03 4.698332346868047607e-16
3.892084600079820575e+03 4.698623457520663407e-16
3.893307352465674740e+03 4.694099275620673616e-16
3.894530206131856175e+03 4.692299840595504365e-16
3.895753160915162425e+03 4.692217689017479829e-16
3.896976216652386483e+03 4.690559182994067123e-16
3.898199373180323164e+03 4.688492424955546252e-16
3.899422630335769099e+03 4.689345375016405161e-16
3.900645987955517285e+03 4.685097325270242480e-16
3.901869445876363898e+03 4.688958606963285493e-16
3.903093003935103297e+03 4.683084917214626082e-16
3.904316661968530298e+03 4.685706467514745599e-16
3.905540419813440167e+03 4.681616350688830386e-16
3.906764277306628173e+03 4.676848572811230989e-16
3.907988234284887767e+03 4.677261460518190238e-16
3.909212290585015580e+03 4.679441292908890994e-16
3.910436446043805972e+03 4.675572459203797479e-16
3.911660700498052393e+03 4.674068639104842937e-16
3.912885053784551928e+03 4.670698325059222207e-16
3.914109505740098029e+03 4.670162023011192293e-16
3.915334056201486419e+03 4.667146374896650328e-16
3.916558705005511911e+03 4.671290829117137317e-16
3.917783451988968409e+03 4.665751184561278873e-16
3.919008296988652546e+03 4.664920321227475281e-16
3.920233239841357772e+03 4.664555947408234917e-16
3.921458280383879355e+03 4.661662498686800257e-16
3.922683418453013019e+03 4.664225223516608535e-16
3.923908653885552667e+03 4.659018071331950692e-16
3.925133986518293113e+03 4.657530955271999436e-16
3.926359416188030536e+03 4.653868623952946182e-16
3.927584942731557931e+03 4.651545447237297144e-16
3.928810565985672383e+03 4.645666395000411461e-16
3.930036285787167344e+03 4.648519215700521099e-16
3.931262101972838082e+03 4.645308372189006813e-16
3.932488014379479409e+03 4.644315375960488980e-16
3.933714022843886596e+03 4.643494997607691872e-16
3.934940127202854001e+03 4.641541406032138338e-16
3.936166327293176892e+03 4.634021845975391380e-16
3.937392622951650537e+03 4.632198084881622707e-16
3.938619014015068387e+03 4.631097228647213555e-16
3.939845500320227529e+03 4.625776870362380780e-16
3.941072081703921413e+03 4.626472057890471200e-16
3.942298758002944851e+03 4.622068543770208102e-16
3.943525529054093113e+03 4.622362216669231283e-16
3.944752394694161467e+03 4.618329760891144897e-16
3.945979354759944272e+03 4.621921064469117493e-16
3.947206409088237251e+03 4.618874432059906375e-16
3.948433557515833854e+03 4.621927157305006073e-16
3.949660799879530714e+03 4.621945744020027947e-16
3.950888136016121734e+03 4.618922061758936123e-16
3.952115565762401729e+03 4.616737536404548111e-16
3.953343088955165967e+03 4.614561273857038321e-16
3.954570705431208808e+03 4.617008797747774778e-16
3.955798415027325973e+03 4.623792872382659717e-16
3.957026217580312732e+03 4.612687900204994579e-16
3.958254112926962080e+03 4.609690177079154871e-16
3.959482100904070649e+03 4.609077580388308878e-16
3.960710181348432798e+03 4.609361368015413288e-16
3.961938354096843341e+03 4.606081984221205485e-16
3.963166618986097546e+03 4.605700179196216453e-16
3.964394975852989774e+03 4.603699791630536129e-16
3.965623424534314836e+03 4.599101224713898790e-16
3.966851964866868911e+03 4.598901727741356065e-16
3.968080596687445450e+03 4.599553098674835360e-16
3.969309319832839719e+03 4.592214464005542333e-16
3.970538134139847443e+03 4.588199781767748471e-16
3.971767039445263435e+03 4.588102126060661114e-16
3.972996035585880691e+03 4.585116284987965457e-16
3.974225122398496296e+03 4.585768256418560134e-16
3.975454299719903702e+03 4.579859321630105684e-16
3.976683567386899995e+03 4.580063989003525291e-16
3.977912925236277715e+03 4.575599720319522481e-16
3.979142373104831677e+03 4.573430881818872138e-16
3.980371910829359422e+03 4.573971312850572953e-16
3.981601538246653490e+03 4.572525506201615406e-16
3.982831255193508696e+03 4.579016935252122080e-16
3.984061061506722126e+03 4.572865130396063180e-16
3.985290957023086776e+03 4.573858208264849225e-16
3.986520941579397459e+03 4.574426604407787015e-16
3.987751015012450353e+03 4.576982678080472634e-16
3.988981177159039817e+03 4.570747510158395406e-16
3.990211427855960665e+03 4.571384804194744658e-16
3.991441766940007255e+03 4.568330185556139433e-16
3.992672194247975312e+03 4.563889658636998393e-16
3.993902709616660104e+03 4.565405558025700435e-16
3.995133312882855080e+03 4.562553528358361238e-16
3.996364003883355963e+03 4.563872415316445541e-16
3.997594782454958477e+03 4.561286298910642537e-16
3.998825648434456525e+03 4.558623678266895307e-16
4.000056601658644468e+03 4.561918111427960638e-16
4.001287641964318937e+03 4.555679464678069613e-16
4.002518769188272472e+03 4.556397845531940975e-16
4.003749983167302616e+03 4.551255494532445244e-16
4.004981283738202819e+03 4.553155093134668684e-16
4.006212670737767894e+03 4.551707736264799794e-16
4.007444144002793564e+03 4.548940336534998737e-16
4.008675703370074643e+03 4.546929280871403604e-16
4.009907348676404581e+03 4.546620132227454954e-16
4.011139079758579555e+03 4.544913098944315534e-16
4.012370896453394835e+03 4.543582391333773013e-16
4.013602798597643869e+03 4.540058238328363293e-16
4.014834786028123290e+03 4.542605709296482262e-16
4.016066858581626548e+03 4.539503477370136012e-16
4.017299016094949820e+03 4.537312169264350689e-16
4.018531258404887012e+03 4.536546127107942277e-16
4.019763585348232937e+03 4.537819574804008419e-16
4.020995996761783772e+03 4.537179732864415427e-16
4.022228492482333422e+03 4.534468500631975970e-16
4.023461072346676701e+03 4.531310386629074283e-16
4.024693736191608878e+03 4.526835048624223146e-16
4.025926483853924765e+03 4.530696036338959020e-16
4.027159315170419177e+03 4.526080717331983322e-16
4.028392229977887837e+03 4.526594722553107690e-16
4.029625228113124194e+03 4.524075542450070979e-16
4.030858309412923973e+03 4.523863862284772127e-16
4.032091473714081985e+03 4.521370147527059426e-16
4.033324720853393956e+03 4.518283414171062697e-16
4.034558050667653333e+03 4.517496796243508984e-16
4.035791462993655841e+03 4.518542907905602621e-16
4.037024957668195839e+03 4.515877894863709993e-16
4.038258534528069049e+03 4.512273193743235786e-16
4.039492193410070286e+03 4.509722250675173261e-16
4.040725934150992998e+03 4.509173113018939619e-16
4.041959756587634729e+03 4.506340380363176874e-16
4.043193660556787563e+03 4.504411274704411579e-16
4.044427645895248588e+03 4.506503959149967703e-16
4.045661712439811708e+03 4.504069423628163140e-16
4.046895860027272192e+03 4.505325090758386894e-16
4.048130088494424399e+03 4.498084685081349367e-16
4.049364397678063597e+03 4.500057715066034971e-16
4.050598787414985054e+03 4.503432312190874472e-16
4.051833257541983130e+03 4.501302415374816565e-16
4.053067807895853093e+03 4.495816504077950375e-16
4.054302438313388848e+03 4.491930257064630582e-16
4.055537148631387026e+03 4.490877351266292147e-16
4.056771938686641533e+03 4.492875235655073270e-16
4.058006808315947183e+03 4.493513998904861276e-16
4.059241757356099242e+03 4.488309656599473880e-16
4.060476785643892072e+03 4.485788672870638515e-16
4.061711893016120939e+03 4.486912201620766766e-16
4.062947079309581568e+03 4.482269587187765339e-16
4.064182344361066953e+03 4.478501578309640697e-16
4.065417688007373727e+03 4.476503168476317813e-16
4.066653110085296703e+03 4.475603264106062227e-16
4.067888610431629331e+03 4.474577423069545838e-16
4.069124188883167790e+03 4.476363897373679622e-16
4.070359845276707347e+03 4.476423506064673730e-16
4.071595579449040997e+03 4.474462678449921304e-16
4.072831391236965828e+03 4.474907663207611784e-16
4.074067280477275744e+03 4.469473816238023053e-16
4.075303247006765105e+03 4.469589005063481906e-16
4.076539290662230542e+03 4.466102809104842477e-16
4.077775411280465050e+03 4.466583773329977920e-16
4.079011608698264354e+03 4.464832030148758308e-16
4.080247882752423266e+03 4.462729107540746249e-16
4.081484233279737055e+03 4.458462336510637521e-16
4.082720660117000534e+03 4.459305563806990949e-16
4.083957163101008518e+03 4.455704636858410312e-16
4.085193742068555366e+03 4.455064858538489994e-16
4.086430396856436346e+03 4.450505120702696098e-16
4.087667127301446726e+03 4.454364460502443903e-16
4.088903933240381321e+03 4.453664757902422211e-16
4.090140814510034488e+03 4.454352964268364397e-16
4.091377770947201498e+03 4.452472401876715783e-16
4.092614802388677617e+03 4.447124916528703053e-16
4.093851908671257206e+03 4.445727613521996319e-16
4.095089089631735533e+03 4.446751172820035656e-16
4.096326345106907866e+03 4.447054103098645836e-16
4.097563674933567199e+03 4.441240361931121533e-16
4.098801078948511531e+03 4.441165799852079025e-16
4.100038556988532946e+03 4.437192307350820195e-16
4.101276108890428077e+03 4.434736577867337005e-16
4.102513734490990828e+03 4.438521823822016252e-16
4.103751433627016013e+03 4.433713861421024562e-16
4.104989206135300265e+03 4.429331318887603070e-16
4.106227051852637487e+03 4.431439996404656557e-16
4.107464970615821585e+03 4.428215909671622790e-16
4.108702962261648281e+03 4.424547176056421419e-16
4.109941026626912389e+03 4.419580933925712999e-16
4.111179163548408724e+03 4.419969976942642770e-16
4.112417372862932098e+03 4.420956659013169881e-16
4.113655654407278234e+03 4.419822204594127020e-16
4.114894008018241948e+03 4.420516667855263609e-16
4.116132433532618052e+03 4.417763928765927403e-16
4.117370930787199541e+03 4.413751582131761302e-16
4.118609499618783047e+03 4.418632833518003165e-16
4.119848139864164295e+03 4.412653186296067350e-16
4.121086851360136279e+03 4.411916234002762964e-16
4.122325633943496541e+03 4.411927318544382690e-16
4.123564487451037166e+03 4.411170080815780423e-16
4.124803411719552969e+03 4.412446742975402130e-16
4.126042406585841491e+03 4.406650141651255086e-16
4.127281471886696636e+03 4.402464896715383321e-16
4.128520607458912309e+03 4.402253421716481427e-16
4.129759813139283324e+03 4.403230487438100720e-16
4.130999088764605403e+03 4.402897193840911315e-16
4.132238434171674271e+03 4.402449948868510856e-16
4.133477849197282922e+03 4.395575942785756350e-16
4.134717333678227988e+03 4.397028408726653534e-16
4.135956887451303373e+03 4.396759210473176936e-16
4.137196510353304802e+03 4.397207057113223324e-16
4.138436202221024359e+03 4.392205460127652349e-16
4.139675962891261406e+03 4.390757661846472626e-16
4.140915792200808937e+03 4.387430844877747590e-16
4.142155689986460857e+03 4.387172987464519016e-16
4.143395656085012888e+03 4.387083829701666499e-16
4.144635690333258026e+03 4.386928947473005442e-16
4.145875792567994722e+03 4.385851913112378634e-16
4.147115962626015971e+03 4.387691115724607895e-16
4.148356200344117497e+03 4.381200804306169253e-16
4.149596505559093202e+03 4.380441954222232534e-16
4.150836878107738812e+03 4.375616793419939590e-16
4.152077317826847320e+03 4.374445367953361283e-16
4.153317824553216269e+03 4.375257568433221630e-16
4.154558398123638653e+03 4.373061139316538700e-16
4.155799038374911106e+03 4.372290484306079005e-16
4.157039745143827531e+03 4.368714728161753702e-16
4.158280518267180923e+03 4.368986810897611006e-16
4.159521357581770644e+03 4.366653673760082723e-16
4.160762262924387869e+03 4.366227300385948566e-16
4.162003234131828322e+03 4.362954428287670926e-16
4.163244271040888634e+03 4.366220451895886764e-16
4.164485373488361802e+03 4.362908429242559342e-16
4.165726541311041728e+03 4.361722671790339266e-16
4.166967774345726866e+03 4.363940925993072144e-16
4.168209072429210210e+03 4.359643332680126891e-16
4.169450435398286572e+03 4.358689196603054184e-16
4.170691863089750768e+03 4.356931671449554074e-16
4.171933355340397611e+03 4.357005297845359193e-16
4.173174911987021005e+03 4.359516377824807018e-16
4.174416532866418493e+03 4.353790597551872813e-16
4.175658217815383978e+03 4.351781826230026782e-16
4.176899966670711365e+03 4.354016133655772737e-16
4.178141779269197286e+03 4.351219515402500322e-16
4.179383655447633828e+03 4.342761787605792914e-16
4.180625595042818532e+03 4.345606813218663434e-16
4.181867597891545302e+03 4.346209332011348687e-16
4.183109663830608952e+03 4.342806336002642040e-16
4.184351792696805205e+03 4.341475461421330455e-16
4.185593984326928876e+03 4.339800561030866305e-16
4.186836238557772049e+03 4.338463733872671633e-16
4.188078555226134085e+03 4.337830127647699907e-16
4.189320934168807071e+03 4.335441144732098192e-16
4.190563375222585819e+03 4.330755272182685782e-16
4.191805878224266962e+03 4.332323261774215588e-16
4.193048443010643496e+03 4.330367323124785712e-16
4.194291069418512052e+03 4.329528392989983755e-16
4.195533757284666535e+03 4.325476267346150343e-16
4.196776506445902669e+03 4.326752388697882636e-16
4.198019316739015267e+03 4.327365905859589578e-16
4.199262188000797323e+03 4.322200164225123404e-16
4.200505120068045471e+03 4.318459263333881199e-16
4.201748112777553615e+03 4.321236007828058076e-16
4.202991165966119297e+03 4.318987089039069726e-16
4.204234279470533693e+03 4.314475967700531288e-16
4.205477453127595254e+03 4.314004091066671331e-16
4.206720686774095157e+03 4.311787693556631575e-16
4.207963980246831852e+03 4.310570045217666290e-16
4.209207333382598335e+03 4.307968220929519630e-16
4.210450746018190330e+03 4.307821001878853066e-16
4.211694217990401739e+03 4.305302025626622585e-16
4.212937749136028287e+03 4.308118700768666577e-16
4.214181339291863878e+03 4.307685948484257049e-16
4.215424988294704235e+03 4.303089979139429449e-16
4.216668695981345081e+03 4.307445492261233039e-16
4.217912462188580321e+03 4.303122050298842524e-16
4.219156286753203858e+03 4.302748216002036149e-16
4.220400169512012326e+03 4.299571118836013612e-16
4.221644110301800538e+03 4.300837164952436920e-16
4.222888108959363308e+03 4.294236688872689115e-16
4.224132165321493630e+03 4.297173132190354245e-16
4.225376279224989048e+03 4.294230423651918348e-16
4.226620450506643465e+03 4.291843281381576715e-16
4.227864679003249876e+03 4.294486789637310135e-16
4.229108964551606732e+03 4.287260152865772364e-16
4.230353306988507029e+03 4.288331561610651846e-16
4.231597706150745580e+03 4.283657774945393746e-16
4.232842161875118109e+03 4.280357661302395970e-16
4.234086673998416700e+03 4.282450156449072669e-16
4.235331242357440715e+03 4.278715425103998069e-16
4.236575866788983149e+03 4.282314703182849046e-16
4.237820547129836996e+03 4.281479180882678708e-16
4.239065283216799799e+03 4.277510384686138172e-16
4.240310074886666371e+03 4.274801059823428741e-16
4.241554921976227888e+03 4.275318187086490800e-16
4.242799824322283712e+03 4.272782099412615549e-16
4.244044781761627746e+03 4.271864554769281385e-16
4.245289794131053895e+03 4.273336768620761535e-16
4.246534861267356973e+03 4.269666484786731414e-16
4.247779983007332703e+03 4.269513939654230345e-16
4.249025159187775898e+03 4.269517295389461515e-16
4.250270389645481373e+03 4.266287227009168827e-16
4.251515674217243031e+03 4.266829523946985807e-16
4.252761012739857506e+03 4.263136225366115352e-16
4.254006405050117792e+03 4.263620790490364718e-16
4.255251850984820521e+03 4.260942594550191509e-16
4.256497350380760508e+03 4.259379588363946142e-16
4.257742903074730748e+03 4.259076525443153767e-16
4.258988508903527872e+03 4.254524370011411227e-16
4.260234167703946696e+03 4.257470332879234995e-16
4.261479879312781122e+03 4.253494206905954163e-16
4.262725643566827785e+03 4.254887457288121393e-16
4.263971460302880587e+03 4.252642439771276061e-16
4.265217329357734343e+03 4.251945697907839592e-16
4.266463250568183867e+03 4.247855105190063963e-16
4.267709223771023971e+03 4.244312570199044758e-16
4.268955248803049471e+03 4.241492348963263607e-16
4.270201325501056090e+03 4.246549085165322384e-16
4.271447453701838640e+03 4.245873651862814109e-16
4.272693633242191027e+03 4.243186452904898022e-16
4.273939863958909882e+03 4.241040484971218996e-16
4.275186145688787292e+03 4.239207056359314081e-16
4.276432478268621708e+03 4.236273529348418506e-16
4.277678861535204305e+03 4.235541245348881491e-16
4.278925295325333536e+03 4.231461572027876655e-16
4.280171779475802396e+03 4.232511177471654261e-16
4.281418313823406606e+03 4.232442514608829064e-16
4.282664898204939163e+03 4.230119101617193412e-16
4.283911532457196699e+03 4.230727627441031319e-16
4.285158216416974028e+03 4.228921057242421238e-16
4.286404949921066873e+03 4.225442795812123108e-16
4.287651732806267319e+03 4.225154980442698806e-16
4.288898564909373817e+03 4.223565312015918043e-16
4.290145446067177545e+03 4.225555918575765398e-16
4.291392376116476953e+03 4.221697745567152495e-16
4.292639354894065036e+03 4.223820583823639934e-16
4.293886382236736608e+03 4.220069100435088762e-16
4.295133457981287393e+03 4.213694090164250401e-16
4.296380581964511293e+03 4.213654590936327021e-16
4.297627754023204034e+03 4.209271839203918676e-16
4.298874973994161337e+03 4.209379915833243100e-16
4.300122241714176198e+03 4.215365246300716430e-16
4.301369557020044340e+03 4.214215226003810459e-16
4.302616919748561486e+03 4.210469578176941697e-16
4.303864329736520631e+03 4.208920500364877726e-16
4.305111786820719317e+03 4.205801478928675177e-16
4.306359290837949629e+03 4.201632985707633135e-16
4.307606841625008201e+03 4.196038505931405719e-16
4.308854439018690755e+03 4.197145120439088721e-16
4.310102082855789376e+03 4.197531612500071883e-16
4.311349772973101608e+03 4.195955382008560454e-16
4.312597509207420444e+03 4.196290328872457083e-16
4.313845291395543427e+03 4.194095737121974632e-16
4.315093119374263551e+03 4.192022529866351546e-16
4.316340992980374722e+03 4.189879921477523036e-16
4.317588912050672661e+03 4.188248544965982082e-16
4.318836876421954003e+03 4.194405289639800207e-16
4.320084885931012650e+03 4.190827597608851111e-16
4.321332940414642508e+03 4.190988509868140677e-16
4.322581039709638389e+03 4.196356154793857942e-16
4.323829183652796928e+03 4.191510574753229261e-16
4.325077372080912028e+03 4.190873587506898138e-16
4.326325604830778502e+03 4.188900868062164793e-16
4.327573881739191165e+03 4.184870993370941013e-16
4.328822202642945740e+03 4.183300135994491829e-16
4.330070567378836131e+03 4.179393707282534695e-16
4.331318975783657152e+03 4.178766416699670254e-16
4.332567427694205435e+03 4.175586026821788275e-16
4.333815922947274885e+03 4.174396214899004446e-16
4.335064461379660315e+03 4.181595193161341269e-16
4.336313042828155631e+03 4.177596168574786382e-16
4.337561667129555644e+03 4.175620581662811889e-16
4.338810334120657899e+03 4.174913559115570353e-16
4.340059043638255389e+03 4.174061148497972073e-16
4.341307795519142928e+03 4.172197848822675808e-16
4.342556589600117150e+03 4.171050016052579375e-16
4.343805425717970138e+03 4.167626359482624889e-16
4.345054303709497617e+03 4.162387982704886845e-16
4.346303223411496219e+03 4.159826128212635838e-16
4.347552184660760759e+03 4.165147444458063517e-16
4.348801187294083320e+03 4.157116580974086054e-16
4.350050231148262355e+03 4.161620564644381961e-16
4.351299316060089950e+03 4.162463752637455573e-16
4.352548441866361827e+03 4.161862842914051916e-16
4.353797608403874619e+03 4.160157910289660278e-16
4.355046815509421322e+03 4.158024232557133443e-16
4.356296063019796748e+03 4.156409696142728113e-16
4.357545350771797530e+03 4.151691391839671325e-16
4.358794678602216663e+03 4.149790284950361300e-16
4.360044046347849871e+03 4.150102918625468047e-16
4.361293453845491968e+03 4.149050090909652396e-16
4.362542900931937766e+03 4.148468112285369273e-16
4.363792387443983898e+03 4.152476624533704019e-16
4.365041913218421541e+03 4.150553741254473811e-16
4.366291478092049147e+03 4.150955128172143803e-16
4.367541081901659709e+03 4.145697689082847354e-16
4.368790724484048951e+03 4.143768912795766713e-16
4.370040405676011687e+03 4.144839658516762309e-16
4.371290125314342731e+03 4.142062967863126636e-16
4.372539883235835077e+03 4.143697566304398179e-16
4.373789679277288087e+03 4.138782705368270918e-16
4.375039513275492936e+03 4.135176189883719211e-16
4.376289385067245348e+03 4.134942734971642714e-16
4.377539294489341046e+03 4.135790442725463761e-16
4.378789241378574843e+03 4.133427243871910366e-16
4.380039225571739735e+03 4.129990449738550592e-16
4.381289246905633263e+03 4.130432961700606821e-16
4.382539305217049332e+03 4.126978188384656023e-16
4.383789400342781846e+03 4.127229042013943934e-16
4.385039532119627438e+03 4.128086686068469791e-16
4.386289700384379103e+03 4.128124957229848972e-16
4.387539904973833472e+03 4.122771108071048850e-16
4.388790145724785361e+03 4.121032085941647634e-16
4.390040422474028674e+03 4.118901788041500659e-16
4.391290735058359132e+03 4.114714085476583131e-16
4.392541083314570642e+03 4.119210082747883781e-16
4.393791467079458016e+03 4.118145943621989976e-16
4.395041886189817887e+03 4.118849716988205795e-16
4.396292340482444160e+03 4.115406568695077115e-16
4.397542829794131649e+03 4.116010077303096065e-16
4.398793353961676075e+03 4.114066057411307119e-16
4.400043912821870435e+03 4.112812145943180515e-16
4.401294506211511361e+03 4.110945147841345892e-16
4.402545133967393667e+03 4.111135398457752695e-16
4.403795795926311257e+03 4.109050268490761209e-16
4.405046491925058945e+03 4.107793901320976700e-16
4.406297221800434272e+03 4.104103749419383865e-16
4.407547985389227506e+03 4.106932975882938205e-16
4.408798782528238007e+03 4.106794944787053229e-16
4.410049613054258771e+03 4.101067383538839662e-16
4.411300476804084610e+03 4.101344000442893305e-16
4.412551373614510339e+03 4.100915765452549444e-16
4.413802303322330772e+03 4.100766407607686938e-16
4.415053265764342541e+03 4.099102328270308635e-16
4.416304260777337731e+03 4.100900047247225230e-16
4.417555288198114795e+03 4.096282155399102462e-16
4.418806347863464907e+03 4.098564699144544567e-16
4.420057439610185611e+03 4.092286138213536509e-16
4.421308563275070810e+03 4.093920434441143119e-16
4.422559718694914409e+03 4.092608831256585577e-16
4.423810905706513040e+03 4.093253560020053388e-16
4.425062124146661517e+03 4.091896513946470272e-16
4.426313373852153745e+03 4.092585007768190835e-16
4.427564654659784537e+03 4.089197960687576625e-16
4.428815966406350526e+03 4.087944886374158057e-16
4.430067308928644707e+03 4.084912014863264945e-16
4.431318682063462802e+03 4.086515139752987906e-16
4.432570085647600536e+03 4.085594530807941838e-16
4.433821519517850902e+03 4.085009285792458427e-16
4.435072983511009625e+03 4.082203676711697883e-16
4.436324477463872427e+03 4.080764463677398720e-16
4.437576001213233212e+03 4.080019606154010571e-16
4.438827554595887705e+03 4.079112468791360748e-16
4.440079137448629808e+03 4.075054979223110762e-16
4.441330749608254337e+03 4.077209147915427955e-16
4.442582390911557923e+03 4.073069514531868172e-16
4.443834061195334471e+03 4.072811050432180718e-16
4.445085760296379704e+03 4.076043116886888228e-16
4.446337488051485707e+03 4.073269427308229812e-16
4.447589244297450932e+03 4.067900745454015836e-16
4.448841028871067465e+03 4.062877372031725997e-16
4.450092841609132847e+03 4.068400639977783592e-16
4.451344682348439164e+03 4.064982837051310333e-16
4.452596550925783959e+03 4.065077835767659258e-16
4.453848447177960225e+03 4.064362697217155448e-16
4.455100370941763686e+03 4.063482951154882973e-16
4.456352322053988246e+03 4.063245755298043367e-16
4.457604300351431448e+03 4.059231995325154196e-16
4.458856305670885376e+03 4.057315982898146837e-16
4.460108337849146665e+03 4.055087615885238137e-16
4.461360396723010126e+03 4.056275194078627119e-16
4.462612482129267846e+03 4.051797221603904593e-16
4.463864593904719186e+03 4.047554445086950376e-16
4.465116731886156231e+03 4.050870940335083973e-16
4.466368895910373794e+03 4.047702050502299102e-16
4.467621085814168509e+03 4.044821532345607242e-16
4.468873301434333371e+03 4.042823579534586990e-16
4.470125542607665921e+03 4.045364904236124914e-16
4.471377809170957335e+03 4.045702972417763228e-16
4.472630100961006065e+03 4.045720555136950883e-16
4.473882417814605105e+03 4.042419575282698955e-16
4.475134759568550180e+03 4.039980294715777431e-16
4.476387126059634284e+03 4.041472350862863698e-16
4.477639517124654958e+03 4.041635261175987692e-16
4.478891932600405198e+03 4.038863860278826057e-16
4.480144372323681637e+03 4.037649284725074555e-16
4.481396836131278178e+03 4.039417855369500441e-16
4.482649323859990545e+03 4.036982049049022856e-16
4.483901835346610824e+03 4.036574291512477445e-16
4.485154370427937465e+03 4.033662970958767258e-16
4.486406928940763464e+03 4.031970451490189940e-16
4.487659510721883635e+03 4.029992362102999147e-16
4.488912115608094609e+03 4.031050908333456130e-16
4.490164743436188473e+03 4.030245632829553014e-16
4.491417394042962769e+03 4.028260304612202536e-16
4.492670067265212310e+03 4.027263071024200821e-16
4.493922762939730092e+03 4.028459239132295925e-16
4.495175480903311836e+03 4.021442128469889925e-16
4.496428220992753268e+03 4.022129485198994735e-16
4.497680983044847380e+03 4.020190091409166727e-16
4.498933766896391717e+03 4.022051546861896691e-16
4.500186572384179271e+03 4.021493191716522294e-16
4.501439399345005768e+03 4.015993457652962766e-16
4.502692247615666020e+03 4.021514415408311483e-16
4.503945117032953931e+03 4.013867383593824039e-16
4.505198007433665225e+03 4.017590341554338010e-16
4.506450918654596535e+03 4.017237411127024225e-16
4.507703850532539946e+03 4.013994069775037803e-16
4.508956802904292090e+03 4.014045030163539863e-16
4.510209775606646872e+03 4.011077580396040154e-16
4.511462768476399106e+03 4.009613141356870846e-16
4.512715781350344514e+03 4.013275243437165942e-16
4.513968814065277911e+03 4.007416108495357826e-16
4.515221866457994111e+03 4.009746099880496386e-16
4.516474938365287926e+03 4.010231877682554289e-16
4.517728029623953262e+03 4.005809419161966053e-16
4.518981140070786751e+03 4.000396180196645451e-16
4.520234269542583206e+03 4.001861652823050184e-16
4.521487417876136533e+03 3.999904750902140647e-16
4.522740584908241544e+03 4.002112260197735827e-16
4.523993770475694873e+03 3.997511323391795920e-16
4.525246974415287696e+03 4.000290159145347737e-16
4.526500196563819372e+03 3.998916780793609644e-16
4.527753436758081989e+03 3.996826292908371579e-16
4.529006694834872178e+03 3.992014327294950663e-16
4.530259970630982934e+03 3.992525876801272731e-16
4.531513263983210891e+03 3.992817634715322283e-16
4.532766574728349042e+03 3.992929687182305339e-16
4.534019902703194020e+03 3.987120981033107538e-16
4.535273247744541550e+03 3.989450236679982173e-16
4.536526609689184625e+03 3.986347545652396378e-16
4.537779988373918059e+03 3.989316247962106625e-16
4.539033383635537575e+03 3.986179860825130703e-16
4.540286795310837988e+03 3.981934700802235885e-16
4.541540223236615020e+03 3.983943932176667006e-16
4.542793667249661667e+03 3.984235933639391322e-16
4.544047127186774560e+03 3.980814012866185742e-16
4.545300602884746695e+03 3.981218125287757896e-16
4.546554094180374705e+03 3.980100463884812525e-16
4.547807600910454312e+03 3.981370286109996905e-16
4.549061122911778511e+03 3.977364693256499710e-16
4.550314660021142117e+03 3.979504512037319820e-16
4.551568212075341762e+03 3.977257364136780223e-16
4.552821778911170441e+03 3.976001531577729936e-16
4.554075360365423876e+03 3.973788021410927714e-16
4.555328956274898701e+03 3.969125426525359298e-16
4.556582566476387001e+03 3.969349182443368316e-16
4.557836190806684499e+03 3.970919524081154076e-16
4.559089829102586918e+03 3.967614479830436890e-16
4.560343481200888164e+03 3.964488616314045555e-16
4.561597146938383958e+03 3.967009962756470861e-16
4.562850826151869114e+03 3.964272550384224228e-16
4.564104518678139357e+03 3.964502958335778398e-16
4.565358224353987680e+03 3.965721214796390520e-16
4.566611943016209807e+03 3.962581460709980853e-16
4.567865674501601461e+03 3.962995244871024470e-16
4.569119418646956547e+03 3.961595602003540472e-16
4.570373175289069877e+03 3.959441423614925164e-16
4.571626944264736267e+03 3.958999213143371272e-16
4.572880725410752348e+03 3.959869590668583152e-16
4.574134518563911115e+03 3.954906741907105752e-16
4.575388323561008292e+03 3.956441627681348528e-16
4.576642140238838692e+03 3.950863258641852864e-16
4.577895968434198039e+03 3.952605173961676062e-16
4.579149807983880237e+03 3.950588899106928664e-16
4.580403658724678280e+03 3.950122169736140508e-16
4.581657520493390621e+03 3.950481179272993516e-16
4.582911393126811163e+03 3.945657340790039059e-16
4.584165276461733811e+03 3.947227812482636922e-16
4.585419170334954288e+03 3.943981833549267153e-16
4.586673074583267407e+03 3.946021990534240971e-16
4.587926989043466165e+03 3.943634310586663097e-16
4.589180913552349011e+03 3.941179872596506483e-16
4.590434847946708942e+03 3.939588597339677571e-16
4.591688792063340770e+03 3.942615880413303861e-16
4.592942745739039310e+03 3.937006199613143150e-16
4.594196708810599375e+03 3.937738091543318811e-16
4.595450681114816689e+03 3.936455512203876005e-16
4.596704662488486065e+03 3.935775742550022465e-16
4.597958652768402317e+03 3.931920906137258007e-16
4.599212651791359349e+03 3.935580412074624871e-16
4.600466659394153794e+03 3.933721583128103538e-16
4.601720675413577737e+03 3.929015639021647102e-16
4.602974699686429631e+03 3.929614420349405785e-16
4.604228732049502469e+03 3.927787885114019843e-16
4.605482772339591065e+03 3.929741627834579316e-16
4.606736820393490234e+03 3.925446321259116755e-16
4.607990876047995698e+03 3.926489980371639012e-16
4.609244939139902272e+03 3.926533148587382588e-16
4.610499009506004768e+03 3.926782991630448716e-16
4.611753086983097091e+03 3.923622362274936222e-16
4.613007171407974965e+03 3.921482390775167500e-16
4.614261262617435023e+03 3.924296739122785572e-16
4.615515360448268439e+03 3.922795033855942609e-16
4.616769464737272756e+03 3.924478123515194630e-16
4.618023575321241879e+03 3.919334061942019637e-16
4.619277692036971530e+03 3.917543336163011562e-16
4.620531814721255614e+03 3.918709786512537612e-16
4.621785943210889855e+03 3.916961314812827674e-16
4.623040077342669974e+03 3.917907078232004278e-16
4.624294216953388059e+03 3.914243946516731481e-16
4.625548361879842560e+03 3.913922720806515226e-16
4.626802511958825562e+03 3.912945851370194760e-16
4.628056667027133699e+03 3.913649882795352899e-16
4.629310826921559965e+03 3.911902339079759139e-16
4.630564991478900993e+03 3.909311288348646878e-16
4.631819160535951596e+03 3.908082700927184706e-16
4.633073333929505679e+03 3.909824916753355972e-16
4.634327511496359875e+03 3.903051871563180586e-16
4.635581693073305360e+03 3.906435873655587927e-16
4.636835878497142403e+03 3.903318774903574883e-16
4.638090067604662181e+03 3.903459779951878665e-16
4.639344260232660417e+03 3.900238362582558974e-16
4.640598456217931925e+03 3.899166939556936934e-16
4.641852655397272429e+03 3.897025303056747161e-16
4.643106857607475831e+03 3.899845958371395273e-16
4.644361062685336947e+03 3.897067775327561813e-16
4.645615270467653318e+03 3.895493136688676918e-16
4.646869480791216120e+03 3.893487393945075798e-16
4.648123693492821985e+03 3.894463368607097517e-16
4.649377908409264819e+03 3.892091855149688096e-16
4.650632125377342163e+03 3.891544335493727661e-16
4.651886344233847012e+03 3.889134397832577691e-16
4.653140564815574180e+03 3.885902339932487871e-16
4.654394786959319390e+03 3.890676183342047922e-16
4.655649010501876546e+03 3.886581401410744887e-16
4.656903235280039553e+03 3.882883264695623247e-16
4.658157461130605952e+03 3.884041517666970421e-16
4.659411687890369649e+03 3.884520723576452699e-16
4.660665915396125456e+03 3.883993846866464749e-16
4.661920143484669097e+03 3.879622680156171218e-16
4.663174371992792658e+03 3.882544423194138499e-16
4.664428600757293680e+03 3.882051601211923902e-16
4.665682829614966977e+03 3.879449263967629362e-16
4.666937058402606453e+03 3.877751483682106962e-16
4.668191286957007833e+03 3.879895541546490127e-16
4.669445515114965019e+03 3.876705576706751791e-16
4.670699742713273736e+03 3.876238621262083873e-16
4.671953969588728796e+03 3.870476720778441169e-16
4.673208195578125014e+03 3.870768601623584644e-16
4.674462420518258114e+03 3.866775283444053958e-16
4.675716644245920179e+03 3.874439425360085132e-16
4.676970866597908753e+03 3.872082787533277595e-16
4.678225087411018649e+03 3.867466561018802556e-16
4.679479306522044681e+03 3.868524866888071926e-16
4.680733523767780753e+03 3.866291351919636719e-16
4.681987738985022588e+03 3.869560976609002050e-16
4.683241952010565001e+03 3.867225957541852194e-16
4.684496162681201895e+03 3.863367603997916736e-16
4.685750370833728994e+03 3.864518152636499036e-16
4.687004576304942020e+03 3.861587309245001434e-16
4.688258778931634879e+03 3.859930075882537522e-16
4.689512978550602384e+03 3.860622437320959598e-16
4.690767174998640257e+03 3.862004520793700583e-16
4.692021368112541495e+03 3.860524216878015712e-16
4.693275557729102729e+03 3.857535902077541627e-16
4.694529743685119684e+03 3.855728500749596353e-16
4.695783925817385352e+03 3.854953715954323274e-16
4.697038103962695459e+03 3.855354891267615193e-16
4.698292277957845727e+03 3.856067375736580767e-16
4.699546447639629150e+03 3.855502450665780151e-16
4.700800612844842362e+03 3.853334564984658536e-16
4.702054773410279267e+03 3.851569981192865063e-16
4.703308929172735589e+03 3.852170196929440969e-16
4.704563079969004320e+03 3.848676124053217682e-16
4.705817225635883005e+03 3.845997160811410490e-16
4.707071366010165548e+03 3.846293707974137995e-16
4.708325500928645852e+03 3.846018115559625095e-16
4.709579630228120550e+03 3.844035225630145062e-16
4.710833753745382637e+03 3.845781173399241214e-16
4.712087871317228746e+03 3.847233018220591156e-16
4.713341982780452781e+03 3.846202103778440483e-16
4.714596087971849556e+03 3.841776310690411709e-16
4.715850186728215704e+03 3.843174161056082537e-16
4.717104278886343309e+03 3.837654572654863962e-16
4.718358364283029005e+03 3.841451099361520469e-16
4.719612442755067605e+03 3.838083211667365945e-16
4.720866514139253923e+03 3.835368306225628586e-16
4.722120578272383682e+03 3.835141259826378227e-16
4.723374634991249877e+03 3.840269201792081082e-16
4.724628684132648232e+03 3.835163864532103500e-16
4.725882725533374469e+03 3.834065196167655914e-16
4.727136759030222493e+03 3.833025315324029095e-16
4.728390784459988026e+03 3.832565239855998415e-16
4.729644801659464974e+03 3.832509716444315256e-16
4.730898810465449969e+03 3.829487618698824292e-16
4.732152810714736006e+03 3.832743713332063028e-16
4.733406802244117898e+03 3.831267972105268600e-16
4.734660784890393188e+03 3.828186130908146433e-16
4.735914758490353961e+03 3.824158179131156324e-16
4.737168722880796849e+03 3.828237533186564688e-16
4.738422677898515758e+03 3.822758114976647412e-16
4.739676623380305500e+03 3.819474483066995550e-16
4.740930559162961799e+03 3.822768662378208689e-16
4.742184485083279469e+03 3.819055441194537763e-16
4.743438400978052414e+03 3.818846255492358860e-16
4.744692306684077266e+03 3.818881876639962542e-16
4.745946202038147021e+03 3.819585685661568136e-16
4.747200086877057402e+03 3.817921899670056832e-16
4.748453961037604131e+03 3.813490815624722833e-16
4.749707824356581114e+03 3.813927594621176243e-16
4.750961676670783163e+03 3.813203473494254729e-16
4.752215517817006912e+03 3.814313065328784495e-16
4.753469347632044446e+03 3.815858580324674642e-16
4.754723165952692398e+03 3.813374104296007047e-16
4.755976972615745581e+03 3.812090327509365184e-16
4.757230767457999718e+03 3.809822198157226593e-16
4.758484550316247805e+03 3.808854205692269904e-16
4.759738321027285565e+03 3.806325118586681887e-16
4.760992079427907811e+03 3.807087105237350725e-16
4.762245825354910266e+03 3.807464258327827842e-16
4.763499558645087745e+03 3.807476889870012745e-16
4.764753279135234152e+03 3.804795188157087210e-16
4.766006986662145209e+03 3.804266821751051283e-16
4.767260681062614822e+03 3.801875078727879809e-16
4.768514362173438712e+03 3.801033507656789377e-16
4.769768029831411695e+03 3.799230565548148289e-16
4.771021683873328584e+03 3.797236717375888760e-16
4.772275324135985102e+03 3.797628657699369790e-16
4.773528950456175153e+03 3.795959758860699964e-16
4.774782562670693551e+03 3.798280273865982485e-16
4.776036160616336019e+03 3.794722938153456998e-16
4.777289744129896462e+03 3.792689812182731818e-16
4.778543313048170603e+03 3.791097103554423476e-16
4.779796867207953255e+03 3.794761120951848002e-16
4.781050406446039233e+03 3.793269903863682374e-16
4.782303930599222440e+03 3.794648073124358255e-16
4.783557439504299509e+03 3.788225595492954083e-16
4.784810932998064345e+03 3.787120460133281414e-16
4.786064410917312671e+03 3.787348303446619686e-16
4.787317873098838390e+03 3.785121173042300899e-16
4.788571319379436318e+03 3.781402215369348688e-16
4.789824749595902176e+03 3.782548561724806075e-16
4.791078163585030779e+03 3.781909763552749766e-16
4.792331561183616941e+03 3.779438487543780117e-16
4.793584942228454565e+03 3.780034827354495820e-16
4.794838306556341195e+03 3.778573048495431556e-16
4.796091654004068005e+03 3.778855395436643559e-16
4.797344984408432538e+03 3.777413930206750645e-16
4.798598297606229607e+03 3.775728282170389395e-16
4.799851593434253118e+03 3.775401914216537984e-16
4.801104871729297884e+03 3.773053755840700564e-16
4.802358132328159627e+03 3.773516684084214566e-16
4.803611375067633162e+03 3.772273315535757206e-16
4.804864599784513302e+03 3.770407542960565903e-16
4.806117806315594862e+03 3.771851222609995138e-16
4.807370994497672655e+03 3.766188189762461556e-16
4.808624164167541494e+03 3.767361466540693841e-16
4.809877315161996194e+03 3.768064516583339795e-16
4.811130447317832477e+03 3.764930430454536570e-16
4.812383560471845158e+03 3.763537876240959065e-16
4.813636654460828140e+03 3.760627554733028741e-16
4.814889729121577147e+03 3.763845083158811576e-16
4.816142784290885174e+03 3.763955905151588771e-16
4.817395819805550673e+03 3.760607139349699955e-16
4.818648835502366637e+03 3.758336887328608251e-16
4.819901831218127882e+03 3.760312484987936942e-16
4.821154806789629220e+03 3.757675511961386357e-16
4.822407762053665465e+03 3.758177790365096626e-16
4.823660696847032341e+03 3.757257815372357077e-16
4.824913611006523752e+03 3.756547186271873621e-16
4.826166504368935421e+03 3.757268731519327610e-16
4.827419376771062161e+03 3.751525018051953603e-16
4.828672228049698788e+03 3.751211335242216118e-16
4.829925058041638295e+03 3.750964518041900890e-16
4.831177866583679133e+03 3.754197222132317505e-16
4.832430653512614299e+03 3.748501268933859751e-16
4.833683418665238605e+03 3.750773023426610667e-16
4.834936161878347775e+03 3.744144634252460209e-16
4.836188882988735713e+03 3.743323582418467478e-16
4.837441581833197233e+03 3.743745879781265432e-16
4.838694258248528968e+03 3.742769328386258403e-16
4.839946912071523911e+03 3.742309606646458254e-16
4.841199543138977788e+03 3.742782013933108501e-16
4.842452151287685410e+03 3.741672246121815138e-16
4.843704736354440683e+03 3.739013757658106069e-16
4.844957298176041149e+03 3.739409505295407746e-16
4.846209836589279803e+03 3.739286257011258118e-16
4.847462351430951458e+03 3.739084001267496222e-16
4.848714842537850927e+03 3.734611127594613857e-16
4.849967309746773935e+03 3.734723333492180400e-16
4.851219752894515295e+03 3.733481744012298969e-16
4.852472171817869821e+03 3.730269001648178282e-16
4.853724566353632326e+03 3.732680564669570167e-16
4.854976936338597625e+03 3.728502314713635325e-16
4.856229281609560530e+03 3.731338262245770957e-16
4.857481602003315857e+03 3.726868218522626402e-16
4.858733897356658417e+03 3.726011948174806724e-16
4.859986167506383936e+03 3.724029425423203754e-16
4.861238412289288135e+03 3.721251968838356575e-16
4.862490631542163101e+03 3.720729336190706982e-16
4.863742825101805465e+03 3.719084176863474363e-16
4.864994992805009133e+03 3.716627615795436399e-16
4.866247134488570737e+03 3.718687907404086611e-16
4.867499249989284181e+03 3.717094998403946252e-16
4.868751339143944278e+03 3.715206306454366300e-16
4.870003401789347663e+03 3.717735180756417935e-16
4.871255437762285510e+03 3.713921056725062111e-16
4.872507446899555362e+03 3.716565255548477267e-16
4.873759429037952032e+03 3.712913137387338579e-16
4.875011384014270334e+03 3.710862600612610288e-16
4.876263311665305082e+03 3.709289507705540431e-16
4.877515211827850180e+03 3.711250220540736803e-16
4.878767084338702261e+03 3.710438706244930125e-16
4.880018929034654320e+03 3.710749920122771521e-16
4.881270745752502989e+03 3.710092727799051752e-16
4.882522534329042173e+03 3.706886660042015009e-16
4.883774294601067595e+03 3.707062255352846755e-16
4.885026026405373159e+03 3.708268047994684874e-16
4.886277729578754588e+03 3.706107854049306625e-16
4.887529403958006696e+03 3.705981789863485742e-16
4.888781049379923388e+03 3.704173234298636793e-16
4.890032665681300386e+03 3.701792491161787988e-16
4.891284252698934324e+03 3.701214488650724444e-16
4.892535810269617286e+03 3.699153460541655796e-16
4.893787338230144087e+03 3.700048987336067828e-16
4.895038836417311359e+03 3.698708666036884738e-16
4.896290304667913915e+03 3.696051729902020479e-16
4.897541742818745661e+03 3.698773267018996059e-16
4.898793150706603228e+03 3.696789142244627799e-16
4.900044528168278703e+03 3.697352053445107866e-16
4.901295875040569626e+03 3.693617730647960358e-16
4.902547191160268994e+03 3.692152978977384628e-16
4.903798476364173439e+03 3.693009731928865867e-16
4.905049730489077774e+03 3.688560226998304665e-16
4.906300953371774085e+03 3.688843088549767814e-16
4.907552144849060824e+03 3.689975797919638923e-16
4.908803304757730984e+03 3.689407368119635560e-16
4.910054432934581200e+03 3.688059092758598746e-16
4.911305529216404466e+03 3.686551669387047499e-16
4.912556593439994685e+03 3.682994910548732652e-16
4.913807625442150311e+03 3.683481855106361142e-16
4.915058625059663427e+03 3.682391910086900541e-16
4.916309592129331577e+03 3.677983240981607894e-16
4.917560526487945936e+03 3.683039707613239052e-16
4.918811427972304045e+03 3.680888522977751038e-16
4.920062296419201630e+03 3.679014041844100379e-16
4.921313131665429864e+03 3.679130932491227590e-16
4.922563933547787201e+03 3.674959859220296871e-16
4.923814701903067544e+03 3.675517980683629902e-16
4.925065436568065707e+03 3.674537408328718025e-16
4.926316137379575594e+03 3.672553082840223113e-16
4.927566804174392928e+03 3.674105509418773772e-16
4.928817436789313433e+03 3.671589190898402246e-16
4.930068035061131013e+03 3.670283837308337519e-16
4.931318598826641391e+03 3.673608364957557754e-16
4.932569127922638472e+03 3.668689550599009936e-16
4.933819622185917979e+03 3.673125784286197692e-16
4.935070081453272905e+03 3.671407936828685691e-16
4.936320505561500795e+03 3.669448955630895147e-16
4.937570894347396461e+03 3.666450008093775650e-16
4.938821247647751989e+03 3.667799085145066125e-16
4.940071565299364920e+03 3.662842049032475807e-16
4.941321847139030069e+03 3.662523369978277223e-16
4.942572093003540431e+03 3.660921056444479992e-16
4.943822302729693547e+03 3.659627097611891635e-16
4.945072476154282413e+03 3.660233860329998575e-16
4.946322613114101841e+03 3.659345046771018169e-16
4.947572713445947556e+03 3.657710981685620578e-16
4.948822776986613462e+03 3.656497624324440020e-16
4.950072803572896191e+03 3.655984046380731863e-16
4.951322793041589648e+03 3.657535802731227491e-16
4.952572745229489556e+03 3.659069685164840249e-16
4.953822659973388909e+03 3.656738520989395466e-16
4.955072537110083431e+03 3.657184595230779541e-16
4.956322376476368845e+03 3.656626590211811166e-16
4.957572177909039965e+03 3.652058559697290887e-16
4.958821941244890695e+03 3.650879662990422534e-16
4.960071666320717668e+03 3.647336571893915845e-16
4.961321352973313878e+03 3.644661234379768091e-16
4.962571001039474140e+03 3.647111942735456303e-16
4.963820610355995996e+03 3.649748113468510308e-16
4.965070180759671530e+03 3.647410549918425805e-16
4.966319712087297376e+03 3.645975020284814722e-16
4.967569204175667437e+03 3.645181954219697194e-16
4.968818656861576528e+03 3.645122551066736360e-16
4.970068069981820372e+03 3.641488132988077289e-16
4.971317443373193782e+03 3.641331110478837725e-16
4.972566776872491573e+03 3.639446326332201253e-16
4.973816070316508558e+03 3.639916777722602721e-16
4.975065323542039550e+03 3.638446152789951239e-16
4.976314536385877545e+03 3.638874975040682931e-16
4.977563708684821904e+03 3.636624314368757080e-16
4.978812840275664712e+03 3.636155940105656721e-16
4.980061930995200782e+03 3.634804952460586353e-16
4.981310980680224930e+03 3.637518784027781898e-16
4.982559989167531967e+03 3.634527427512625210e-16
4.983808956293918527e+03 3.631595481501182196e-16
4.985057881896178515e+03 3.630501647286191504e-16
4.986306765811106743e+03 3.626693904081949865e-16
4.987555607875498026e+03 3.628923120662268785e-16
4.988804407926147178e+03 3.625436762310754231e-16
4.990053165799849012e+03 3.630083437173775530e-16
4.991301881333398342e+03 3.627564206435453363e-16
4.992550554363591800e+03 3.625504576029013445e-16
4.993799184727221473e+03 3.624645474866650426e-16
4.995047772261084901e+03 3.623978895296287353e-16
4.996296316801974172e+03 3.624006637629170656e-16
4.997544818186686825e+03 3.620953208161185753e-16
4.998793276252016767e+03 3.624105304981021182e-16
5.000041690834759720e+03 3.622768542528600905e-16
5.001290061771708679e+03 3.619662286737649075e-16
5.002538388899660276e+03 3.617238867302147661e-16
5.003786672055407507e+03 3.616152435860863056e-16
5.005034911075747914e+03 3.614050782244642552e-16
5.006283105797475400e+03 3.614483581522521723e-16
5.007531256057382961e+03 3.615381653754326002e-16
5.008779361692269049e+03 3.613229043915296354e-16
5.010027422538923929e+03 3.612389942090624799e-16
5.011275438434146963e+03 3.611339427457914992e-16
5.012523409214731146e+03 3.609478932335981546e-16
5.013771334717472200e+03 3.612957826530431511e-16
5.015019214779164031e+03 3.609179593695826734e-16
5.016267049236601451e+03 3.610642652617178829e-16
5.017514837926579276e+03 3.603515735364129426e-16
5.018762580685892317e+03 3.603995826950197526e-16
5.020010277351338118e+03 3.600553119679896252e-16
5.021257927759708764e+03 3.607548167685253879e-16
5.022505531747799978e+03 3.603427874875822398e-16
5.023753089152405664e+03 3.598592950556339941e-16
5.025000599810322456e+03 3.601200541991168667e-16
5.026248063558346075e+03 3.596452001998356378e-16
5.027495480233267699e+03 3.599327983627095296e-16
5.028742849671885779e+03 3.597910145384315576e-16
5.029990171710993309e+03 3.597312099029293433e-16
5.031237446187384194e+03 3.594529278223835088e-16
5.032484672937856885e+03 3.595436728251257190e-16
5.033731851799204378e+03 3.592202981263439163e-16
5.034978982608221486e+03 3.593742812699992296e-16
5.036226065201702113e+03 3.592587024861791876e-16
5.037473099416441983e+03 3.593016442249734377e-16
5.038720085089236818e+03 3.587266794454098982e-16
5.039967022056881433e+03 3.590550471487020607e-16
5.041213910156169732e+03 3.588976803144704737e-16
5.042460749223897437e+03 3.584698113552104969e-16
5.043707539096859364e+03 3.584399776885153890e-16
5.044954279611848506e+03 3.584224950508801072e-16
5.046200970605663315e+03 3.583441993591148108e-16
5.047447611915096786e+03 3.582739727489118714e-16
5.048694203376942824e+03 3.584350363216161643e-16
5.049940744827998060e+03 3.584151922198519669e-16
5.051187236105056400e+03 3.580718321013173248e-16
5.052433677044912656e+03 3.579879749274369698e-16
5.053680067484363462e+03 3.580813354437563463e-16
5.054926407260201813e+03 3.575082600441454284e-16
5.056172696209222522e+03 3.582071838971299752e-16
5.057418934168222222e+03 3.577002649102920948e-16
5.058665120973994817e+03 3.575721540572620790e-16
5.059911256463333302e+03 3.574089637442049912e-16
5.061157340473037038e+03 3.575315979692851898e-16
5.062403372839897202e+03 3.572563806123862345e-16
5.063649353400710424e+03 3.574382514020367831e-16
5.064895281992270611e+03 3.577007837197978009e-16
5.066141158451372576e+03 3.570258366244496074e-16
5.067386982614812041e+03 3.568551761537782231e-16
5.068632754319384730e+03 3.565640099009121062e-16
5.069878473401884548e+03 3.569233692817581442e-16
5.071124139699105399e+03 3.568355240972893709e-16
5.072369753047843915e+03 3.563801294886719585e-16
5.073615313284892181e+03 3.566635166449237562e-16
5.074860820247049560e+03 3.562908476323399587e-16
5.076106273771107226e+03 3.564465975966649200e-16
5.077351673693861812e+03 3.559792599321908510e-16
5.078597019852107223e+03 3.560005961157674852e-16
5.079842312082640092e+03 3.560999407723968546e-16
5.081087550222253412e+03 3.560593386002175818e-16
5.082332734107743818e+03 3.558042330164374654e-16
5.083577863575904303e+03 3.554561615510184869e-16
5.084822938463531500e+03 3.555885612140022933e-16
5.086067958607417495e+03 3.555315188816809551e-16
5.087312923844361649e+03 3.554256276567962984e-16
5.088557834011156046e+03 3.553437806394507301e-16
5.089802688944596412e+03 3.554703989298455080e-16
5.091047488481476648e+03 3.554008251696477088e-16
5.092292232458590661e+03 3.550624370636064859e-16
5.093536920712736901e+03 3.551349259497421497e-16
5.094781553080708363e+03 3.550688036416276571e-16
5.096026129399299862e+03 3.548835626212501985e-16
5.097270649505307119e+03 3.546401853078794900e-16
5.098515113235523131e+03 3.547132672682072279e-16
5.099759520426744530e+03 3.543695796478446075e-16
5.101003870915765219e+03 3.545537585088107838e-16
5.102248164539380923e+03 3.543945575397753468e-16
5.103492401134386455e+03 3.543874657987578445e-16
5.104736580537575719e+03 3.544403940344159353e-16
5.105980702585745348e+03 3.543707453208788284e-16
5.107224767115688337e+03 3.538140162380941573e-16
5.108468773964201318e+03 3.537858545513547196e-16
5.109712722968077287e+03 3.540624291715874183e-16
5.110956613964113785e+03 3.539341023775063840e-16
5.112200446789103808e+03 3.537991076932787741e-16
5.113444221279842168e+03 3.536929422359345284e-16
5.114687937273123680e+03 3.537509254396130629e-16
5.115931594605744976e+03 3.536393092349585423e-16
5.117175193114500871e+03 3.535980894705083914e-16
5.118418732636183449e+03 3.531842715913218438e-16
5.119662213007590253e+03 3.535247362810980396e-16
5.120905634065514278e+03 3.531870076463607386e-16
5.122148995646753065e+03 3.534958647205546330e-16
5.123392297588098700e+03 3.529737462657207756e-16
5.124635539726348725e+03 3.528972845924391756e-16
5.125878721898296135e+03 3.524933430234164823e-16
5.127121843940735744e+03 3.526615106862749874e-16
5.128364905690463274e+03 3.524586174392198100e-16
5.129607906984274450e+03 3.526788289564508721e-16
5.130850847658962266e+03 3.525312783521470229e-16
5.132093727551322445e+03 3.524110490322446202e-16
5.133336546498149801e+03 3.522627267725843392e-16
5.134579304336240057e+03 3.521435378123255561e-16
5.135822000902388027e+03 3.521008271466987248e-16
5.137064636033387615e+03 3.519992259414625389e-16
5.138307209566034544e+03 3.520236702993625360e-16
5.139549721337122719e+03 3.519487016423991031e-16
5.140792171183448772e+03 3.519646614762000002e-16
5.142034558941804789e+03 3.516142967023525386e-16
5.143276884448988312e+03 3.517764568684376296e-16
5.144519147541794155e+03 3.514258550856014464e-16
5.145761348057016221e+03 3.513965840120199272e-16
5.147003485831448415e+03 3.512469371699025814e-16
5.148245560701888280e+03 3.508981826823972377e-16
5.149487572505128810e+03 3.512902874468065987e-16
5.150729521077965728e+03 3.509288600772810771e-16
5.151971406257192939e+03 3.509070971937079868e-16
5.153213227879607985e+03 3.508770176881411453e-16
5.154454985782002041e+03 3.508514778835312070e-16
5.155696679801171740e+03 3.509329911461178348e-16
5.156938309773912806e+03 3.508180520030128519e-16
5.158179875537020052e+03 3.507125666967369248e-16
5.159421376927286474e+03 3.504047676118971719e-16
5.160662813781509612e+03 3.506765477477203114e-16
5.161904185936480644e+03 3.506749302192867029e-16
5.163145493228998930e+03 3.503832485323166363e-16
5.164386735495856556e+03 3.501274468133586533e-16
5.165627912573850153e+03 3.498611137409812747e-16
5.166869024299772718e+03 3.499566746801825046e-16
5.168110070510419973e+03 3.497021225552109500e-16
5.169351051042586732e+03 3.493299459529149913e-16
5.170591965733068719e+03 3.493682975297089021e-16
5.171832814418660746e+03 3.491836693875552795e-16
5.173073596936156719e+03 3.490440841555467375e-16
5.174314313122352360e+03 3.490140110836197617e-16
5.175554962814041573e+03 3.486812093460468395e-16
5.176795545848020083e+03 3.490223871282179545e-16
5.178036062061082703e+03 3.490087889040284902e-16
5.179276511290025155e+03 3.489779411180042224e-16
5.180516893371641345e+03 3.490764334670658615e-16
5.181757208142726085e+03 3.490022738947607940e-16
5.182997455440073281e+03 3.486606687522539308e-16
5.184237635100480475e+03 3.487569297675242509e-16
5.185477746960741570e+03 3.481476703005481878e-16
5.186717790857650471e+03 3.480725344252804568e-16
5.187957766628002901e+03 3.479204451305500802e-16
5.189197674108592764e+03 3.486331439250796739e-16
5.190437513136216694e+03 3.482920431761687352e-16
5.191677283547668594e+03 3.483828467181751749e-16
5.192916985179743278e+03 3.482020650619768480e-16
5.194156617869236470e+03 3.479521657886359009e-16
5.195396181452942074e+03 3.479866839511133489e-16
5.196635675767653993e+03 3.479006970713368452e-16
5.197875100650169770e+03 3.475803698520347426e-16
5.199114455937284220e+03 3.475144536768005488e-16
5.200353741465790335e+03 3.477843392386894807e-16
5.201592957072483841e+03 3.478781307711141342e-16
5.202832102594157732e+03 3.476819877715275491e-16
5.204071177867610459e+03 3.475667129347693932e-16
5.205310182729635017e+03 3.474064013913836115e-16
5.206549117017027129e+03 3.471352607022521345e-16
5.207787980566580700e+03 3.468063108790866077e-16
5.209026773215091453e+03 3.467674580195985949e-16
5.210265494799354201e+03 3.468953213276724584e-16
5.211504145156161940e+03 3.466011696477652123e-16
5.212742724122312211e+03 3.467307415282002098e-16
5.213981231534598010e+03 3.466393489540108362e-16
5.215219667229815968e+03 3.466532654245608729e-16
5.216458031044759991e+03 3.467094249121429067e-16
5.217696322816224892e+03 3.466243236712575418e-16
5.218934542381007304e+03 3.461096218293559031e-16
5.220172689575899312e+03 3.461844917004170614e-16
5.221410764237698459e+03 3.461404722412096477e-16
5.222648766203197738e+03 3.462110246592423832e-16
5.223886695309191055e+03 3.461061100136855808e-16
5.225124551392476860e+03 3.460457235900187651e-16
5.226362334289847240e+03 3.463188912779453260e-16
5.227600043838098827e+03 3.458859104016408214e-16
5.228837679874025525e+03 3.451772488673742911e-16
5.230075242234421239e+03 3.453040881248808955e-16
5.231312730756083511e+03 3.450111916555424379e-16
5.232550145275806244e+03 3.451714263763881246e-16
5.233787485630383344e+03 3.453166654991891272e-16
5.235024751656610533e+03 3.451307701584931099e-16
5.236261943191282626e+03 3.451033237988167047e-16
5.237499060071192616e+03 3.448634832382629832e-16
5.238736102133138047e+03 3.449784619825149056e-16
5.239973069213913732e+03 3.450398970168030732e-16
5.241209961150314484e+03 3.449748646742688053e-16
5.242446777779133299e+03 3.450319678800331972e-16
5.243683518937165900e+03 3.448565337619359879e-16
5.244920184461208919e+03 3.444234557792063845e-16
5.246156774188055351e+03 3.442742978027385725e-16
5.247393287954500920e+03 3.443025451328118617e-16
5.248629725597341348e+03 3.440826288966594305e-16
5.249866086953368722e+03 3.441690714925857222e-16
5.251102371859381492e+03 3.439075305851334371e-16
5.252338580152170834e+03 3.439607913599495866e-16
5.253574711668535201e+03 3.438219276893876374e-16
5.254810766245267587e+03 3.440796484102812185e-16
5.256046743719162805e+03 3.436725647837670165e-16
5.257282643927016579e+03 3.437585797168539561e-16
5.258518466705622814e+03 3.437123333734142140e-16
5.259754211891778141e+03 3.433911121672965737e-16
5.260989879322276465e+03 3.435420833298586739e-16
5.262225468833912601e+03 3.432961660454824630e-16
5.263460980263481360e+03 3.429895501852584716e-16
5.264696413447776649e+03 3.425990376424473859e-16
5.265931768223596009e+03 3.426715046787730587e-16
5.267167044427731526e+03 3.426477737965256484e-16
5.268402241896980740e+03 3.425440619572044823e-16
5.269637360468137558e+03 3.424924929088108098e-16
5.270872399977994064e+03 3.420351376141570676e-16
5.272107360263349619e+03 3.423890190880876967e-16
5.273342241160998128e+03 3.424280024799075545e-16
5.274577042507731676e+03 3.422115113120071466e-16
5.275811764140347805e+03 3.420759216937645059e-16
5.277046405895641328e+03 3.424074664180573388e-16
5.278280967610406151e+03 3.425390313586049633e-16
5.279515449121437086e+03 3.424150733546804520e-16
5.280749850265528949e+03 3.419617191770377472e-16
5.281984170879478370e+03 3.417628289543065823e-16
5.283218410800079255e+03 3.418575806237218868e-16
5.284452569864126417e+03 3.417434113790650738e-16
5.285686647908411942e+03 3.414567027075545628e-16
5.286920644769737009e+03 3.415099134220129520e-16
5.288154560284890977e+03 3.413722644588681908e-16
5.289388394290671386e+03 3.416156035707270897e-16
5.290622146623872140e+03 3.412127330419146823e-16
5.291855817121289874e+03 3.416242862151558017e-16
5.293089405619716672e+03 3.410746592541113929e-16
5.294322911955949166e+03 3.409925658343232814e-16
5.295556335966783081e+03 3.410637791318571184e-16
5.296789677489011410e+03 3.408421160051467418e-16
5.298022936359429877e+03 3.409623909005018182e-16
5.299256112414833296e+03 3.406242475888621000e-16
5.300489205492017390e+03 3.407065488429148957e-16
5.301722215427776064e+03 3.407028114981851377e-16
5.302955142058905039e+03 3.404702553732436622e-16
5.304187985222198222e+03 3.400522687790412825e-16
5.305420744754450425e+03 3.404919505416113682e-16
5.306653420492458281e+03 3.405054050838508598e-16
5.307886012273014785e+03 3.400871092407372525e-16
5.309118519932915660e+03 3.401159034808397132e-16
5.310350943308956630e+03 3.401411580458497689e-16
5.311583282237930689e+03 3.400230237368357348e-16
5.312815536556635379e+03 3.399186406873712457e-16
5.314047706101863696e+03 3.398980373896749620e-16
5.315279790710410452e+03 3.396559895321799077e-16
5.316511790219070463e+03 3.397586658657397062e-16
5.317743704464639450e+03 3.398554640495641530e-16
5.318975533283914046e+03 3.394657048854367937e-16
5.320207276513683610e+03 3.395578801047413288e-16
5.321438933990749319e+03 3.392813786527322288e-16
5.322670505551902352e+03 3.392722381604331964e-16
5.323901991033939339e+03 3.391148449489614070e-16
5.325133390273654186e+03 3.389661737259365006e-16
5.326364703107840796e+03 3.389668882360854028e-16
5.327595929373297622e+03 3.388890965716323818e-16
5.328827068906815839e+03 3.385244310741388611e-16
5.330058121545192080e+03 3.385674138224026098e-16
5.331289087125222068e+03 3.383869418554502229e-16
5.332519965483698797e+03 3.385107284955382414e-16
5.333750756457417992e+03 3.383797179879373303e-16
5.334981459883174466e+03 3.386838669613865376e-16
5.336212075597764851e+03 3.382183052058541515e-16
5.337442603437981234e+03 3.380662429214550277e-16
5.338673043240620245e+03 3.380940697397148456e-16
5.339903394842474881e+03 3.381789007612378122e-16
5.341133658080342684e+03 3.378543446759031176e-16
5.342363832791016648e+03 3.377035750651955004e-16
5.343593918811294316e+03 3.378203258955545650e-16
5.344823915977966863e+03 3.377092959660041059e-16
5.346053824127831831e+03 3.380730420431118141e-16
5.347283643097682216e+03 3.375552324610637752e-16
5.348513372724315559e+03 3.375216589961821962e-16
5.349743012844524856e+03 3.375410029460600432e-16
5.350972563295104919e+03 3.371653234538665643e-16
5.352202023912850564e+03 3.370874196800921444e-16
5.353431394534558422e+03 3.372183845039173550e-16
5.354660674997022397e+03 3.370152547854812754e-16
5.355889865137036395e+03 3.370992890901081840e-16
5.357118964791397048e+03 3.368850621389629555e-16
5.358347973796897350e+03 3.367618908765463233e-16
5.359576891990334843e+03 3.369710289181339115e-16
5.360805719208500705e+03 3.367660604160732134e-16
5.362034455288192476e+03 3.364950785604842471e-16
5.363263100066205880e+03 3.368077838389234077e-16
5.364491653379333911e+03 3.365464250335865603e-16
5.365720115064373203e+03 3.363982290318834965e-16
5.366948484958115841e+03 3.361148141752253378e-16
5.368176762897358458e+03 3.360628677796027828e-16
5.369404948718896776e+03 3.362361155758364391e-16
5.370633042259524700e+03 3.359137834679781130e-16
5.371861043356037044e+03 3.357326545038528359e-16
5.373088951845229531e+03 3.358732913391413531e-16
5.374316767563895155e+03 3.358979934108793085e-16
5.375544490348831459e+03 3.359481054306828139e-16
5.376772120036832348e+03 3.359783239688633885e-16
5.377999656464692634e+03 3.356151867579551272e-16
5.379227099469206223e+03 3.355760545330083881e-16
5.380454448887167928e+03 3.355346723053643962e-16
5.381681704555375291e+03 3.353565887505710004e-16
5.382908866310620397e+03 3.352062906007009691e-16
5.384135933989700789e+03 3.353923635273257486e-16
5.385362907429408551e+03 3.353029576973689115e-16
5.386589786466540318e+03 3.352829004373495321e-16
5.387816570937889992e+03 3.350307877599836058e-16
5.389043260680253297e+03 3.349128588213997818e-16
5.390269855530425048e+03 3.348712565557882993e-16
5.391496355325200057e+03 3.348699394505002673e-16
5.392722759901374047e+03 3.345987627042895630e-16
5.393949069095740015e+03 3.344822605032075194e-16
5.395175282745094592e+03 3.345038927513279304e-16
5.396401400686231682e+03 3.344024277907930892e-16
5.397627422755946100e+03 3.344756050115491862e-16
5.398853348791033568e+03 3.342458101802513376e-16
5.400079178628289810e+03 3.344781869147692342e-16
5.401304912104506002e+03 3.341643188384448680e-16
5.402530549056481505e+03 3.341087900160086903e-16
5.403756089321008403e+03 3.342087857942840609e-16
5.404981532734883331e+03 3.338887697920787604e-16
5.406206879134900191e+03 3.339455429742118973e-16
5.407432128357852889e+03 3.338539718884611878e-16
5.408657280240538967e+03 3.338687709056201727e-16
5.409882334619752328e+03 3.338149120759142917e-16
5.411107291332285968e+03 3.334655801737391500e-16
5.412332150214937428e+03 3.335036605245283848e-16
5.413556911104499704e+03 3.336536247421285155e-16
5.414781573837768519e+03 3.332208484567950094e-16
5.416006138251538687e+03 3.335833740967823399e-16
5.417230604182605020e+03 3.332851664953016438e-16
5.418454971467764153e+03 3.333875625726854219e-16
5.419679239943808170e+03 3.333026586312468287e-16
5.420903409447532795e+03 3.330057509661661082e-16
5.422127479815732841e+03 3.330870810695652137e-16
5.423351450885204940e+03 3.327981976950311991e-16
5.424575322492742998e+03 3.329608464158910253e-16
5.425799094475141828e+03 3.327089411534059346e-16
5.427022766669195335e+03 3.328426849436737148e-16
5.428246338911699240e+03 3.327217649491817171e-16
5.429469811039448359e+03 3.325343607976259936e-16
5.430693182889238415e+03 3.326473257320219782e-16
5.431916454297864220e+03 3.321650837676144055e-16
5.433139625102118771e+03 3.323075935905903009e-16
5.434362695138798699e+03 3.323033073430252015e-16
5.435585664244699728e+03 3.322791674000521118e-16
5.436808532256613944e+03 3.322446163844738724e-16
5.438031299011338888e+03 3.321425609919930240e-16
5.439253964345668464e+03 3.321067660442397113e-16
5.440476528096397487e+03 3.321142766422134636e-16
5.441698990100321680e+03 3.319817872074368287e-16
5.442921350194233128e+03 3.319873463030940183e-16
5.444143608214931191e+03 3.318557450848519591e-16
5.445365763999207047e+03 3.316211317624989154e-16
5.446587817383857328e+03 3.315319415433867687e-16
5.447809768205675937e+03 3.314016186697209049e-16
5.449031616301459508e+03 3.315418781516126333e-16
5.450253361508001944e+03 3.318154720230055533e-16
5.451475003662098061e+03 3.318479152592767766e-16
5.452696542600542671e+03 3.322608286821933109e-16
5.453917978160130588e+03 3.314887638413470994e-16
5.455139310177656625e+03 3.310326805824015481e-16
5.456360538489916507e+03 3.313687241853459379e-16
5.457581662933704138e+03 3.312395511314224878e-16
5.458802683345816149e+03 3.312503716498033259e-16
5.460023599563045536e+03 3.311593442276268406e-16
5.461244411422187113e+03 3.312744117700450162e-16
5.462465118760037512e+03 3.309928142965507574e-16
5.463685721413390638e+03 3.308521413022332426e-16
5.464906219219042214e+03 3.307938683111901958e-16
5.466126612013785234e+03 3.304889705343685693e-16
5.467346899634416332e+03 3.307838631826690528e-16
5.468567081917729411e+03 3.306508701329576737e-16
5.469787158700520195e+03 3.305753878733641999e-16
5.471007129819583497e+03 3.302525275351647377e-16
5.472226995111713222e+03 3.302602646280177854e-16
5.473446754413706913e+03 3.304324910224081287e-16
5.474666407562354834e+03 3.303182823711456600e-16
5.475885954394456348e+03 3.300468996224539563e-16
5.477105394746804450e+03 3.300878381388860722e-16
5.478324728456194862e+03 3.299072324421745490e-16
5.479543955359420579e+03 3.298430751072240844e-16
5.480763075293279144e+03 3.299992989305632266e-16
5.481982088094563551e+03 3.297852464738921834e-16
5.483200993600068614e+03 3.294900689431155093e-16
5.484419791646590056e+03 3.298075272441327981e-16
5.485638482070923601e+03 3.298536746920165290e-16
5.486857064709863153e+03 3.295371875328602376e-16
5.488075539400202615e+03 3.295146189854967337e-16
5.489293905978738621e+03 3.293482734337651208e-16
5.490512164282265985e+03 3.296434943082849289e-16
5.491730314147577701e+03 3.294215678610650385e-16
5.492948355411471312e+03 3.294474820143225179e-16
5.494166287910740721e+03 3.290734016114832526e-16
5.495384111482178923e+03 3.290666698246553987e-16
5.496601825962584371e+03 3.292904506465398372e-16
5.497819431188748240e+03 3.290549520274972538e-16
5.499036926997468981e+03 3.290138938787445992e-16
5.500254313225537771e+03 3.289540908338301222e-16
5.501471589709753971e+03 3.291368379721630187e-16
5.502688756286906937e+03 3.289796633228721351e-16
5.503905812793796940e+03 3.288077746537176418e-16
5.505122759067216066e+03 3.287988286800692084e-16
5.506339594943960947e+03 3.286567150144663282e-16
5.507556320260823668e+03 3.288237061058194090e-16
5.508772934854601772e+03 3.284317160293854640e-16
5.509989438562088253e+03 3.284716020185934893e-16
5.511205831220079745e+03 3.286272125928744052e-16
5.512422112665370150e+03 3.282697491011195764e-16
5.513638282734755194e+03 3.284367473847904266e-16
5.514854341265027870e+03 3.283473005339208747e-16
5.516070288092985720e+03 3.284966210709402400e-16
5.517286123055421740e+03 3.283320864564377218e-16
5.518501845989131652e+03 3.282830356925521092e-16
5.519717456730910271e+03 3.280810364204316327e-16
5.520932955117552410e+03 3.282481879621737745e-16
5.522148340985852883e+03 3.279727288723951560e-16
5.523363614172606503e+03 3.279499285772479393e-16
5.524578774514608085e+03 3.279277880113255772e-16
