3.201598804817544988e+03 1.378596192495147639e-17
3.202737581253932149e+03 -1.181885269110716147e-17
3.203876550709045659e+03 -1.048141004744318267e-17
3.205015713023571607e+03 1.184429728774243026e-18
3.206155068038195168e+03 1.823548088698929644e-17
3.207294615593602430e+03 3.669292435131810761e-17
3.208434355530478115e+03 2.432100414771618881e-17
3.209574287689506946e+03 3.035316093474015829e-17
3.210714411911375919e+03 4.317942145108660357e-17
3.211854728036769757e+03 6.613783959335387139e-17
3.212995235906374091e+03 3.952513991222697675e-17
3.214135935360874555e+03 8.635647565185569036e-17
3.215276826240955870e+03 6.309203784204174002e-17
3.216417908387304124e+03 3.997110699327560128e-17
3.217559181640604947e+03 4.859509014126794735e-17
3.218700645841543064e+03 5.469594165059955192e-17
3.219842300830805016e+03 5.001801006764299036e-17
3.220984146449074160e+03 4.261383304913870175e-17
3.222126182537037948e+03 5.456385814913115762e-17
3.223268408935381103e+03 5.932196743828718832e-17
3.224410825484788802e+03 5.800053786322502092e-17
3.225553432025947131e+03 7.038555777423952578e-17
3.226696228399541269e+03 6.493946862310358642e-17
3.227839214446256392e+03 5.173977875727674291e-17
3.228982390006778132e+03 6.010855365153599020e-17
3.230125754921792122e+03 6.795048257828900825e-17
3.231269309031983994e+03 5.763500480000549134e-17
3.232413052178038924e+03 6.718257841983755793e-17
3.233556984200642091e+03 6.111429473838108404e-17
3.234701104940479127e+03 5.919089562836517497e-17
3.235845414238235662e+03 6.691384045732478984e-17
3.236989911934596876e+03 6.774807402418445202e-17
3.238134597870247944e+03 5.800870989388892973e-17
3.239279471885874955e+03 5.620000572279584331e-17
3.240424533822163085e+03 6.688250431643969399e-17
3.241569783519797511e+03 5.959516446312503720e-17
3.242715220819464321e+03 6.768739707680104409e-17
3.243860845561848691e+03 7.476864421673092547e-17
3.245006657587635345e+03 7.718711040432283558e-17
3.246152656737511734e+03 6.717677167954235919e-17
3.247298842852160760e+03 6.014511608987594642e-17
3.248445215772269421e+03 6.554077539952385336e-17
3.249591775338522893e+03 7.847676655968618061e-17
3.250738521391606810e+03 6.011176113556351853e-17
3.251885453772205437e+03 6.443218934137985162e-17
3.253032572321005318e+03 6.080455089167890682e-17
3.254179876878692085e+03 5.630666860392871435e-17
3.255327367285950459e+03 5.998085756292376999e-17
3.256475043383466527e+03 7.921030623436649349e-17
3.257622905011925013e+03 7.783106023765315435e-17
3.258770952012012003e+03 6.574333380520136830e-17
3.259919184224413129e+03 9.258392930382202979e-17
3.261067601489813114e+03 7.804678344456450180e-17
3.262216203648898500e+03 7.740228256302477858e-17
3.263364990542352643e+03 7.834009152643882879e-17
3.264513962010862997e+03 9.471569997606349394e-17
3.265663117895114283e+03 8.436386752075513800e-17
3.266812458035791224e+03 7.349970529613641419e-17
3.267961982273580816e+03 8.023025672559944724e-17
3.269111690449167327e+03 8.205704251833665142e-17
3.270261582403236844e+03 8.229367679084442286e-17
3.271411657976474544e+03 8.121836581230299410e-17
3.272561917009566059e+03 7.607633873938919387e-17
3.273712359343196567e+03 7.908456726981373923e-17
3.274862984818051245e+03 7.898211256238054948e-17
3.276013793274816635e+03 7.813666395948049265e-17
3.277164784554176549e+03 7.824874697957153054e-17
3.278315958496818439e+03 7.145241391718260553e-17
3.279467314943425663e+03 7.717422191897761134e-17
3.280618853734685217e+03 8.137171484619518854e-17
3.281770574711281824e+03 7.623896366086647965e-17
3.282922477713901117e+03 7.337051126272837297e-17
3.284074562583228271e+03 8.033678218469635376e-17
3.285226829159948920e+03 7.492431838545192296e-17
3.286379277284749151e+03 8.494366088238978252e-17
3.287531906798313685e+03 8.594782541955405131e-17
3.288684717541327700e+03 8.020231067071596090e-17
3.289837709354477738e+03 6.763760607518207572e-17
3.290990882078448521e+03 8.549156929414592164e-17
3.292144235553925228e+03 8.203807618501851888e-17
3.293297769621593488e+03 8.451542487321472014e-17
3.294451484122139391e+03 9.944289790807286827e-17
3.295605378896247203e+03 1.096297942744765209e-16
3.296759453784603011e+03 1.023292177791185827e-16
3.297913708627892902e+03 1.022827817770060709e-16
3.299068143266801599e+03 1.135872144899201192e-16
3.300222757542014278e+03 1.053007845059669951e-16
3.301377551294217028e+03 8.898229354647468713e-17
3.302532524364095025e+03 9.282414842450433269e-17
3.303687676592333446e+03 8.522829593301163302e-17
3.304843007819619288e+03 9.131268267175596963e-17
3.305998517886635909e+03 8.880897962872549304e-17
3.307154206634069851e+03 8.782802868364548191e-17
3.308310073902605382e+03 8.809824913393466964e-17
3.309466119532929497e+03 8.617667592590273058e-17
3.310622343365726920e+03 8.723339511461020593e-17
3.311778745241683282e+03 8.631273871169114319e-17
3.312935325001483761e+03 9.082518141411424663e-17
3.314092082485813989e+03 8.929352237728978885e-17
3.315249017535359599e+03 8.684964618538310733e-17
3.316406129990805312e+03 8.291889339392020657e-17
3.317563419692837215e+03 9.079056577297109098e-17
3.318720886482141395e+03 9.043474316075576755e-17
3.319878530199402121e+03 9.308479282120085304e-17
3.321036350685305479e+03 8.534959457255718077e-17
3.322194347780536646e+03 8.958182404776599880e-17
3.323352521325780799e+03 8.663455891926862790e-17
3.324510871161723571e+03 8.715087803689271546e-17
3.325669397129051049e+03 8.323079490067315857e-17
3.326828099068447955e+03 9.046466255080225366e-17
3.327986976820599921e+03 8.930052356358245123e-17
3.329146030226192124e+03 8.940369651025701678e-17
3.330305259125910652e+03 8.560517472478343329e-17
3.331464663360440682e+03 8.213940897095344133e-17
3.332624242770467845e+03 8.060633263487209080e-17
3.333783997196677774e+03 7.684386768659058986e-17
3.334943926479755191e+03 7.860730714518292597e-17
3.336104030460385275e+03 8.311562163370293748e-17
3.337264308979254110e+03 7.028603193119151513e-17
3.338424761877046876e+03 7.226828803422890789e-17
3.339585388994449659e+03 7.608835966856699992e-17
3.340746190172147180e+03 7.417460727530188427e-17
3.341907165250825074e+03 7.719055265393224244e-17
3.343068314071168970e+03 8.155759401306629248e-17
3.344229636473864502e+03 8.138252291405604727e-17
3.345391132299597302e+03 6.992732030918801544e-17
3.346552801389051638e+03 7.834124177064333394e-17
3.347714643582913595e+03 7.151931369296523513e-17
3.348876658721868807e+03 7.334550377353670755e-17
3.350038846646602906e+03 7.467579152975530189e-17
3.351201207197801068e+03 7.405965492649486768e-17
3.352363740216148472e+03 7.399485487695014437e-17
3.353526445542330748e+03 6.870299695805888359e-17
3.354689323017033530e+03 7.811049962131780924e-17
3.355852372480941995e+03 7.661834422285756464e-17
3.357015593774741774e+03 8.015127915570243412e-17
3.358178986739118045e+03 7.597278137402512773e-17
3.359342551214757350e+03 8.076135305721073721e-17
3.360506287042343502e+03 7.379899103315223982e-17
3.361670194062563041e+03 8.750212016495545459e-17
3.362834272116101147e+03 8.492241544556429711e-17
3.363998521043642995e+03 8.406145852058389099e-17
3.365162940685873764e+03 7.523424948016137423e-17
3.366327530883480904e+03 8.432002379438926788e-17
3.367492291477146864e+03 8.962982219500488636e-17
3.368657222307559095e+03 1.025844058413711633e-16
3.369822323215402776e+03 1.010808812441368621e-16
3.370987594041362172e+03 1.109941813391732475e-16
3.372153034626124736e+03 1.284314285386579635e-16
3.373318644810374280e+03 1.231162474756034924e-16
3.374484424434796892e+03 1.142242519354556215e-16
3.375650373340078204e+03 1.106436276917065089e-16
3.376816491366902937e+03 1.015007493294904648e-16
3.377982778355957180e+03 9.571966629536944050e-17
3.379149234147926109e+03 9.236969917293514285e-17
3.380315858583495810e+03 8.381741671718011347e-17
3.381482651503350553e+03 8.913133985542617542e-17
3.382649612748176878e+03 8.257135751377251872e-17
3.383816742158659054e+03 8.475733598206247610e-17
3.384984039575484076e+03 8.076473683652173404e-17
3.386151504839335757e+03 8.462834394777896258e-17
3.387319137790900641e+03 7.844503648862931850e-17
3.388486938270863902e+03 8.085102398095967389e-17
3.389654906119911175e+03 7.953683613081700548e-17
3.390823041178727635e+03 8.210358407390265259e-17
3.391991343287998461e+03 7.937758335820643700e-17
3.393159812288409739e+03 7.248382177578556651e-17
3.394328448020646647e+03 7.513910584520820443e-17
3.395497250325394361e+03 7.258439894739247092e-17
3.396666219043338515e+03 7.585609824292757008e-17
3.397835354015164739e+03 7.218396604626057084e-17
3.399004655081558212e+03 7.633907594453028422e-17
3.400174122083204566e+03 7.317468888702218857e-17
3.401343754860788977e+03 7.156209875886597323e-17
3.402513553254997532e+03 7.325901480841221017e-17
3.403683517106514955e+03 6.838984322598053548e-17
3.404853646256026877e+03 6.830603753827415619e-17
3.406023940544218931e+03 7.040150788198944547e-17
3.407194399811776748e+03 6.932916637184902003e-17
3.408365023899384596e+03 6.949996608230513348e-17
3.409535812647730381e+03 7.474456162566091235e-17
3.410706765897497007e+03 6.605635749598022135e-17
3.411877883489371015e+03 6.689496365672224614e-17
3.413049165264037583e+03 6.470860440573170375e-17
3.414220611062182343e+03 6.466860974054932065e-17
3.415392220724490926e+03 6.628210370894482391e-17
3.416563994091648965e+03 6.627633514694939980e-17
3.417735931004341637e+03 6.349423511337110703e-17
3.418908031303253665e+03 7.303194510735019650e-17
3.420080294829070681e+03 7.021325479130704885e-17
3.421252721422479226e+03 7.014943305013209032e-17
3.422425310924164023e+03 7.235396476071892202e-17
3.423598063174810704e+03 6.772046797820486378e-17
3.424770978015104447e+03 7.282914513997918742e-17
3.425944055285730883e+03 6.860987187109859521e-17
3.427117294827375190e+03 7.224073385027988237e-17
3.428290696480723000e+03 7.024501650106959435e-17
3.429464260086459944e+03 7.243465575646215428e-17
3.430637985485271201e+03 6.730352614624083936e-17
3.431811872517842858e+03 7.024106632001768052e-17
3.432985921024859636e+03 7.126946284274332032e-17
3.434160130847006712e+03 6.614660853362627022e-17
3.435334501824970175e+03 6.653849130656689130e-17
3.436509033799435656e+03 7.010786927409438163e-17
3.437683726611088332e+03 7.108583200672301873e-17
3.438858580100613381e+03 7.592473553953583941e-17
3.440033594108696434e+03 7.348330853378604116e-17
3.441208768476022669e+03 7.137160152193037180e-17
3.442384103043277719e+03 7.020428212785720240e-17
3.443559597651147669e+03 6.500725712539817862e-17
3.444735252140316788e+03 6.794138735308288741e-17
3.445911066351472073e+03 6.379789390579885132e-17
3.447087040125297335e+03 6.138798410068251033e-17
3.448263173302478663e+03 6.565651428489045496e-17
3.449439465723702597e+03 6.504699907854814486e-17
3.450615917229652496e+03 6.566537321895308478e-17
3.451792527661014901e+03 6.703416174495586482e-17
3.452969296858475900e+03 7.399074966597892135e-17
3.454146224662719760e+03 7.414224297794806709e-17
3.455323310914432568e+03 7.723600553853039547e-17
3.456500555454299501e+03 8.194803039607471250e-17
3.457677958123006192e+03 7.526374759006967786e-17
3.458855518761238272e+03 7.878204743486873115e-17
3.460033237209680919e+03 7.473868345208434752e-17
3.461211113309019765e+03 7.811380681448043392e-17
3.462389146899939988e+03 7.170530512529120840e-17
3.463567337823126763e+03 6.492693395865739422e-17
3.464745685919266634e+03 6.777502032258335384e-17
3.465924191029043868e+03 6.657208621095514123e-17
3.467102852993144552e+03 6.841721036442834171e-17
3.468281671652253863e+03 6.242463481078175531e-17
3.469460646847057887e+03 6.520305880678630850e-17
3.470639778418240894e+03 6.879830486510636364e-17
3.471819066206488969e+03 6.576546564875907023e-17
3.472998510052487745e+03 6.363136339482547144e-17
3.474178109796922399e+03 6.163757229443651262e-17
3.475357865280478563e+03 6.437876969705705977e-17
3.476537776343841870e+03 6.255871073381351130e-17
3.477717842827697496e+03 6.170086865158685400e-17
3.478898064572730163e+03 6.471795454587728617e-17
3.480078441419626870e+03 6.915074083682079051e-17
3.481258973209071883e+03 7.230428688338035655e-17
3.482439659781750834e+03 7.348711873777928792e-17
3.483620500978349810e+03 8.287082220893245443e-17
3.484801496639553079e+03 8.058759188101864752e-17
3.485982646606047183e+03 8.145895329275917244e-17
3.487163950718517299e+03 7.692633073327014327e-17
3.488345408817648604e+03 7.629456919123564728e-17
3.489527020744126730e+03 7.622706171773041667e-17
3.490708786338636855e+03 7.562739861598627144e-17
3.491890705441865521e+03 7.579201328504081175e-17
3.493072777894496539e+03 7.101331030661580245e-17
3.494255003537216453e+03 6.954382980588629635e-17
3.495437382210709529e+03 7.000894487535475847e-17
3.496619913755663674e+03 7.077548037676714317e-17
3.497802598012761337e+03 6.634390156217571342e-17
3.498985434822689967e+03 6.999677967490242530e-17
3.500168424026134289e+03 6.304312111141373208e-17
3.501351565463779934e+03 6.589036261594986286e-17
3.502534858976311625e+03 6.820809448640958166e-17
3.503718304404416358e+03 6.810397690197752548e-17
3.504901901588777946e+03 6.340426695138418187e-17
3.506085650370083385e+03 6.482487083376056001e-17
3.507269550589017399e+03 6.764978370180978327e-17
3.508453602086264254e+03 6.313071392537483264e-17
3.509637804702511403e+03 6.539890311847841342e-17
3.510822158278443112e+03 6.459864848267686971e-17
3.512006662654745469e+03 6.561588743766922321e-17
3.513191317672103196e+03 6.967919504959926183e-17
3.514376123171201471e+03 6.540156445133413988e-17
3.515561078992727289e+03 6.319377926291770063e-17
3.516746184977364919e+03 6.646224709972633271e-17
3.517931440965799538e+03 6.035316539710595485e-17
3.519116846798717688e+03 6.208763356596009060e-17
3.520302402316804091e+03 6.575336768819171130e-17
3.521488107360744834e+03 6.384299062381308182e-17
3.522673961771224185e+03 6.380669579414225399e-17
3.523859965388928686e+03 6.634687840723733912e-17
3.525046118054543058e+03 6.436570737280450643e-17
3.526232419608753844e+03 6.417313813506795314e-17
3.527418869892244857e+03 6.418963597412138126e-17
3.528605468745702638e+03 6.322594821572945282e-17
3.529792216009812364e+03 6.314069224359715631e-17
3.530979111525259668e+03 6.759793364709699606e-17
3.532166155132729727e+03 6.369053743513193808e-17
3.533353346672907719e+03 6.669964840345662710e-17
3.534540685986479730e+03 6.303768097294653614e-17
3.535728172914131846e+03 6.519216271478327987e-17
3.536915807296547882e+03 6.791404560476809857e-17
3.538103588974413924e+03 6.597798846514921141e-17
3.539291517788415604e+03 6.983250892020791714e-17
3.540479593579238554e+03 6.885358623730472071e-17
3.541667816187567496e+03 6.749755757219511607e-17
3.542856185454088518e+03 7.028384235059194207e-17
3.544044701219487251e+03 7.479480704166535594e-17
3.545233363324448419e+03 7.732983019914132619e-17
3.546422171609657653e+03 7.989645884922249151e-17
3.547611125915801040e+03 7.944203513664295439e-17
3.548800226083563302e+03 8.189124335277920670e-17
3.549989471953630073e+03 8.225476761940717329e-17
3.551178863366687438e+03 7.814709680387032554e-17
3.552368400163419665e+03 7.298864020780460135e-17
3.553558082184512841e+03 7.526044034293270933e-17
3.554747909270653054e+03 7.780599020923498492e-17
3.555937881262524115e+03 7.356946655081464309e-17
3.557127998000813022e+03 7.849015494591742554e-17
3.558318259326204497e+03 7.293078222960077039e-17
3.559508665079383718e+03 7.715165997027730202e-17
3.560699215101037225e+03 7.448031423283313632e-17
3.561889909231849288e+03 7.171107120126057666e-17
3.563080747312505991e+03 7.077908094901418288e-17
3.564271729183692514e+03 7.105889264477342196e-17
3.565462854686094943e+03 7.200782984316265053e-17
3.566654123660398454e+03 7.275639563660656581e-17
3.567845535947287317e+03 6.675661887265411893e-17
3.569037091387448072e+03 6.758230578037459577e-17
3.570228789821566806e+03 6.275101074034498544e-17
3.571420631090327333e+03 6.256130014499773738e-17
3.572612615034416194e+03 6.349257141826147002e-17
3.573804741494518566e+03 6.402284626859698494e-17
3.574997010311320082e+03 6.209583727084897090e-17
3.576189421325505464e+03 6.355592894097793460e-17
3.577381974377761253e+03 6.777518911685030246e-17
3.578574669308771718e+03 6.911413971304523601e-17
3.579767505959223399e+03 6.505516605644820545e-17
3.580960484169801930e+03 6.544020413786155576e-17
3.582153603781191578e+03 6.089696056655160047e-17
3.583346864634077974e+03 5.608590637531488145e-17
3.584540266569147207e+03 5.691430237989053950e-17
3.585733809427084907e+03 5.269294019655637951e-17
3.586927493048575343e+03 5.287048471475178125e-17
3.588121317274304602e+03 5.134273022945333480e-17
3.589315281944958315e+03 5.082480435984621325e-17
3.590509386901222115e+03 4.969335668469425172e-17
3.591703631983780724e+03 5.135007105854944076e-17
3.592898017033320230e+03 4.944429092533603577e-17
3.594092541890525808e+03 4.836821917957258908e-17
3.595287206396083093e+03 5.248324335000580343e-17
3.596482010390677715e+03 5.297325720994224219e-17
3.597676953714993942e+03 5.175286268630611705e-17
3.598872036209718772e+03 4.917537073382444673e-17
3.600067257715536925e+03 5.005546643751615359e-17
3.601262618073133126e+03 5.211783411597523386e-17
3.602458117123194370e+03 4.889675219271376914e-17
3.603653754706404925e+03 4.888806293051915200e-17
3.604849530663450878e+03 4.833006106851583332e-17
3.606045444835016951e+03 4.849032139275118857e-17
3.607241497061789232e+03 4.665728701490105939e-17
3.608437687184453353e+03 4.573342956470831320e-17
3.609634015043694490e+03 4.438233066941092052e-17
3.610830480480197821e+03 4.607196529589079209e-17
3.612027083334648523e+03 4.679055113901735710e-17
3.613223823447733139e+03 4.513431499914456573e-17
3.614420700660136390e+03 4.543210578727746668e-17
3.615617714812543454e+03 4.634147146215759390e-17
3.616814865745640418e+03 4.823080756043701220e-17
3.618012153300112004e+03 4.901050532083490278e-17
3.619209577316644754e+03 5.134157985184621981e-17
3.620407137635922481e+03 5.034166073212196624e-17
3.621604834098632637e+03 5.419491182923004589e-17
3.622802666545459033e+03 5.099343162137820740e-17
3.624000634817087757e+03 5.176049948436702708e-17
3.625198738754204896e+03 5.220981520183525615e-17
3.626396978197494263e+03 5.263535224320217313e-17
3.627595352987642855e+03 5.063313651296660274e-17
3.628793862965336302e+03 5.215697337323422844e-17
3.629992507971257965e+03 5.267150409335695505e-17
3.631191287846094838e+03 5.325335256720314348e-17
3.632390202430532554e+03 5.353962587109908439e-17
3.633589251565255381e+03 5.486116762537239272e-17
3.634788435090950315e+03 5.173661546923033279e-17
3.635987752848301625e+03 5.679163405546053412e-17
3.637187204677994941e+03 5.537665034433931232e-17
3.638386790420716352e+03 5.814481922516876561e-17
3.639586509917151034e+03 5.730935093165667989e-17
3.640786363007984164e+03 5.526106975854286741e-17
3.641986349533900466e+03 5.546096056115611138e-17
3.643186469335587390e+03 5.795335377058402874e-17
3.644386722253728749e+03 5.451294465940839531e-17
3.645587108129010630e+03 5.362088537399539051e-17
3.646787626802117757e+03 5.297383662094458479e-17
3.647988278113736214e+03 5.209159555345896432e-17
3.649189061904551636e+03 5.075130329876400469e-17
3.650389978015248744e+03 4.987382205602176647e-17
3.651591026286514079e+03 5.194642569835420460e-17
3.652792206559031911e+03 4.903003047707543402e-17
3.653993518673488779e+03 4.918583497487454800e-17
3.655194962470568953e+03 4.870353663940556825e-17
3.656396537790958519e+03 4.874345784857612316e-17
3.657598244475343108e+03 4.913086726940270771e-17
3.658800082364408809e+03 4.847264159612911024e-17
3.660002051298838978e+03 5.388427875991349780e-17
3.661204151119320613e+03 5.053288415258624210e-17
3.662406381666538891e+03 5.193411159391276127e-17
3.663608742781179444e+03 5.023205107219116385e-17
3.664811234303926994e+03 5.241230568358228543e-17
3.666013856075468084e+03 5.060111275327162869e-17
3.667216607936486980e+03 4.978779668977706797e-17
3.668419489727669770e+03 5.036113448096570635e-17
3.669622501289702541e+03 4.838318113663738792e-17
3.670825642463269560e+03 5.013363065723719551e-17
3.672028913089056914e+03 4.913209355153919493e-17
3.673232313007749781e+03 4.492346771420877806e-17
3.674435842060033792e+03 4.995479620602376175e-17
3.675639500086594126e+03 4.764585221569384195e-17
3.676843286928116413e+03 4.740028441854711426e-17
3.678047202425285832e+03 4.658874871281389166e-17
3.679251246418788469e+03 4.669910491535065857e-17
3.680455418749309047e+03 4.655407279062995278e-17
3.681659719257533652e+03 4.345797422508226295e-17
3.682864147784147463e+03 4.312687393936822945e-17
3.684068704169837019e+03 4.497177453863990850e-17
3.685273388255285226e+03 4.356407686540822048e-17
3.686478199881179080e+03 4.565776273796502700e-17
3.687683138888204212e+03 4.477691015335246984e-17
3.688888205117045800e+03 4.389838273986860018e-17
3.690093398408389476e+03 4.354551305092774889e-17
3.691298718602919962e+03 4.583210613812242770e-17
3.692504165541323800e+03 4.557391912542311750e-17
3.693709739064285259e+03 4.525983302680059185e-17
3.694915439012490879e+03 4.374327924978499403e-17
3.696121265226624928e+03 4.594185755176206246e-17
3.697327217547374403e+03 4.522226258830674518e-17
3.698533295815423571e+03 4.559370997497385852e-17
3.699739499871458065e+03 4.821663149739158718e-17
3.700945829556163517e+03 4.849443616023653086e-17
3.702152284710225558e+03 4.942598681547880957e-17
3.703358865174328912e+03 5.084631775098153921e-17
3.704565570789159210e+03 5.255630068021654519e-17
3.705772401395402994e+03 4.828632887239042549e-17
3.706979356833744987e+03 4.774458356181626424e-17
3.708186436944869911e+03 4.978332865538066129e-17
3.709393641569464307e+03 4.747393858666312372e-17
3.710600970548213354e+03 4.736343807472819127e-17
3.711808423721801773e+03 4.775770507620390680e-17
3.713016000930915652e+03 4.785404137227890997e-17
3.714223702016241077e+03 4.863248026666503472e-17
3.715431526818461862e+03 4.726746095019642345e-17
3.716639475178265002e+03 4.637145386299747681e-17
3.717847546936334766e+03 4.679145388451754922e-17
3.719055741933357240e+03 4.917082464683466302e-17
3.720264060010018056e+03 4.195812501359252358e-17
3.721472501007001938e+03 4.320009285142268050e-17
3.722681064764995426e+03 4.269285381004249704e-17
3.723889751124682789e+03 4.122168711275889820e-17
3.725098559926750113e+03 4.305557235959799322e-17
3.726307491011882576e+03 4.151977660044961249e-17
3.727516544220765809e+03 4.556714020881721059e-17
3.728725719394085445e+03 4.551139040978263631e-17
3.729935016372527116e+03 4.901699284367732850e-17
3.731144434996775090e+03 5.260301491145679758e-17
3.732353975107515907e+03 5.246764769552075645e-17
3.733563636545434292e+03 5.107679057703905134e-17
3.734773419151216785e+03 5.105372711236141117e-17
3.735983322765548110e+03 4.902056718159270976e-17
3.737193347229112987e+03 4.745731570614025559e-17
3.738403492382598415e+03 4.667941756532568381e-17
3.739613758066688206e+03 4.844127289999051377e-17
3.740824144122069356e+03 4.920289994421555812e-17
3.742034650389426133e+03 5.053012054850033836e-17
3.743245276709444624e+03 5.247219568485067154e-17
3.744456022922810916e+03 5.333546881376298953e-17
3.745666888870208368e+03 5.126904801213072256e-17
3.746877874392324429e+03 5.019765885106009884e-17
3.748088979329843824e+03 4.691328700792585499e-17
3.749300203523451273e+03 4.579751246449183993e-17
3.750511546813834229e+03 4.597027590758727962e-17
3.751723009041676050e+03 4.545250809275534355e-17
3.752934590047663278e+03 4.805731068564754209e-17
3.754146289672480179e+03 4.591700843700566615e-17
3.755358107756814206e+03 4.823583958390405503e-17
3.756570044141349172e+03 4.938054297737730490e-17
3.757782098666770707e+03 4.927116383573846661e-17
3.758994271173765810e+03 4.805280165174592990e-17
3.760206561503017838e+03 4.690521782740981517e-17
3.761418969495213332e+03 4.492826974807289496e-17
3.762631494991037471e+03 4.276660148067402042e-17
3.763844137831174976e+03 4.211101604254642275e-17
3.765056897856313299e+03 4.202002795653125735e-17
3.766269774907136252e+03 4.395845370111703048e-17
3.767482768824329924e+03 4.274211467361644910e-17
3.768695879448579035e+03 4.094094820736162188e-17
3.769909106620569673e+03 4.127238958442391927e-17
3.771122450180986561e+03 4.015862459584390620e-17
3.772335909970516241e+03 3.950627665578762017e-17
3.773549485829844343e+03 4.394188928634054297e-17
3.774763177599655137e+03 4.326571188066453922e-17
3.775976985120634254e+03 4.513436233056289865e-17
3.777190908233467326e+03 4.420988754802393825e-17
3.778404946778840440e+03 4.565960221002984557e-17
3.779619100597437864e+03 4.422923955449752228e-17
3.780833369529946594e+03 4.524037430209544423e-17
3.782047753417050444e+03 4.585368552094782677e-17
3.783262252099435955e+03 4.445774591738342885e-17
3.784476865417787849e+03 4.345309287855243299e-17
3.785691593212792213e+03 4.499208782722208453e-17
3.786906435325133771e+03 4.368241002158894672e-17
3.788121391595499063e+03 4.305992452001518336e-17
3.789336461864572811e+03 4.378666216660874657e-17
3.790551645973040195e+03 4.216707218611585108e-17
3.791766943761586845e+03 4.292425296428827174e-17
3.792982355070898848e+03 4.352501048417537414e-17
3.794197879741661382e+03 4.591947701584054288e-17
3.795413517614559169e+03 4.417347899298359319e-17
3.796629268530277841e+03 4.480839746565742121e-17
3.797845132329503485e+03 4.309543872161573253e-17
3.799061108852921279e+03 4.290056656043184804e-17
3.800277197941216855e+03 4.104870711527270410e-17
3.801493399435074934e+03 4.341311249159444651e-17
3.802709713175181605e+03 4.317147982690841053e-17
3.803926139002222953e+03 4.432538746792964474e-17
3.805142676756883247e+03 4.746253172094054232e-17
3.806359326279847664e+03 4.488840639682555070e-17
3.807576087411802746e+03 4.493639094239243449e-17
3.808792959993433669e+03 4.388526374778057585e-17
3.810009943865425612e+03 4.190313502427306818e-17
3.811227038868464660e+03 4.210427536123792525e-17
3.812444244843234628e+03 4.342870142601430332e-17
3.813661561630422511e+03 4.265806498663499803e-17
3.814878989070713487e+03 4.525499562144745346e-17
3.816096527004792733e+03 4.411439728165645369e-17
3.817314175273345882e+03 4.561227505353741989e-17
3.818531933717058109e+03 4.626510038514728429e-17
3.819749802176615503e+03 4.218070613148203495e-17
3.820967780492702786e+03 4.515876943549748065e-17
3.822185868506005590e+03 4.461398425093862162e-17
3.823404066057209093e+03 4.359458227024444390e-17
3.824622372987000290e+03 4.222850241900080016e-17
3.825840789136062085e+03 4.218562273408365193e-17
3.827059314345081475e+03 4.195167895337175790e-17
3.828277948454744092e+03 4.264409709015445023e-17
3.829496691305734657e+03 4.273973154797029572e-17
3.830715542738739259e+03 4.563666821508911364e-17
3.831934502594443074e+03 4.938464970564942936e-17
3.833153570713531735e+03 4.995607743725310969e-17
3.834372746936689964e+03 4.948096024744960978e-17
3.835592031104603848e+03 5.006397971783955817e-17
3.836811423057958564e+03 4.863778022609781441e-17
3.838030922637439744e+03 4.571994645547443109e-17
3.839250529683732566e+03 4.558684284958301376e-17
3.840470244037523571e+03 4.524111835936500839e-17
3.841690065539496572e+03 4.493451140768061644e-17
3.842909994030338112e+03 4.440891254951346671e-17
3.844130029350732912e+03 4.480140339315367466e-17
3.845350171341367059e+03 4.693496562339846318e-17
3.846570419842925730e+03 4.941924887708982766e-17
3.847790774696094559e+03 4.811967852866909453e-17
3.849011235741558721e+03 4.526910181446521324e-17
3.850231802820003850e+03 4.692282373177398815e-17
3.851452475772114667e+03 4.783450641589452827e-17
3.852673254438577715e+03 4.746967469035135711e-17
3.853894138660077715e+03 4.677961932668874056e-17
3.855115128277300755e+03 4.634596456549652571e-17
3.856336223130932012e+03 4.559643754287410149e-17
3.857557423061656664e+03 4.482633800060852298e-17
3.858778727910160342e+03 4.358293847954755448e-17
3.860000137517128223e+03 4.310124976134627717e-17
3.861221651723246396e+03 4.233149343837564608e-17
3.862443270369199581e+03 4.326801238769992367e-17
3.863664993295673867e+03 4.372259217739756391e-17
3.864886820343354429e+03 4.362297102992654467e-17
3.866108751352926447e+03 4.498556122440952142e-17
3.867330786165075097e+03 4.208048338023252885e-17
3.868552924620487374e+03 4.342536043840613349e-17
3.869775166559847094e+03 4.291632867564404610e-17
3.870997511823840341e+03 4.361506644757033833e-17
3.872219960253152749e+03 4.226721955151174663e-17
3.873442511688469494e+03 4.134845896387509625e-17
3.874665165970475755e+03 4.128504803429161401e-17
3.875887922939857162e+03 4.188713576695836648e-17
3.877110782437299349e+03 4.258642929653809578e-17
3.878333744303488402e+03 4.026188161135854404e-17
3.879556808379108588e+03 4.094443170869835553e-17
3.880779974504845541e+03 4.273634885128289017e-17
3.882003242521385346e+03 4.241180319118350453e-17
3.883226612269412726e+03 4.270202553903390262e-17
3.884450083589613769e+03 4.576754669822096746e-17
3.885673656322673651e+03 4.301813930200679573e-17
3.886897330309278004e+03 4.347277040999780396e-17
3.888121105390112007e+03 4.057266939760085178e-17
3.889344981405860835e+03 3.834310591821145053e-17
3.890568958197210577e+03 3.875961337922826444e-17
3.891793035604846409e+03 3.699852250130229052e-17
3.893017213469453964e+03 3.928679599333619458e-17
3.894241491631717963e+03 3.785670440104659913e-17
3.895465869932325404e+03 4.014583266921641550e-17
3.896690348211959645e+03 4.055916260161918486e-17
3.897914926311307681e+03 3.995621220745192951e-17
3.899139604071053782e+03 3.991795233119419618e-17
3.900364381331884488e+03 3.878558030203108084e-17
3.901589257934485431e+03 3.864661688401897485e-17
3.902814233719541335e+03 3.959546604767216774e-17
3.904039308527737376e+03 3.954541351328419371e-17
3.905264482199759186e+03 4.039588314614310167e-17
3.906489754576292853e+03 4.112469465419529314e-17
3.907715125498023099e+03 4.228273851465099710e-17
3.908940594805636010e+03 4.321204416077314139e-17
3.910166162339817220e+03 4.284315256895681798e-17
3.911391827941250995e+03 4.419822116746467777e-17
3.912617591450623422e+03 4.451713376832240259e-17
3.913843452708620134e+03 4.522232213160249874e-17
3.915069411555926308e+03 4.667022353118706123e-17
3.916295467833227576e+03 4.423699666070504476e-17
3.917521621381209570e+03 4.321553270372904151e-17
3.918747872040557013e+03 4.053124386839818606e-17
3.919974219651955536e+03 3.897245605478063168e-17
3.921200664056091227e+03 3.633335350362414250e-17
3.922427205093649263e+03 3.577886748719291680e-17
3.923653842605315276e+03 3.503427095364353991e-17
3.924880576431774443e+03 3.429374901583664798e-17
3.926107406413711487e+03 3.414283688258957468e-17
3.927334332391812950e+03 3.475967865646623464e-17
3.928561354206763554e+03 3.312903453978436243e-17
3.929788471699249385e+03 3.265498834615183592e-17
3.931015684709956076e+03 3.239132907720735221e-17
3.932242993079568350e+03 3.137741988777483588e-17
3.933470396648771839e+03 2.929298455749466521e-17
3.934697895258251719e+03 3.066065203444949183e-17
3.935925488748694079e+03 2.923865628574019078e-17
3.937153176960783640e+03 2.826906397177346819e-17
3.938380959735206488e+03 3.114743631964730675e-17
3.939608836912647803e+03 3.265390514761506445e-17
3.940836808333794124e+03 3.425884145578818465e-17
3.942064873839328357e+03 3.560153803494560092e-17
3.943293033269937951e+03 3.593017854945134106e-17
3.944521286466308084e+03 3.617687033282871097e-17
3.945749633269123933e+03 3.779956289727667906e-17
3.946978073519070676e+03 3.670257554448966534e-17
3.948206607056834400e+03 3.602124201158900005e-17
3.949435233723099827e+03 3.708652587342853141e-17
3.950663953358553499e+03 3.521020855733096292e-17
3.951892765803879229e+03 3.629832368207408946e-17
3.953121670899763558e+03 3.548540685068245611e-17
3.954350668486892118e+03 3.495048575859710573e-17
3.955579758405950088e+03 3.620318913528229826e-17
3.956808940497622643e+03 3.625754771781971903e-17
3.958038214602595417e+03 3.665194967234627953e-17
3.959267580561553586e+03 3.564200586816756434e-17
3.960497038215183238e+03 3.438062501873367962e-17
3.961726587404169550e+03 3.448720257188422165e-17
3.962956227969197698e+03 3.359464962985020708e-17
3.964185959750952861e+03 3.108936362283238109e-17
3.965415782590121125e+03 2.941396977133488624e-17
3.966645696327387668e+03 2.984216602881574633e-17
3.967875700803438576e+03 2.838723686625298908e-17
3.969105795858958118e+03 2.731804714042212754e-17
3.970335981334632834e+03 2.741056669080291472e-17
3.971566257071147902e+03 2.698727071207478138e-17
3.972796622909187590e+03 2.803020229589169175e-17
3.974027078689438895e+03 2.952214324013230103e-17
3.975257624252586083e+03 3.136753411963032875e-17
3.976488259439315698e+03 3.333555937730708652e-17
3.977718984090313370e+03 3.323812202394488709e-17
3.978949798046262913e+03 3.465977589133617642e-17
3.980180701147850868e+03 3.540920539066501013e-17
3.981411693235762414e+03 3.560273339686007039e-17
3.982642774150683181e+03 3.463740712492225800e-17
3.983873943733298802e+03 3.478138747932746048e-17
3.985105201824293999e+03 3.587826551904149860e-17
3.986336548264355770e+03 3.485317771927845456e-17
3.987567982894167471e+03 3.422251745670522526e-17
3.988799505554415646e+03 3.587327866728426016e-17
3.990031116085785925e+03 3.518818736148388094e-17
3.991262814328963486e+03 3.654746874438997570e-17
3.992494600124633962e+03 3.646868116861644464e-17
3.993726473313482074e+03 3.534834321914842285e-17
3.994958433736193911e+03 3.640114189734863415e-17
3.996190481233455102e+03 3.634545255500261226e-17
3.997422615645950827e+03 3.602507126104190489e-17
3.998654836814365808e+03 3.884461740745044462e-17
3.999887144579387041e+03 3.719095145447060948e-17
4.001119538781699248e+03 3.649509697595331246e-17
4.002352019261987152e+03 3.674071813900119669e-17
4.003584585860937295e+03 3.593992125242823725e-17
4.004817238419233945e+03 3.637440405038174875e-17
4.006049976777563643e+03 3.482944028128020046e-17
4.007282800776612021e+03 3.611381025782956120e-17
4.008515710257063347e+03 3.529392570512391020e-17
4.009748705059603708e+03 3.695003760447893309e-17
4.010981785024918281e+03 3.895333679710622263e-17
4.012214949993693153e+03 3.804226268321796536e-17
4.013448199806613047e+03 3.821774718616542647e-17
4.014681534304363140e+03 3.715449460806665106e-17
4.015914953327630428e+03 3.717347259977839884e-17
4.017148456717099180e+03 3.677822325669181954e-17
4.018382044313455026e+03 3.651726883512172634e-17
4.019615715957383145e+03 3.724440626822878595e-17
4.020849471489569623e+03 3.696323128863910166e-17
4.022083310750699184e+03 3.719373909811048649e-17
4.023317233581458368e+03 3.770281298044553483e-17
4.024551239822531443e+03 3.815423525590832943e-17
4.025785329314604041e+03 3.659804864750500913e-17
4.027019501898362250e+03 3.633550627882512941e-17
4.028253757414490792e+03 3.660392264671325286e-17
4.029488095703675754e+03 3.651502945538249296e-17
4.030722516606602312e+03 3.622550956783290079e-17
4.031957019963956100e+03 3.646672247072666224e-17
4.033191605616421839e+03 3.661581330475064671e-17
4.034426273404686071e+03 3.578701912100825908e-17
4.035661023169433520e+03 3.547811338984534400e-17
4.036895854751349361e+03 3.574418673106476636e-17
4.038130767991120138e+03 3.745879806930916581e-17
4.039365762729430116e+03 3.904594291771966458e-17
4.040600838806965385e+03 3.793879842483372325e-17
4.041835996064411120e+03 3.936553716326179421e-17
4.043071234342452954e+03 4.094899090814282643e-17
4.044306553481776518e+03 3.889815796613283054e-17
4.045541953323066991e+03 4.025562109997936902e-17
4.046777433707010005e+03 3.803598847430705328e-17
4.048012994474290736e+03 3.796569265144863769e-17
4.049248635465594361e+03 3.728979591122815630e-17
4.050484356521607424e+03 3.839825144397780236e-17
4.051720157483014191e+03 3.934896852240912541e-17
4.052956038190500294e+03 3.800789720823384988e-17
4.054191998484752276e+03 3.683814878485602724e-17
4.055428038206453948e+03 3.807259454288762404e-17
4.056664157196292308e+03 3.484010690615806625e-17
4.057900355294951623e+03 3.650947990247839744e-17
4.059136632343117981e+03 3.792550056121258745e-17
4.060372988181477012e+03 3.671974451103412511e-17
4.061609422650712986e+03 3.706431540598175947e-17
4.062845935591512898e+03 3.747563191454613180e-17
4.064082526844561471e+03 3.945115054374093083e-17
4.065319196250543428e+03 3.849054520393540122e-17
4.066555943650145309e+03 3.789264508328204498e-17
4.067792768884052293e+03 3.828466692124493749e-17
4.069029671792950012e+03 3.983216262683811345e-17
4.070266652217523188e+03 3.898186545450475962e-17
4.071503709998457907e+03 3.769401670400927728e-17
4.072740844976438893e+03 3.716737778218999733e-17
4.073978056992152688e+03 3.773116959483352407e-17
4.075215345886284013e+03 3.847188471361410537e-17
4.076452711499518045e+03 3.826279941841763427e-17
4.077690153672541783e+03 3.691806679360683616e-17
4.078927672246038583e+03 3.801598421238769036e-17
4.080165267060694987e+03 3.719890038944321860e-17
4.081402937957196173e+03 3.755957165419719524e-17
4.082640684776228227e+03 3.659990138653242032e-17
4.083878507358475872e+03 3.721530183013519917e-17
4.085116405544624740e+03 3.780116087359760715e-17
4.086354379175360009e+03 3.648499283590081702e-17
4.087592428091367765e+03 3.593808004199227892e-17
4.088830552133332731e+03 3.738180401225094561e-17
4.090068751141940993e+03 3.829458202191501115e-17
4.091307024957877275e+03 3.745117585904536208e-17
4.092545373421828117e+03 3.672931728578821761e-17
4.093783796374478698e+03 3.657104609363887995e-17
4.095022293656513739e+03 3.654772601272066682e-17
4.096260865108619328e+03 3.614692645679457202e-17
4.097499510571479732e+03 3.606533871452535745e-17
4.098738229885781948e+03 3.558889175858658069e-17
4.099977022892211608e+03 3.630738415735491059e-17
4.101215889431451615e+03 3.594927919212956608e-17
4.102454829344189420e+03 3.504162783652182648e-17
4.103693842471111566e+03 3.320481021170889265e-17
4.104932928652900955e+03 3.167333747402923395e-17
4.106172087730244129e+03 3.504990370559385130e-17
4.107411319543826721e+03 3.436507568485061531e-17
4.108650623934334362e+03 3.624764031896567969e-17
4.109890000742451775e+03 3.691562422388749026e-17
4.111129449808865502e+03 3.684336775891499172e-17
4.112368970974260264e+03 3.518207488047561828e-17
4.113608564079321695e+03 3.586551744928131348e-17
4.114848228964734517e+03 3.597411951575888556e-17
4.116087965471184361e+03 3.517660509420225675e-17
4.117327773439357770e+03 3.587745401475436564e-17
4.118567652709939466e+03 3.522828487874261444e-17
4.119807603123614172e+03 3.428284201708614344e-17
4.121047624521069338e+03 3.451101537707254940e-17
4.122287716742987868e+03 3.631740285755470292e-17
4.123527879630058123e+03 3.568202207207037868e-17
4.124768113022962098e+03 3.555539976611506866e-17
4.126008416762389061e+03 3.618022179905244119e-17
4.127248790689021916e+03 3.553357892882238981e-17
4.128489234643545387e+03 3.761315323489201134e-17
4.129729748466646924e+03 3.455157493368348531e-17
4.130970331999011250e+03 3.466063734394891748e-17
4.132210985081323997e+03 3.520590851724961590e-17
4.133451707554269888e+03 3.524818040249286441e-17
4.134692499258536373e+03 3.476225656509109109e-17
4.135933360034805446e+03 3.465579139922233878e-17
4.137174289723766378e+03 3.794457291776395618e-17
4.138415288166101163e+03 3.657470305668929808e-17
4.139656355202498162e+03 3.673740658403676425e-17
4.140897490673640277e+03 3.586036319564965039e-17
4.142138694420214961e+03 3.621013414373046308e-17
4.143379966282907844e+03 3.518692741460495960e-17
4.144621306102401832e+03 3.468521420676138643e-17
4.145862713719384374e+03 3.530925251341552864e-17
4.147104188974541103e+03 3.618472181785482094e-17
4.148345731708555832e+03 3.421049752131813584e-17
4.149587341762116921e+03 3.543361291323992879e-17
4.150829018975905456e+03 3.517387528193426411e-17
4.152070763190611615e+03 3.545745276025534182e-17
4.153312574246916483e+03 3.526134618834954945e-17
4.154554451985509331e+03 3.684723306231497015e-17
4.155796396247073062e+03 3.652816936656372004e-17
4.157038406872295127e+03 3.667209457339405432e-17
4.158280483701859339e+03 3.754825077202779882e-17
4.159522626576451330e+03 3.753723909069641554e-17
4.160764835336755823e+03 3.893877688943454825e-17
4.162007109823461178e+03 3.746093188589044164e-17
4.163249449877250299e+03 3.914574969101702535e-17
4.164491855338807909e+03 3.847055689168226739e-17
4.165734326048822368e+03 3.877656212894627668e-17
4.166976861847976579e+03 3.794183267302785399e-17
4.168219462576957994e+03 3.991107982761852863e-17
4.169462128076450426e+03 3.949874743307257695e-17
4.170704858187139507e+03 3.980981726802855651e-17
4.171947652749712688e+03 3.928816258708233457e-17
4.173190511604852873e+03 3.804148189148970351e-17
4.174433434593246602e+03 3.728295181544068475e-17
4.175676421555579509e+03 3.815664882585219283e-17
4.176919472332536316e+03 3.762671832595989978e-17
4.178162586764802654e+03 3.752586348401171546e-17
4.179405764693065066e+03 3.708618796910588544e-17
4.180649005958007365e+03 3.728623263074488039e-17
4.181892310400316092e+03 3.713038540658259952e-17
4.183135677860675969e+03 3.738151747872635746e-17
4.184379108179772629e+03 3.553985468347234930e-17
4.185622601198292614e+03 3.658432873537018446e-17
4.186866156756920645e+03 3.594620889018983559e-17
4.188109774696341447e+03 3.464681592722954855e-17
4.189353454857241559e+03 3.562416887749301992e-17
4.190597197080305705e+03 3.484053889743262850e-17
4.191841001206219516e+03 3.484435991218479319e-17
4.193084867075667717e+03 3.695992331790778898e-17
4.194328794529337756e+03 3.591748849343621231e-17
4.195572783407912539e+03 3.531599268371095730e-17
4.196816833552079515e+03 3.528587499124907299e-17
4.198060944802523409e+03 3.410570458050511697e-17
4.199305116999929851e+03 3.366402354459351718e-17
4.200549349984983564e+03 3.414312169033573912e-17
4.201793643598371091e+03 3.438004872725870021e-17
4.203037997680777153e+03 3.396334662306812040e-17
4.204282412072888292e+03 3.301963527820199428e-17
4.205526886615387411e+03 3.385258098536914131e-17
4.206771421148962872e+03 3.403123818180839490e-17
4.208016015514298488e+03 3.624596268875236673e-17
4.209260669552079889e+03 3.496407909311042025e-17
4.210505383102991800e+03 3.424959259110280470e-17
4.211750156007721671e+03 3.370287174155027271e-17
4.212994988106953315e+03 3.585388339565142494e-17
4.214239879241373274e+03 3.271127754637924999e-17
4.215484829251665360e+03 3.490003988444623989e-17
4.216729837978517025e+03 3.466193768105567089e-17
4.217974905262612083e+03 3.365101683532963717e-17
4.219220030944637074e+03 3.383075197319329448e-17
4.220465214865278540e+03 3.450511209329208363e-17
4.221710456865218475e+03 3.489743570209727774e-17
4.222955756785144331e+03 3.420492462144409796e-17
4.224201114465742648e+03 3.284706846076818366e-17
4.225446529747696331e+03 3.315757628330875609e-17
4.226692002471693741e+03 3.111709616813477602e-17
4.227937532478417779e+03 3.269065661231673855e-17
4.229183119608554989e+03 3.203748136970446804e-17
4.230428763702790093e+03 3.238958480826544821e-17
4.231674464601810541e+03 3.443390386315166205e-17
4.232920222146299238e+03 3.280775502163815962e-17
4.234166036176943635e+03 3.404864892238740365e-17
4.235411906534429363e+03 3.410675800343441371e-17
4.236657833059439326e+03 3.445840692996464801e-17
4.237903815592660976e+03 3.290575412348351011e-17
4.239149853974779035e+03 3.242830068758427541e-17
4.240395948046479134e+03 3.201804530784636289e-17
4.241642097648446907e+03 3.258937434747032451e-17
4.242888302621367984e+03 3.361079747742336517e-17
4.244134562805927999e+03 3.416435601309468706e-17
4.245380878042810764e+03 3.413811821090202682e-17
4.246627248172703730e+03 3.339670034491480032e-17
4.247873673036291621e+03 3.293599991648005216e-17
4.249120152474259157e+03 3.352347705702751217e-17
4.250366686327293792e+03 3.377786235693398599e-17
4.251613274436078427e+03 3.384912866303532732e-17
4.252859916641299606e+03 3.335980728865931213e-17
4.254106612783642049e+03 3.351233399226403435e-17
4.255353362703793209e+03 3.428383994838539010e-17
4.256600166242436899e+03 3.387845692154269066e-17
4.257847023240257840e+03 3.414262009289460381e-17
4.259093933537943485e+03 3.407439873842665991e-17
4.260340896976179465e+03 3.347337617902016988e-17
4.261587913395648684e+03 3.345856096901321762e-17
4.262834982637038593e+03 3.222547835419505820e-17
4.264082104541034823e+03 3.394765615268433629e-17
4.265329278948321189e+03 3.397995142701312922e-17
4.266576505699585141e+03 3.475436679927053054e-17
4.267823784635510492e+03 3.485804945511154980e-17
4.269071115596782874e+03 3.481386523090344443e-17
4.270318498424088830e+03 3.283764323215295506e-17
4.271565932958112171e+03 3.200480608780333828e-17
4.272813419039539440e+03 3.247737698878456719e-17
4.274060956509057178e+03 3.138165574731419170e-17
4.275308545207348288e+03 3.215277579465457889e-17
4.276556184975100223e+03 3.387254073299737620e-17
4.277803875652996794e+03 3.393291245029859826e-17
4.279051617081724544e+03 3.294148415649158405e-17
4.280299409101969104e+03 3.447105003817449955e-17
4.281547251554416107e+03 3.352740311169476869e-17
4.282795144279749366e+03 3.201853551923339946e-17
4.284043087118655421e+03 3.226574402313596467e-17
4.285291079911819907e+03 3.260687839102868116e-17
4.286539122499928453e+03 3.145221842439670552e-17
4.287787214723665784e+03 3.086503099656002925e-17
4.289035356423717531e+03 3.095338540805921738e-17
4.290283547440769325e+03 3.070918401490378421e-17
4.291531787615506801e+03 3.049509656311005241e-17
4.292780076788615588e+03 3.146604433325165056e-17
4.294028414800779501e+03 3.153603706216028993e-17
4.295276801492685991e+03 3.272614359325260024e-17
4.296525236705019779e+03 3.115491142253641088e-17
4.297773720278466499e+03 3.231387170625295258e-17
4.299022252053710872e+03 3.041815389925169700e-17
4.300270831871438531e+03 2.978918050481648544e-17
4.301519459572336018e+03 2.836825338087502129e-17
4.302768134997088055e+03 2.875685562557213694e-17
4.304016857986379364e+03 2.895051601107389538e-17
4.305265628380895578e+03 2.925459229316680256e-17
4.306514446021323238e+03 2.995226799546689161e-17
4.307763310748347067e+03 2.976628612030395582e-17
4.309012222402653606e+03 2.840712869596158724e-17
4.310261180824925759e+03 3.036732243123661805e-17
4.311510185855850978e+03 2.973876477809438047e-17
4.312759237336114893e+03 3.033650009110171135e-17
4.314008335106401319e+03 3.049770064481301564e-17
4.315257479007398615e+03 3.226826383918022912e-17
4.316506668879787867e+03 3.421346814020518624e-17
4.317755904564258344e+03 3.315545912667666669e-17
4.319005185901492951e+03 3.426208377263876290e-17
4.320254512732179137e+03 3.531155373480912586e-17
4.321503884897002536e+03 3.384633742012160038e-17
4.322753302236646050e+03 3.216174674455014707e-17
4.324002764591796222e+03 3.108211312908842531e-17
4.325252271803139593e+03 3.038410798791112332e-17
4.326501823711361794e+03 2.995379173724770353e-17
4.327751420157147550e+03 3.082141308154430194e-17
4.329001060981180672e+03 3.097630930883954131e-17
4.330250746024148611e+03 3.202188151156489771e-17
4.331500475126737001e+03 3.289952899400970401e-17
4.332750248129629654e+03 3.369337141499131406e-17
4.334000064873513111e+03 3.258470531628875202e-17
4.335249925199073914e+03 3.374300592668450317e-17
4.336499828946994967e+03 3.124006653529572852e-17
4.337749775957962811e+03 3.251553611544660741e-17
4.338999766072663078e+03 3.055319684061746267e-17
4.340249799131782311e+03 3.079533912631394501e-17
4.341499874976003412e+03 3.079789765442159190e-17
4.342749993446013832e+03 3.008962089472677207e-17
4.344000154382501023e+03 3.159446676320168562e-17
4.345250357626145160e+03 3.200547033172834630e-17
4.346500603017634603e+03 3.268704210509115594e-17
4.347750890397654985e+03 3.315416896404678302e-17
4.349001219606891027e+03 3.311857460751084800e-17
4.350251590486028363e+03 3.222766264026981402e-17
4.351502002875753533e+03 3.213428055945883881e-17
4.352752456616750351e+03 3.176319304428173255e-17
4.354002951549705358e+03 3.101864908595383270e-17
4.355253487515303277e+03 3.190383929301441672e-17
4.356504064354229740e+03 3.271702059045070136e-17
4.357754681907171289e+03 3.272451251746218139e-17
4.359005340014812646e+03 3.293435351976778170e-17
4.360256038517837624e+03 3.389407222203658405e-17
4.361506777256934583e+03 3.425170444595269213e-17
4.362757556072785519e+03 3.262592383192474596e-17
4.364008374806079701e+03 3.321479683998720417e-17
4.365259233297499122e+03 3.176543611482327753e-17
4.366510131387731235e+03 3.298151863183140917e-17
4.367761068917461671e+03 3.266328397258754216e-17
4.369012045727375153e+03 3.257392278490947987e-17
4.370263061658157312e+03 3.234040282512176869e-17
4.371514116550492872e+03 3.242608642569526080e-17
4.372765210245069284e+03 3.311421917764297148e-17
4.374016342582568541e+03 3.186578472102569639e-17
4.375267513403679914e+03 3.098452688764224023e-17
4.376518722549087215e+03 3.213444714875023847e-17
4.377769969859475168e+03 3.286235619819377900e-17
4.379021255175530314e+03 3.351481805039096810e-17
4.380272578337936466e+03 3.233381086275922335e-17
4.381523939187381075e+03 3.207001575925414808e-17
4.382775337564548863e+03 3.052518344722962381e-17
4.384026773310125463e+03 2.879300327024761849e-17
4.385278246264794689e+03 3.064022769674367792e-17
4.386529756269244899e+03 3.004775062925282397e-17
4.387781303164158999e+03 3.157474808959459389e-17
4.389032886790223529e+03 3.039370117665112607e-17
4.390284506988125031e+03 3.097753734798929502e-17
4.391536163598546409e+03 3.250397888921896423e-17
4.392787856462175114e+03 3.164674787514915174e-17
4.394039585419695868e+03 3.212534890822097210e-17
4.395291350311793394e+03 3.213137902067083753e-17
4.396543150979154234e+03 3.231964998061227227e-17
4.397794987262464019e+03 3.162287112274533184e-17
4.399046859002407473e+03 3.300400910498933574e-17
4.400298766039670227e+03 3.189986189748059288e-17
4.401550708214937004e+03 3.311672788262503210e-17
4.402802685368895254e+03 3.305419112027819603e-17
4.404054697342227882e+03 3.321433690055721675e-17
4.405306743975624158e+03 3.463314678681171281e-17
4.406558825109764257e+03 3.386797599135803932e-17
4.407810940585337448e+03 3.456453561331440410e-17
4.409063090243028455e+03 3.485263483384868207e-17
4.410315273923522000e+03 3.563223468990797683e-17
4.411567491467503714e+03 3.666544369741380524e-17
4.412819742715659231e+03 3.617103634288135426e-17
4.414072027508674182e+03 3.556264649522916205e-17
4.415324345687234199e+03 3.647497264925309571e-17
4.416576697092023096e+03 3.460339440363439648e-17
4.417829081563729233e+03 3.467066478478163210e-17
4.419081498943035513e+03 3.542686336278520358e-17
4.420333949070627568e+03 3.576143451022314811e-17
4.421586431787193760e+03 3.513052029504021766e-17
4.422838946933415173e+03 3.643294319915699384e-17
4.424091494349981076e+03 3.501221904416873576e-17
4.425344073877574374e+03 3.456270961741200737e-17
4.426596685356880698e+03 3.522759523868755749e-17
4.427849328628587500e+03 3.509925310406342674e-17
4.429102003533378593e+03 3.405439669506216815e-17
4.430354709911938698e+03 3.339995058085978790e-17
4.431607447604955269e+03 3.444207335996384889e-17
4.432860216453113026e+03 3.412491700542474869e-17
4.434113016297097602e+03 3.400069154088448669e-17
4.435365846977591900e+03 3.353577494367079060e-17
4.436618708335286101e+03 3.403372107240173857e-17
4.437871600210862198e+03 3.377311778617744115e-17
4.439124522445005823e+03 3.403717717302205783e-17
4.440377474878403518e+03 3.498338945729262939e-17
4.441630457351740006e+03 3.438832847257925326e-17
4.442883469705701827e+03 3.359032454845232394e-17
4.444136511780971887e+03 3.368445319689802678e-17
4.445389583418238544e+03 3.416068775816185824e-17
4.446642684458186523e+03 3.426755525837781532e-17
4.447895814741500544e+03 3.486152593033860715e-17
4.449148974108865332e+03 3.491670627101461709e-17
4.450402162400968336e+03 3.479569523402082432e-17
4.451655379458494281e+03 3.288177129784629896e-17
4.452908625122128797e+03 3.239301381939863371e-17
4.454161899232554788e+03 3.285967958653301011e-17
4.455415201630461524e+03 3.149274621103128792e-17
4.456668532156531910e+03 3.167487747030220521e-17
4.457921890651452486e+03 3.196973399828267658e-17
4.459175276955908885e+03 3.070206735826005080e-17
4.460428690910584010e+03 3.174473426118068056e-17
4.461682132356167131e+03 3.240204358113775549e-17
4.462935601133342061e+03 3.246807586307184441e-17
4.464189097082793523e+03 3.176166227538433117e-17
4.465442620045208059e+03 3.271610288062116888e-17
4.466696169861269482e+03 3.257009139448698125e-17
4.467949746371666151e+03 3.313071876159468543e-17
4.469203349417080972e+03 3.254762946118602615e-17
4.470456978838200484e+03 3.297035687203756219e-17
4.471710634475709412e+03 3.140876791931941637e-17
4.472964316170293387e+03 3.241309005035242226e-17
4.474218023762638950e+03 3.250656433660963367e-17
4.475471757093429005e+03 3.360328747407772837e-17
4.476725516003351913e+03 3.319903737659086163e-17
4.477979300333091487e+03 3.419006821759223515e-17
4.479233109923333359e+03 3.349150124290389173e-17
4.480486944614764070e+03 3.220700912827433444e-17
4.481740804248067434e+03 3.226507092568371264e-17
4.482994688663929992e+03 3.240665677378168593e-17
4.484248597703037376e+03 3.264965241156372416e-17
4.485502531206072490e+03 3.314891545820685974e-17
4.486756489013724604e+03 3.390560193889658289e-17
4.488010470966676621e+03 3.373690760294372555e-17
4.489264476905615084e+03 3.330899782611927765e-17
4.490518506671224714e+03 3.447622701141605515e-17
4.491772560104191143e+03 3.301646219585734091e-17
4.493026637045200914e+03 3.247321367363854298e-17
4.494280737334937839e+03 3.329187037103136831e-17
4.495534860814088461e+03 3.377467296781030769e-17
4.496789007323337501e+03 3.303067718751723060e-17
4.498043176703370591e+03 3.462306958642834088e-17
4.499297368794874274e+03 3.345604927461533759e-17
4.500551583438532361e+03 3.236598669076279076e-17
4.501805820475030487e+03 3.258837457204020998e-17
4.503060079745055191e+03 3.240096751365942093e-17
4.504314361089291197e+03 3.283647143932113980e-17
4.505568664348424136e+03 3.318631646446975337e-17
4.506822989363139641e+03 3.485312921195222455e-17
4.508077335974122434e+03 3.298865919368808817e-17
4.509331704022059057e+03 3.432693308806007096e-17
4.510586093347633323e+03 3.434644182990409405e-17
4.511840503791532683e+03 3.350539653968562293e-17
4.513094935194440950e+03 3.283080507667011099e-17
4.514349387397045575e+03 3.286796886147525392e-17
4.515603860240029462e+03 3.276233273361596832e-17
4.516858353564079152e+03 3.241307533166491379e-17
4.518112867209880278e+03 3.303665781069651674e-17
4.519367401018118471e+03 3.135554111909718054e-17
4.520621954829479364e+03 3.470488519185024235e-17
4.521876528484646769e+03 3.331467764603496135e-17
4.523131121824308138e+03 3.367723621704463717e-17
4.524385734689148194e+03 3.261135178732153532e-17
4.525640366919851658e+03 3.294988257310451729e-17
4.526895018357105073e+03 3.303436405875300387e-17
4.528149688841593161e+03 3.253081996327820028e-17
4.529404378214001554e+03 3.322451946793368821e-17
4.530659086315017703e+03 3.417518850293020534e-17
4.531913812985323602e+03 3.346659015251449919e-17
4.533168558065605794e+03 3.338148856209960283e-17
4.534423321396549909e+03 3.347849396163005449e-17
4.535678102818842490e+03 3.330427265314391060e-17
4.536932902173167349e+03 3.372062868501198706e-17
4.538187719300211029e+03 3.384144008258079894e-17
4.539442554040658251e+03 3.411055509434640201e-17
4.540697406235195558e+03 3.436407795051375271e-17
4.541952275724508581e+03 3.424470783604894574e-17
4.543207162349280225e+03 3.335010679526966320e-17
4.544462065950198848e+03 3.409727318954832151e-17
4.545716986367948266e+03 3.435702096717554125e-17
4.546971923443214109e+03 3.391533442163492381e-17
4.548226877016682010e+03 3.239500614245614531e-17
4.549481846929037602e+03 3.355607916154882718e-17
4.550736833020966515e+03 3.236571561890243546e-17
4.551991835133152563e+03 3.319442265677619653e-17
4.553246853106283197e+03 3.393859221144736159e-17
4.554501886781043140e+03 3.354917493380969982e-17
4.555756935998118024e+03 3.269353603498893970e-17
4.557012000598193481e+03 3.294645787497373558e-17
4.558267080421954233e+03 3.338027866226972971e-17
4.559522175310085913e+03 3.256975727695150707e-17
4.560777285103275062e+03 3.378532453930104067e-17
4.562032409642205494e+03 3.299400506777912707e-17
4.563287548767563749e+03 3.209853244486644912e-17
4.564542702320033641e+03 3.160717611176777461e-17
4.565797870140302621e+03 3.256718582976027393e-17
4.567053052069055411e+03 3.191913765185837210e-17
4.568308247946977644e+03 3.138955869289275925e-17
4.569563457614754952e+03 3.278484737618086894e-17
4.570818680913071148e+03 3.223731596778472498e-17
4.572073917682613683e+03 3.308888068083045039e-17
4.573329167764067279e+03 3.311022806708427210e-17
4.574584430998116659e+03 3.185053837490676926e-17
4.575839707225448365e+03 3.348947423251143703e-17
4.577094996286748938e+03 3.275164220260108034e-17
4.578350298022701281e+03 3.418227159871681296e-17
4.579605612273991028e+03 3.336068006428875153e-17
4.580860938881304719e+03 3.368375506700044175e-17
4.582116277685328896e+03 3.381672290977968161e-17
4.583371628526745553e+03 3.276784836478397849e-17
4.584626991246243051e+03 3.221079479351557388e-17
4.585882365684507022e+03 3.270947829751011268e-17
4.587137751682221278e+03 3.293445618939954972e-17
4.588393149080071453e+03 3.215613431493799905e-17
4.589648557718744087e+03 3.199601083389999374e-17
4.590903977438923903e+03 3.162772154936290753e-17
4.592159408081295624e+03 3.192474506569789433e-17
4.593414849486547610e+03 3.190967020733057531e-17
4.594670301495361855e+03 3.231504076999597456e-17
4.595925763948424901e+03 3.141975241259206916e-17
4.597181236686423290e+03 3.205400902386042550e-17
4.598436719550040834e+03 3.242752020378375105e-17
4.599692212379964076e+03 3.116135720209034574e-17
4.600947715016877737e+03 3.083201367719236118e-17
4.602203227301468360e+03 3.129685506328717102e-17
4.603458749074420666e+03 3.176557895263038420e-17
4.604714280176419379e+03 3.214417885246048023e-17
4.605969820448151040e+03 3.222952160091988203e-17
4.607225369730301281e+03 3.160451327804729787e-17
4.608480927863555735e+03 3.218065469070035224e-17
4.609736494688599123e+03 3.245820373760840464e-17
4.610992070046115259e+03 3.165845784528945322e-17
4.612247653776792504e+03 3.269959544209304547e-17
4.613503245721314670e+03 3.161073809115354088e-17
4.614758845720367390e+03 3.203158637872149463e-17
4.616014453614636295e+03 3.236428524669461225e-17
4.617270069244807019e+03 3.166415099055334043e-17
4.618525692451565192e+03 3.161897943317926377e-17
4.619781323075595537e+03 3.137314809697004531e-17
4.621036960957584597e+03 3.067286597499310696e-17
4.622292605938216184e+03 3.193305475121557467e-17
4.623548257858178658e+03 3.214320005512976018e-17
4.624803916558153105e+03 3.219199787922306620e-17
4.626059581878828794e+03 3.138685222309570580e-17
4.627315253660888629e+03 3.174491750565448218e-17
4.628570931745020061e+03 3.253066344180194144e-17
4.629826615971905994e+03 3.319651227063121129e-17
4.631082306182235698e+03 3.188107861508046895e-17
4.632338002216690256e+03 3.191377951167311108e-17
4.633593703915958940e+03 3.247908710424630480e-17
4.634849411120724653e+03 3.255952456971835694e-17
4.636105123671674846e+03 3.065624340769098030e-17
4.637360841409492423e+03 3.096614564361333783e-17
4.638616564174865744e+03 3.194873708284256900e-17
4.639872291808477712e+03 3.124250263266539727e-17
4.641128024151015779e+03 3.210629625390558317e-17
4.642383761043163759e+03 3.166930629362493896e-17
4.643639502325608191e+03 3.119705806145700143e-17
4.644895247839032891e+03 3.213805514026585577e-17
4.646150997424126217e+03 3.059774596544958795e-17
4.647406750921571074e+03 3.026777456054238683e-17
4.648662508172053094e+03 2.977063396865959439e-17
4.649918269016259728e+03 3.094335946891612422e-17
4.651174033294873880e+03 3.152324587906597253e-17
4.652429800848583909e+03 3.067456388006220189e-17
4.653685571518072720e+03 3.151948124288708737e-17
4.654941345144025945e+03 3.071008176367159934e-17
4.656197121567131035e+03 3.142742492228143109e-17
4.657452900628070893e+03 3.121908382796666427e-17
4.658708682167532970e+03 3.315301322762621839e-17
4.659964466026201080e+03 3.368502484955565960e-17
4.661220252044761764e+03 3.308936956925327072e-17
4.662476040063900655e+03 3.193672416266017076e-17
4.663731829924301564e+03 3.271117604463981271e-17
4.664987621466651945e+03 3.227364419141970010e-17
4.666243414531636517e+03 3.070897672730411494e-17
4.667499208959940006e+03 3.091768908565171981e-17
4.668755004592249861e+03 3.117415102172098549e-17
4.670010801269249896e+03 3.214021312088914891e-17
4.671266598831624833e+03 3.191121838697615211e-17
4.672522397120062124e+03 3.157534080311951135e-17
4.673778195975245580e+03 3.176194133960010270e-17
4.675033995237860836e+03 3.243157724989396445e-17
4.676289794748594431e+03 3.283992602149739341e-17
4.677545594348131090e+03 3.220483826731795440e-17
4.678801393877156443e+03 3.206331365708025741e-17
4.680057193176355213e+03 3.088018304257648455e-17
4.681312992086413942e+03 3.143490724549474654e-17
4.682568790448017353e+03 3.110593719320551016e-17
4.683824588101850168e+03 3.122191936026744773e-17
4.685080384888599838e+03 3.198810350682762262e-17
4.686336180648951995e+03 3.226003799979052900e-17
4.687591975223590453e+03 3.158141346464135536e-17
4.688847768453199023e+03 3.181960929746810132e-17
4.690103560178466978e+03 3.191437665463757150e-17
4.691359350240077219e+03 3.020049028818911944e-17
4.692615138478716290e+03 3.126515886052315101e-17
4.693870924735068002e+03 3.139423964084473023e-17
4.695126708849820716e+03 3.276525357180196517e-17
4.696382490663657336e+03 3.180678765838859423e-17
4.697638270017265313e+03 3.099401385672376305e-17
4.698894046751327551e+03 3.145106237273501570e-17
4.700149820706531500e+03 3.115117369855864193e-17
4.701405591723562793e+03 2.985404714938405218e-17
4.702661359643106152e+03 2.929908486006138286e-17
4.703917124305846301e+03 3.092997458122065544e-17
4.705172885552468870e+03 2.974624150408336614e-17
4.706428643223661311e+03 3.078661330702598989e-17
4.707684397160106528e+03 3.107764286673705627e-17
4.708940147202491971e+03 3.051850828219405528e-17
4.710195893191501455e+03 3.138765696278404078e-17
4.711451634967821519e+03 3.088729182925254675e-17
4.712707372372135978e+03 3.190557247700705219e-17
4.713963105245132283e+03 3.054507418430705497e-17
4.715218833427495156e+03 3.085019971583985825e-17
4.716474556759911138e+03 3.159439539640143057e-17
4.717730275083064043e+03 3.196017201929485539e-17
4.718985988237639503e+03 3.104958462357761600e-17
4.720241696064323150e+03 3.123385466005893140e-17
4.721497398403799707e+03 3.180400936657749800e-17
4.722753095096755715e+03 3.184374531612790410e-17
4.724008785983877715e+03 3.155824753489347148e-17
4.725264470905848611e+03 3.034997248204248267e-17
4.726520149703355855e+03 3.052272923903723093e-17
4.727775822217083260e+03 3.053179860284083598e-17
4.729031488287718275e+03 3.003471951679595939e-17
4.730287147755944716e+03 2.939011020266369159e-17
4.731542800462448213e+03 3.014394485869403915e-17
4.732798446247915308e+03 3.008246059109486396e-17
4.734054084953028905e+03 2.971028839485131705e-17
4.735309716418477365e+03 2.919394864187090084e-17
4.736565340484944500e+03 3.039171198450439460e-17
4.737820956993116852e+03 3.054709819148600150e-17
4.739076565783679143e+03 3.005686184564338557e-17
4.740332166697316097e+03 3.086634863443208161e-17
4.741587759574715164e+03 3.071648056811166738e-17
4.742843344256559249e+03 2.973634406863814134e-17
4.744098920583535801e+03 3.010727354429440103e-17
4.745354488396329543e+03 3.152656681065084069e-17
4.746610047535626109e+03 2.996091838692650209e-17
4.747865597842111129e+03 3.110331443724146793e-17
4.749121139156470235e+03 3.094659061869928168e-17
4.750376671319387242e+03 3.108526885460479105e-17
4.751632194171549600e+03 3.008042075280843195e-17
4.752887707553641121e+03 3.050886355083960588e-17
4.754143211306348348e+03 3.009805513088260343e-17
4.755398705270356004e+03 2.919940416996673804e-17
4.756654189286350629e+03 3.026568885377210330e-17
4.757909663195016037e+03 2.941295646430682609e-17
4.759165126837039679e+03 2.999418526779586242e-17
4.760420580053105368e+03 3.093162689261680564e-17
4.761676022683898736e+03 2.968813806150057138e-17
4.762931454570107235e+03 2.978007795835344658e-17
4.764186875552413767e+03 2.968651805827872370e-17
4.765442285471503965e+03 2.984991394971765101e-17
4.766697684168065280e+03 2.898908273398813393e-17
4.767953071482780615e+03 2.985015755232771073e-17
4.769208447256337422e+03 2.933594688283927026e-17
4.770463811329421333e+03 3.000576052857953336e-17
4.771719163542715251e+03 3.010017285964345992e-17
4.772974503736906627e+03 3.046047846504442804e-17
4.774229831752681093e+03 2.993144114325894082e-17
4.775485147430723373e+03 3.121659260716028494e-17
4.776740450611718188e+03 3.074058336353447970e-17
4.777995741136352990e+03 3.060730572739125296e-17
4.779251018845312501e+03 2.947679259726833533e-17
4.780506283579280534e+03 3.068013867003222068e-17
4.781761535178944541e+03 3.079949943659937495e-17
4.783016773484989244e+03 3.099042127732080192e-17
4.784271998338100275e+03 3.020207107699843959e-17
4.785527209578962356e+03 3.045787581537529080e-17
4.786782407048261121e+03 2.994712202790574648e-17
4.788037590586682200e+03 3.033144322923990455e-17
4.789292760034911225e+03 2.979789861280248945e-17
4.790547915233634740e+03 3.134720442288095250e-17
4.791803056023536556e+03 3.060004836481347282e-17
4.793058182245302305e+03 3.046012154749484499e-17
4.794313293739617620e+03 3.123354505167419246e-17
4.795568390347169043e+03 3.095854953795838465e-17
4.796823471908640386e+03 3.088329566050992076e-17
4.798078538264718190e+03 3.079498492413731080e-17
4.799333589256087180e+03 2.895212356650900649e-17
4.800588624723432076e+03 3.081780439948926409e-17
4.801843644507440331e+03 3.193532747666723653e-17
4.803098648448795757e+03 3.140526950491289537e-17
4.804353636388185805e+03 3.150504589232955120e-17
4.805608608166293379e+03 3.048709153847489918e-17
4.806863563623805021e+03 3.136799374073416553e-17
4.808118502601407272e+03 3.059485485214319892e-17
4.809373424939783945e+03 3.003987984629323871e-17
4.810628330479622491e+03 3.101567190436856370e-17
4.811883219061604905e+03 3.092360674315971954e-17
4.813138090526419546e+03 2.994479185870888162e-17
4.814392944714750229e+03 3.195338984062542063e-17
4.815647781467285313e+03 3.112841869516023378e-17
4.816902600624705883e+03 3.161501283701517855e-17
4.818157402027700300e+03 3.306338995533250876e-17
4.819412185516954196e+03 3.329856518946855626e-17
4.820666950933151384e+03 3.226013326015038053e-17
4.821921698116977495e+03 3.237508108204364308e-17
4.823176426909119073e+03 3.213065264286067352e-17
4.824431137150262657e+03 3.112785039170098652e-17
4.825685828681091152e+03 3.142404873359592002e-17
4.826940501342290190e+03 3.166879801157889110e-17
4.828195154974547222e+03 3.138504808085133278e-17
4.829449789418545151e+03 3.297240340189435750e-17
4.830704404514970520e+03 3.206578893681004287e-17
4.831959000104510778e+03 3.157255313701935304e-17
4.833213576027847921e+03 3.241145908393400572e-17
4.834468132125669399e+03 3.105187929803934123e-17
4.835722668238660845e+03 3.216922669399881542e-17
4.836977184207506070e+03 3.298744485218805552e-17
4.838231679872892528e+03 3.217264303182789046e-17
4.839486155075504939e+03 3.097823291861422634e-17
4.840740609656028028e+03 3.280170943738297706e-17
4.841995043455148334e+03 3.084253370549525249e-17
4.843249456313551491e+03 3.182257687969663438e-17
4.844503848071920402e+03 3.189359863263040079e-17
4.845758218570944337e+03 3.134609539175307186e-17
4.847012567651305289e+03 3.211557863091165910e-17
4.848266895153689802e+03 3.024718978550636467e-17
4.849521200918784416e+03 3.104850506464022240e-17
4.850775484787273854e+03 3.075745075931680976e-17
4.852029746599843747e+03 3.055903004864230943e-17
4.853283986197178820e+03 3.033957522214298421e-17
4.854538203419964702e+03 3.080381576803809553e-17
4.855792398108887937e+03 2.944086824290982676e-17
4.857046570104633247e+03 2.914495487611378188e-17
4.858300719247886263e+03 2.761563151176696248e-17
4.859554845379331709e+03 2.840134148058745255e-17
4.860808948339655217e+03 2.898932372508180901e-17
4.862063027969542418e+03 2.840375988755188782e-17
4.863317084109678945e+03 2.929943257118102741e-17
4.864571116600751338e+03 2.933392919951936003e-17
4.865825125283442503e+03 2.974017515675661791e-17
4.867079109998440799e+03 3.002717014986315018e-17
4.868333070586429130e+03 2.948615771730842670e-17
4.869587006888094038e+03 2.914610810882885774e-17
4.870840918744120245e+03 2.973345223166584984e-17
4.872094805995196111e+03 2.939322063138290879e-17
4.873348668482001813e+03 2.941988448814563078e-17
4.874602506045229347e+03 2.870321702844431444e-17
4.875856318525557981e+03 2.932425994006958829e-17
4.877110105763676984e+03 2.883624410307484079e-17
4.878363867600269259e+03 2.928700973992558151e-17
4.879617603876023168e+03 2.990453793639365504e-17
4.880871314431620704e+03 3.099645867536728223e-17
4.882124999107751137e+03 3.085433465514010050e-17
4.883378657745097371e+03 3.102957371402522353e-17
4.884632290184345038e+03 3.034020767084788639e-17
4.885885896266180680e+03 3.095684495458598296e-17
4.887139475831288109e+03 2.973384936568842918e-17
4.888393028720355687e+03 3.049832492887685760e-17
4.889646554774065407e+03 3.078636426478659588e-17
4.890900053833104721e+03 3.125164775873033632e-17
4.892153525738157441e+03 2.975444372718368743e-17
4.893406970329911928e+03 2.968335121682638656e-17
4.894660387449051086e+03 3.056532993132755606e-17
4.895913776936260547e+03 3.124877040304994330e-17
4.897167138632226852e+03 3.057152623987697260e-17
4.898420472377634724e+03 3.051455042310837139e-17
4.899673778013169795e+03 2.992173203416407418e-17
4.900927055379518606e+03 3.011304266645954718e-17
4.902180304317364062e+03 3.010216011580254164e-17
4.903433524667394522e+03 3.031931698832235135e-17
4.904686716270292891e+03 3.080879529513702028e-17
4.905939878966746619e+03 3.027568591782860322e-17
4.907193012597440429e+03 3.006885210718640832e-17
4.908446117003058134e+03 3.081945794620510706e-17
4.909699192024288095e+03 3.003839292079890197e-17
4.910952237501813215e+03 2.927807847131278385e-17
4.912205253276320036e+03 2.996750387983061945e-17
4.913458239188495099e+03 3.013255772299128503e-17
4.914711195079022218e+03 2.983394206632925292e-17
4.915964120788587024e+03 2.983861289558217579e-17
4.917217016157875150e+03 2.995528868035951499e-17
4.918469881027574047e+03 2.918531811492380999e-17
4.919722715238364799e+03 2.896091503730233725e-17
4.920975518630937586e+03 2.912876909521071946e-17
4.922228291045974402e+03 2.896161858086226668e-17
4.923481032324162697e+03 2.943401380985854029e-17
4.924733742306186286e+03 2.953324959209494300e-17
4.925986420832731710e+03 2.895641797058076521e-17
4.927239067744484601e+03 2.956027804913758161e-17
4.928491682882128771e+03 3.032607447158439675e-17
4.929744266086352582e+03 2.989439006759569336e-17
4.930996817197838936e+03 2.973922147309809972e-17
4.932249336057275286e+03 2.896807983232394733e-17
4.933501822505343625e+03 2.987883256135512867e-17
4.934754276382734133e+03 2.939255099943583458e-17
4.936006697530127894e+03 2.968512459089601753e-17
4.937259085788215089e+03 3.055625556927744178e-17
4.938511440997674981e+03 3.023044991695973023e-17
4.939763762999198661e+03 2.974636839712355066e-17
4.941016051633469033e+03 2.945433391567077316e-17
4.942268306741170818e+03 2.918149271592090844e-17
4.943520528162991468e+03 2.980597805526758105e-17
4.944772715739613886e+03 3.006995623397352306e-17
4.946024869311726434e+03 2.949344773754322066e-17
4.947276988720013833e+03 2.953855098087393038e-17
4.948529073805159896e+03 2.934451251080567550e-17
4.949781124407851166e+03 2.991623648852164804e-17
4.951033140368773275e+03 3.047056177911970335e-17
4.952285121528611853e+03 3.105880994259537276e-17
4.953537067728050715e+03 2.939051776829621075e-17
4.954788978807777312e+03 2.932149693975664543e-17
4.956040854608476366e+03 2.970131983667869121e-17
4.957292694970832599e+03 3.006255059685897592e-17
4.958544499735531645e+03 2.981988801985348658e-17
4.959796268743260043e+03 2.825724438612072534e-17
4.961048001834702518e+03 2.966042384802071458e-17
4.962299698850544701e+03 3.000137645451097492e-17
4.963551359631472224e+03 2.973434355131166723e-17
4.964802984018169809e+03 2.961644040996619408e-17
4.966054571851323090e+03 2.997903215388898269e-17
4.967306122971618606e+03 2.987698422780901241e-17
4.968557637219740172e+03 3.075012753075681988e-17
4.969809114436374330e+03 3.035958637096094447e-17
4.971060554462205801e+03 3.136082473927558409e-17
4.972311957137921127e+03 2.981565795496684569e-17
4.973563322304204121e+03 3.052802398941282439e-17
4.974814649801742235e+03 2.970290793025384763e-17
4.976065939471219281e+03 3.019788443341497272e-17
4.977317191153320891e+03 2.979969210648903721e-17
4.978568404688733608e+03 2.969810548751786654e-17
4.979819579918142153e+03 3.013444041658035198e-17
4.981070716682232160e+03 2.960594841096573697e-17
4.982321814821686530e+03 2.893995344059138949e-17
4.983572874177196354e+03 2.877380623825039347e-17
4.984823894589441807e+03 2.845129410678452504e-17
4.986074875899111248e+03 2.848174196534156821e-17
4.987325817946889401e+03 2.988557629613953635e-17
4.988576720573460989e+03 2.948643142095109575e-17
4.989827583619511643e+03 3.054894151522800742e-17
4.991078406925727904e+03 3.075862558248962991e-17
4.992329190332793587e+03 3.094170576548232036e-17
4.993579933681396142e+03 3.006653315389709318e-17
4.994830636812219382e+03 3.002783614731309409e-17
4.996081299565948939e+03 2.907614703050848277e-17
4.997331921783272264e+03 3.013033672263130982e-17
4.998582503304871352e+03 2.924278475160366857e-17
4.999833043971433653e+03 2.944649435465973838e-17
5.001083543623644800e+03 2.932735811181850547e-17
5.002334002102189515e+03 3.013647503190361319e-17
5.003584419247753431e+03 2.982817041343027124e-17
5.004834794901023088e+03 3.034336737207887138e-17
5.006085128902682300e+03 2.944534101838460525e-17
5.007335421093416699e+03 3.127700792432147338e-17
5.008585671313913736e+03 3.048577712014661780e-17
5.009835879404856314e+03 3.015730829361689595e-17
5.011086045206930976e+03 2.971383186893293877e-17
5.012336168560822443e+03 2.890621681987353209e-17
5.013586249307218168e+03 2.930712249540705078e-17
5.014836287286801962e+03 2.875693594546347183e-17
5.016086282340258549e+03 2.790878645448264120e-17
5.017336234308274470e+03 2.791658743328623406e-17
5.018586143031536267e+03 2.794117357280014293e-17
5.019836008350726843e+03 2.888173853018100150e-17
5.021085830106533649e+03 2.800128301716915667e-17
5.022335608139642318e+03 2.923217793492194810e-17
5.023585342290736662e+03 2.947233012213688795e-17
5.024835032400503223e+03 2.867625404739559501e-17
5.026084678309626725e+03 2.909940878516654646e-17
5.027334279858793707e+03 2.882205881320779880e-17
5.028583836888687074e+03 2.802958119275681166e-17
5.029833349239997005e+03 2.915914944355000460e-17
5.031082816753404586e+03 2.855790732802738263e-17
5.032332239269597267e+03 2.905266033263729594e-17
5.033581616629259770e+03 2.937595746047152035e-17
5.034830948673076819e+03 2.955836494633949178e-17
5.036080235241735863e+03 2.905529482188100147e-17
5.037329476175920718e+03 2.850751795974985215e-17
5.038578671316317923e+03 2.816126935776714620e-17
5.039827820503613111e+03 2.891768835308189332e-17
5.041076923578490096e+03 2.757034467140549034e-17
5.042325980381635418e+03 2.831802278076022652e-17
5.043574990753734710e+03 2.878629882522746700e-17
5.044823954535472694e+03 2.791766192614402924e-17
5.046072871567535913e+03 2.876048412938364289e-17
5.047321741690608178e+03 2.923041980087245849e-17
5.048570564745376032e+03 2.914838350608416911e-17
5.049819340572524197e+03 2.863105449173736611e-17
5.051068069012740125e+03 2.922942418256713942e-17
5.052316749906707628e+03 2.871543133034292970e-17
5.053565383095111429e+03 2.789592311305895862e-17
5.054813968418638069e+03 2.814899514574009969e-17
5.056062505717972272e+03 2.907832707471192343e-17
5.057310994833801487e+03 2.967024982030072262e-17
5.058559435606808620e+03 3.011062221991541904e-17
5.059807827877681120e+03 2.998970939532703945e-17
5.061056171487103711e+03 3.012044297618292203e-17
5.062304466275761115e+03 2.897652314237648753e-17
5.063552712084338964e+03 2.848068966953587003e-17
5.064800908753522890e+03 2.912975685634571883e-17
5.066049056123999435e+03 2.898706118480750832e-17
5.067297154036451502e+03 2.848266697276154444e-17
5.068545202331567452e+03 2.877429233772643156e-17
5.069793200850032008e+03 2.923052532386267262e-17
5.071041149432528073e+03 2.861477683039833520e-17
5.072289047919744007e+03 2.924053572204413772e-17
5.073536896152366353e+03 2.807465290105309383e-17
5.074784693971075285e+03 2.906558815104249504e-17
5.076032441216560983e+03 2.909132204681951742e-17
5.077280137729508169e+03 2.862014774419386062e-17
5.078527783350599748e+03 2.805320524444062801e-17
5.079775377920524079e+03 2.830634469974630422e-17
5.081022921279964976e+03 2.776304863975626922e-17
5.082270413269608071e+03 2.780801855965587694e-17
5.083517853730139905e+03 2.816711206209370286e-17
5.084765242502245201e+03 2.911565375393048607e-17
5.086012579426608681e+03 2.869157927991229940e-17
5.087259864343915979e+03 2.844744620293536534e-17
5.088507097094854544e+03 2.920941399717880891e-17
5.089754277520107280e+03 2.918516754842672326e-17
5.091001405460361639e+03 2.947498986147020353e-17
5.092248480756300523e+03 2.997049520733960299e-17
5.093495503248611385e+03 2.945783359571538903e-17
5.094742472777979856e+03 2.981787028705031009e-17
5.095989389185089749e+03 2.980844363783880802e-17
5.097236252310628515e+03 2.821326192624824226e-17
5.098483061995279968e+03 2.799783436144353683e-17
5.099729818079730649e+03 2.883877766766141724e-17
5.100976520404665280e+03 2.854305107568069400e-17
5.102223168810769494e+03 2.864142824487184913e-17
5.103469763138728922e+03 2.893130118982959984e-17
5.104716303229228288e+03 2.892540922023436203e-17
5.105962788922955951e+03 2.846809272645840033e-17
5.107209220060592088e+03 2.807316606397506388e-17
5.108455596482826877e+03 2.884466099443692600e-17
5.109701918030343222e+03 2.897658255506057798e-17
5.110948184543827665e+03 2.843595598004312740e-17
5.112194395863964928e+03 2.795800312832266793e-17
5.113440551831441553e+03 2.913696742414827639e-17
5.114686652286941353e+03 2.898916725882943121e-17
5.115932697071151779e+03 2.936845865215020202e-17
5.117178686024756644e+03 2.894281472418286432e-17
5.118424618988442489e+03 2.993852953199957106e-17
5.119670495802894038e+03 2.850800432171608391e-17
5.120916316308796013e+03 2.932014657060475635e-17
5.122162080346835864e+03 2.866154427261813046e-17
5.123407787757697406e+03 2.926586591257321334e-17
5.124653438382066270e+03 2.918074219076713138e-17
5.125899032060629906e+03 2.842711980964827164e-17
5.127144568634070311e+03 2.870537362240402571e-17
5.128390047943075842e+03 2.739835026297171341e-17
5.129635469828329406e+03 2.847777068901861108e-17
5.130880834130519361e+03 2.919937034769624453e-17
5.132126140690329521e+03 2.909655963448997469e-17
5.133371389348444609e+03 2.948168983845243960e-17
5.134616579945552076e+03 2.992568863555546787e-17
5.135861712322336643e+03 2.908838389804788327e-17
5.137106786319483035e+03 2.885194419801841290e-17
5.138351801777675973e+03 2.962866561889345870e-17
5.139596758537602000e+03 2.958799732687140932e-17
5.140841656439947656e+03 2.833037580571051477e-17
5.142086495325395845e+03 2.933940378517446551e-17
5.143331275034634928e+03 2.971081699129687053e-17
5.144575995408347808e+03 2.965246687362652975e-17
5.145820656287221027e+03 2.943559809626049792e-17
5.147065257511941127e+03 2.960769027985462946e-17
5.148309798923191011e+03 2.956910803121082875e-17
5.149554280361658130e+03 2.984927034944228482e-17
5.150798701668028116e+03 2.941407230826778230e-17
5.152043062682984782e+03 3.012050841984752789e-17
5.153287363247214671e+03 2.997012471805392550e-17
5.154531603201403414e+03 2.958616404586166403e-17
5.155775782386234823e+03 2.958549816101615394e-17
5.157019900642396351e+03 3.006682268842927558e-17
5.158263957810572720e+03 2.971587862119229068e-17
5.159507953731447742e+03 2.955071556401899486e-17
5.160751888245709779e+03 3.000766370862475837e-17
5.161995761194043553e+03 2.969676879987887695e-17
5.163239572417131967e+03 3.010299108137376699e-17
5.164483321755664292e+03 2.926422327472834891e-17
5.165727009050324341e+03 2.796487292252704657e-17
5.166970634141795017e+03 2.710041170031389740e-17
5.168214196870765591e+03 2.669940962461224864e-17
5.169457697077919875e+03 2.746476006764670532e-17
5.170701134603943501e+03 2.677663517999331688e-17
5.171944509289521193e+03 2.641904647880155469e-17
5.173187820975339491e+03 2.733970186701342955e-17
5.174431069502083119e+03 2.723237021342734946e-17
5.175674254710437708e+03 2.741104226498782387e-17
5.176917376441087981e+03 2.904758428549789003e-17
5.178160434534721389e+03 2.922538680684145114e-17
5.179403428832021746e+03 2.958040997606435612e-17
5.180646359173675592e+03 2.915766770297695828e-17
5.181889225400367650e+03 2.809757631729485369e-17
5.183132027352782643e+03 2.704903983936142547e-17
5.184374764871607113e+03 2.760828477859018563e-17
5.185617437797525781e+03 2.703758948176114744e-17
5.186860045971225190e+03 2.922020724256873717e-17
5.188102589233389153e+03 3.069224442197651475e-17
5.189345067424704212e+03 3.020724435132681914e-17
5.190587480385855997e+03 3.084135886501897176e-17
5.191829827957530142e+03 2.967330992400989066e-17
5.193072109980411369e+03 2.957221765368160484e-17
5.194314326295183491e+03 2.872895799000533639e-17
5.195556476742535779e+03 3.002566384045600141e-17
5.196798561163151135e+03 3.113356747011326985e-17
5.198040579397717011e+03 3.316176151860521795e-17
5.199282531286915400e+03 3.495702282087808362e-17
5.200524416671434665e+03 3.486998184027961567e-17
5.201766235391958617e+03 3.550909723991061101e-17
5.203007987289173798e+03 3.365963291229734430e-17
5.204249672203764931e+03 3.238164752373013882e-17
5.205491289976418557e+03 3.079940115805035378e-17
5.206732840447819399e+03 2.959515913394143059e-17
5.207974323458652179e+03 2.853509292259180069e-17
5.209215738849603440e+03 2.948446416931173351e-17
5.210457086461357903e+03 2.954745664845474285e-17
5.211698366134602111e+03 3.002669504823653476e-17
5.212939577710018966e+03 3.052002591556198402e-17
5.214180721028297739e+03 2.971567901304936095e-17
5.215421795930121334e+03 3.026940885117773284e-17
5.216662802256175382e+03 3.038742089874381981e-17
5.217903739847145516e+03 2.995509137103827539e-17
5.219144608543718277e+03 3.127455063241381455e-17
5.220385408186576569e+03 3.100440394599479123e-17
5.221626138616408753e+03 2.974313232452518282e-17
5.222866799673898640e+03 3.138198952596186190e-17
5.224107391199731865e+03 3.131539249890567773e-17
5.225347913034593148e+03 3.051972099428245017e-17
5.226588365019169942e+03 3.042343112464841980e-17
5.227828746994146968e+03 3.034857003293549867e-17
5.229069058800208040e+03 2.900991987997519947e-17
5.230309300278040610e+03 3.069017111218659689e-17
5.231549471268328489e+03 2.922958164576691007e-17
5.232789571611757310e+03 3.017246392381199647e-17
5.234029601149013615e+03 2.994100430700715758e-17
5.235269559720783036e+03 2.937011141442967569e-17
5.236509447167750295e+03 3.042544984778555526e-17
5.237749263330601025e+03 3.231968416574234554e-17
5.238989008050019947e+03 3.210991902651751044e-17
5.240228681166694514e+03 3.233721008710721883e-17
5.241468282521307628e+03 3.254279088716632086e-17
5.242707811954546742e+03 3.127645300511647302e-17
5.243947269307096576e+03 3.054603572767779992e-17
5.245186654419641854e+03 2.990342054591667272e-17
5.246425967132868209e+03 3.059800273968658183e-17
5.247665207287461271e+03 2.925393682952842492e-17
5.248904374724107583e+03 2.990123888407651428e-17
5.250143469283490958e+03 2.970961121178088063e-17
5.251382490806297938e+03 3.025453448794046572e-17
5.252621439133214153e+03 2.991802036992922798e-17
5.253860314104924328e+03 2.979153392723230166e-17
5.255099115562113184e+03 3.209111551207123081e-17
5.256337843345468173e+03 3.229788720301352338e-17
5.257576497295674017e+03 3.243374336140853716e-17
5.258815077253414529e+03 3.197632610279017320e-17
5.260053583059378070e+03 3.087990733426648704e-17
5.261292014554248453e+03 2.941161140586001249e-17
5.262530371578709492e+03 2.876897005768265339e-17
5.263768653973449545e+03 2.923599218270473233e-17
5.265006861579151519e+03 2.815120135470076078e-17
5.266244994236502862e+03 2.792220804999674071e-17
5.267483051786188298e+03 2.760468981837108844e-17
5.268721034068893459e+03 2.897974202990259023e-17
5.269958940925303068e+03 2.787327007250252352e-17
5.271196772196104575e+03 2.852114911343151202e-17
5.272434527721980885e+03 2.837622527339452569e-17
5.273672207343619448e+03 2.934216014363309311e-17
5.274909810901702258e+03 3.095476418836975382e-17
5.276147338236920405e+03 3.090715751503329747e-17
5.277384789189954063e+03 3.179565558862334926e-17
5.278622163601492502e+03 3.217373756149930599e-17
5.279859461312218627e+03 3.075071356540314144e-17
5.281096682162818070e+03 3.093394294499452301e-17
5.282333825993977371e+03 3.032563234976101090e-17
5.283570892646382163e+03 2.984451945907716019e-17
5.284807881960716259e+03 3.077870079741665426e-17
5.286044793777668019e+03 2.992751759316542543e-17
5.287281627937919438e+03 2.994112119409457485e-17
5.288518384282157967e+03 3.005776648311776245e-17
5.289755062651069238e+03 3.062828469054514971e-17
5.290991662885337973e+03 3.068192046717347940e-17
5.292228184825648896e+03 3.024072041821295018e-17
5.293464628312688546e+03 3.153534140709998907e-17
5.294700993187141648e+03 3.100368263997124602e-17
5.295937279289694743e+03 3.037440150272417935e-17
5.297173486461033463e+03 3.136167200353952323e-17
5.298409614541841620e+03 3.114129953796853666e-17
5.299645663372804847e+03 3.121625440191386466e-17
5.300881632794610596e+03 3.130855576321048155e-17
5.302117522647941769e+03 3.108338715033864070e-17
5.303353332773485818e+03 3.031594634739977001e-17
5.304589063011926555e+03 3.110694768055210778e-17
5.305824713203952342e+03 3.021984611987294802e-17
5.307060283190244263e+03 3.133649339925645244e-17
5.308295772811490679e+03 3.121313210284491684e-17
5.309531181908377221e+03 3.105537894204768161e-17
5.310766510321586793e+03 3.229290051580360404e-17
5.312001757891807756e+03 3.126684141889977535e-17
5.313236924459723923e+03 3.207442243782026546e-17
5.314472009866021835e+03 3.232299228857950068e-17
5.315707013951385306e+03 3.052889268143410315e-17
5.316941936556500877e+03 3.147592249827465297e-17
5.318176777522054181e+03 3.079083668716049706e-17
5.319411536688730848e+03 3.132450469373589530e-17
5.320646213897214693e+03 3.217483813175079282e-17
5.321880808988194076e+03 3.100681401007178453e-17
5.323115321802350991e+03 3.193467287146573056e-17
5.324349752180373798e+03 3.171387590184494166e-17
5.325584099962946311e+03 3.102947606606072732e-17
5.326818364990753253e+03 3.063335152481597755e-17
5.328052547104482983e+03 3.034353871104169236e-17
5.329286646144817496e+03 3.082831438250874941e-17
5.330520661952444243e+03 3.057433626826551223e-17
5.331754594368048856e+03 3.123534820836722367e-17
5.332988443232316058e+03 3.133440951699936030e-17
5.334222208385932390e+03 3.250260596985025857e-17
5.335455889669580756e+03 3.213720334654357464e-17
5.336689486923949516e+03 3.233409217475655244e-17
5.337922999989723394e+03 3.070027782290456768e-17
5.339156428707585292e+03 3.094838752037162111e-17
5.340389772918224480e+03 3.037430572793360539e-17
5.341623032462322954e+03 3.118591424183342936e-17
5.342856207180569072e+03 3.049782290952677916e-17
5.344089296913646649e+03 3.163817045464322955e-17
5.345322301502241316e+03 3.122642152304491351e-17
5.346555220787038706e+03 3.161897401543881047e-17
5.347788054608723542e+03 3.060231523796378368e-17
5.349020802807983273e+03 3.217281590810754087e-17
5.350253465225500804e+03 3.113280892589228488e-17
5.351486041701965405e+03 3.204152872243123530e-17
5.352718532078057251e+03 3.185034576895172181e-17
5.353950936194465612e+03 3.193009878230002330e-17
5.355183253891874301e+03 3.137565979769444805e-17
5.356415485010969860e+03 3.156951910245535598e-17
5.357647629392436102e+03 3.243741713164048779e-17
5.358879686876960477e+03 3.236736640653312318e-17
5.360111657305226800e+03 3.179899217512186943e-17
5.361343540517921610e+03 3.086767357224567905e-17
5.362575336355729632e+03 3.186586907676717678e-17
5.363807044659337407e+03 3.083685081475830830e-17
5.365038665269427838e+03 3.065847088984225615e-17
5.366270198026690196e+03 3.147856766252486566e-17
5.367501642771808292e+03 3.043803664678894695e-17
5.368732999345465032e+03 3.035509450741079350e-17
5.369964267588348775e+03 3.049556723648565474e-17
5.371195447341143336e+03 2.997349103194890188e-17
5.372426538444536163e+03 3.103788083630995272e-17
5.373657540739211072e+03 3.154292695018817570e-17
5.374888454065854603e+03 3.052864943975713856e-17
5.376119278265151479e+03 3.204687951934275392e-17
5.377350013177785513e+03 3.181518507092384278e-17
5.378580658644445975e+03 3.196473796514425543e-17
5.379811214505814860e+03 3.060954140663855925e-17
5.381041680602579618e+03 3.177331398043933370e-17
5.382272056775424971e+03 3.187349634048111922e-17
5.383502342865036553e+03 3.129958706896316445e-17
5.384732538712099995e+03 3.147538885559253909e-17
5.385962644157299110e+03 3.139975482400395829e-17
5.387192659041322258e+03 3.156511637643357711e-17
5.388422583204852344e+03 3.116301993644088135e-17
5.389652416488575000e+03 3.119592083356364515e-17
5.390882158733178585e+03 3.146263085492810314e-17
5.392111809779345094e+03 3.113049590114884273e-17
5.393341369467761069e+03 3.219843977948774069e-17
5.394570837639113051e+03 3.162687034809673048e-17
5.395800214134084854e+03 3.197096001433393993e-17
5.397029498793363018e+03 3.129332631331843633e-17
5.398258691457632267e+03 3.097459165337618464e-17
5.399487791967580051e+03 3.036969072288837657e-17
5.400716800163888365e+03 3.000831871140735345e-17
5.401945715887244660e+03 3.154322889927055432e-17
5.403174538978335477e+03 3.050136803742282827e-17
5.404403269277842810e+03 3.122978501612061260e-17
5.405631906626455930e+03 3.073149672700134713e-17
5.406860450864858649e+03 3.159695082636015295e-17
5.408088901833735690e+03 3.070442554646061666e-17
5.409317259373773595e+03 3.096796780749902555e-17
5.410545523325658905e+03 3.142654532178247642e-17
5.411773693530073615e+03 3.186239418901332303e-17
5.413001769827706084e+03 3.192733090870996215e-17
5.414229752059240127e+03 3.295692212760345828e-17
5.415457640065363194e+03 3.178722471031180667e-17
5.416685433686758188e+03 3.248121566387428545e-17
5.417913132764111651e+03 3.255945461057778991e-17
5.419140737138110126e+03 3.195468248999388643e-17
5.420368246649437424e+03 3.210237249470683408e-17
5.421595661138780997e+03 3.222048584612119532e-17
5.422822980446822839e+03 3.237524420713771002e-17
5.424050204414252221e+03 3.164596260967202212e-17
5.425277332881752045e+03 3.273457559707627729e-17
5.426504365690009763e+03 3.236129873947878720e-17
5.427731302679708278e+03 3.241412029537258189e-17
5.428958143691535042e+03 3.160625659794286684e-17
5.430184888566175687e+03 3.325946479214195024e-17
5.431411537144314025e+03 3.268839465787198090e-17
5.432638089266636598e+03 3.242837871014388737e-17
5.433864544773828129e+03 3.248691434310894800e-17
5.435090903506574250e+03 3.344338370068607553e-17
5.436317165305561502e+03 3.246041536993963164e-17
5.437543330011474609e+03 3.290572575604731203e-17
5.438769397464998292e+03 3.373764531143724355e-17
5.439995367506819093e+03 3.418585926538988537e-17
5.441221239977622645e+03 3.423727246539739365e-17
5.442447014718093669e+03 3.357049946803165956e-17
5.443672691568915070e+03 3.343408832367917856e-17
5.444898270370777936e+03 3.359826830066356230e-17
5.446123750964364262e+03 3.294340013121841105e-17
5.447349133190359680e+03 3.345670596871586753e-17
5.448574416889449822e+03 3.262472825612699858e-17
5.449799601902319409e+03 3.326427870051994795e-17
5.451024688069655895e+03 3.282376654986447209e-17
5.452249675232143090e+03 3.412877629107838878e-17
5.453474563230466629e+03 3.282189350093840119e-17
5.454699351905311232e+03 3.293549147593131956e-17
5.455924041097365262e+03 3.305991618608163089e-17
5.457148630647310711e+03 3.421913914430384576e-17
5.458373120395835940e+03 3.400655227668685893e-17
5.459597510183623854e+03 3.537912791059589315e-17
5.460821799851361902e+03 3.510308675267819122e-17
5.462045989239734809e+03 3.371454705350121273e-17
5.463270078189427295e+03 3.428052405926059565e-17
5.464494066541124994e+03 3.453746413322175925e-17
5.465717954135514447e+03 3.380695616341112094e-17
5.466941740813279466e+03 3.426825197812674524e-17
5.468165426415107504e+03 3.423809010438635353e-17
5.469389010781682373e+03 3.564591134872490100e-17
5.470612493753690615e+03 3.425182367986393631e-17
5.471835875171816951e+03 3.455899033356061191e-17
5.473059154876746106e+03 3.421215224940592712e-17
5.474282332709166440e+03 3.479250650864123575e-17
5.475505408509759945e+03 3.411350911013509868e-17
5.476728382119213165e+03 3.428919713211384918e-17
5.477951253378212641e+03 3.480722819566570257e-17
5.479174022127443095e+03 3.408277507477087132e-17
5.480396688207590159e+03 3.420107743786287168e-17
5.481619251459338557e+03 3.475540109067582654e-17
5.482841711723373919e+03 3.409206507634620564e-17
5.484064068840382788e+03 3.556538147275574808e-17
5.485286322651049886e+03 3.531360962327420955e-17
5.486508472996059936e+03 3.549734317254480216e-17
5.487730519716100389e+03 3.424833415863647538e-17
5.488952462651854148e+03 3.544894036511749215e-17
5.490174301644008665e+03 3.615020500147557618e-17
5.491396036533248662e+03 3.520797954874931070e-17
5.492617667160258861e+03 3.571736875526753566e-17
5.493839193365725805e+03 3.557518987014217390e-17
5.495060614990334216e+03 3.540657801845709798e-17
5.496281931874769725e+03 3.622833253003812573e-17
5.497503143859719785e+03 3.601215808393914732e-17
5.498724250785866388e+03 3.622115944515157673e-17
5.499945252493896078e+03 3.668865160074712035e-17
5.501166148824495394e+03 3.773610486497879828e-17
5.502386939618349061e+03 3.652701397492628950e-17
5.503607624716143619e+03 3.752992384335359429e-17
5.504828203958561971e+03 3.675687376888460956e-17
5.506048677186292480e+03 3.616639813668543276e-17
5.507269044240018047e+03 3.642776874997457374e-17
5.508489304960427035e+03 3.643713700606198360e-17
5.509709459188201436e+03 3.574528388780323981e-17
5.510929506764028702e+03 3.687908819661584856e-17
5.512149447528594465e+03 3.650878064083825452e-17
5.513369281322583447e+03 3.775424324103305490e-17
5.514589007986681281e+03 3.656692287809830910e-17
5.515808627361574509e+03 3.645050545023479446e-17
5.517028139287946942e+03 3.734774075747137114e-17
5.518247543606484214e+03 3.698304589287656582e-17
5.519466840157872866e+03 3.791303234018559861e-17
5.520686028782797621e+03 3.813753187914910282e-17
5.521905109321943200e+03 3.756928213228794515e-17
5.523124081615997056e+03 3.901077903448805422e-17
5.524342945505642092e+03 3.742750239191415385e-17
