3.193304687501876288e+03 5.969557245602499042e-16
3.195025857808082037e+03 5.877950007894457659e-16
3.196747028114287787e+03 5.788498928423949670e-16
3.198468198420493536e+03 5.578632020440110550e-16
3.200189368726699286e+03 5.568636793691579610e-16
3.201910539032905035e+03 5.512721458188729119e-16
3.203631709339110785e+03 5.554864687191676916e-16
3.205352879645316534e+03 5.859701190649450372e-16
3.207074049951522284e+03 5.630222830337055308e-16
3.208795220257728033e+03 5.757278473881658345e-16
3.210516390563933783e+03 5.869176945406905703e-16
3.212237560870139532e+03 5.713427814237155758e-16
3.213958731176345282e+03 5.628090176994125469e-16
3.215679901482551031e+03 5.491317613738593361e-16
3.217401071788756781e+03 5.151285420765534850e-16
3.219122242094962530e+03 5.121301834165161203e-16
3.220843412401168280e+03 4.879181177805668534e-16
3.222564582707374029e+03 4.909882765794258800e-16
3.224285753013579779e+03 4.809709283872513198e-16
3.226006923319785528e+03 4.806273862267329020e-16
3.227728093625991278e+03 4.869348802291672632e-16
3.229449263932197027e+03 4.496915687080730585e-16
3.231170434238402777e+03 4.248727749612943747e-16
3.232891604544608526e+03 4.202069187100389602e-16
3.234612774850814276e+03 4.405572190609582815e-16
3.236333945157020025e+03 4.164411860873347631e-16
3.238055115463225775e+03 3.934573283456246989e-16
3.239776285769431524e+03 4.029589197248354964e-16
3.241497456075637274e+03 3.890011007965749388e-16
3.243218626381843023e+03 3.766909321209198864e-16
3.244939796688048773e+03 3.707601321183298256e-16
3.246660966994254522e+03 3.606584833277540694e-16
3.248382137300460272e+03 3.602065744780223404e-16
3.250103307606666021e+03 3.542725648548594223e-16
3.251824477912871771e+03 3.497289219799815718e-16
3.253545648219077520e+03 3.669026167954371440e-16
3.255266818525283270e+03 3.575536428660105522e-16
3.256987988831489020e+03 3.369891824876776263e-16
3.258709159137694769e+03 3.444247615159480501e-16
3.260430329443900519e+03 3.560698559499772275e-16
3.262151499750106268e+03 3.559386557306409165e-16
3.263872670056312018e+03 3.509161542571444696e-16
3.265593840362517767e+03 3.380688463277298173e-16
3.267315010668723517e+03 3.276266439239593837e-16
3.269036180974929266e+03 3.207494842289340511e-16
3.270757351281135016e+03 3.101434518158459994e-16
3.272478521587340765e+03 3.103248643508741620e-16
3.274199691893546515e+03 3.138692079430289238e-16
3.275920862199752264e+03 3.124142541235322014e-16
3.277642032505958014e+03 3.137007954066882706e-16
3.279363202812163763e+03 2.897427202878865575e-16
3.281084373118369513e+03 2.930357331484547615e-16
3.282805543424575262e+03 2.936774282763932458e-16
3.284526713730781012e+03 2.896037241321758755e-16
3.286247884036986761e+03 2.905763949566625838e-16
3.287969054343192511e+03 2.868267266347019402e-16
3.289690224649398260e+03 2.876835791369754895e-16
3.291411394955604010e+03 2.942061999578220194e-16
3.293132565261809759e+03 2.974418583264378688e-16
3.294853735568015509e+03 3.012845879891095869e-16
3.296574905874221258e+03 2.980186758770462862e-16
3.298296076180427008e+03 2.938005732691798186e-16
3.300017246486632757e+03 2.955779675120468762e-16
3.301738416792838507e+03 2.787279897601101224e-16
3.303459587099044256e+03 2.690291639808503403e-16
3.305180757405250006e+03 2.672346932107015024e-16
3.306901927711455755e+03 2.660051157242911112e-16
3.308623098017661505e+03 2.603711994468088837e-16
3.310344268323867254e+03 2.564320488518104709e-16
3.312065438630073004e+03 2.604750662231136928e-16
3.313786608936278753e+03 2.582531373955273370e-16
3.315507779242484503e+03 2.669017182723280517e-16
3.317228949548690252e+03 2.685354300818593621e-16
3.318950119854896002e+03 2.536659394604898222e-16
3.320671290161101751e+03 2.447860417648716675e-16
3.322392460467307501e+03 2.531185040293871516e-16
3.324113630773513250e+03 2.524504534440393683e-16
3.325834801079719000e+03 2.373863918116231680e-16
3.327555971385924749e+03 2.373013092098164622e-16
3.329277141692130499e+03 2.377683112025192751e-16
3.330998311998336249e+03 2.321318535259415122e-16
3.332719482304541998e+03 2.245211853509083372e-16
3.334440652610747748e+03 2.137374324270177612e-16
3.336161822916953497e+03 2.162361350306907026e-16
3.337882993223159247e+03 2.116068175721345576e-16
3.339604163529364996e+03 2.088779282535709982e-16
3.341325333835570746e+03 2.096188831753540972e-16
3.343046504141776495e+03 2.055392477930216145e-16
3.344767674447982245e+03 2.014586311567449054e-16
3.346488844754187994e+03 2.039699035443498605e-16
3.348210015060393744e+03 1.966227786742680916e-16
3.349931185366599493e+03 1.885840588595335176e-16
3.351652355672805243e+03 1.980234490221268447e-16
3.353373525979010992e+03 2.023475116180730605e-16
3.355094696285216742e+03 1.894468243091305401e-16
3.356815866591422491e+03 1.866237796760085135e-16
3.358537036897628241e+03 1.901183960042229044e-16
3.360258207203833990e+03 1.853666810710710119e-16
3.361979377510039740e+03 1.870555514150011681e-16
3.363700547816245489e+03 1.897226882504797049e-16
3.365421718122451239e+03 1.919733341861181353e-16
3.367142888428656988e+03 2.038928552824374965e-16
3.368864058734862738e+03 2.125893548576680081e-16
3.370585229041068487e+03 2.094646593637822056e-16
3.372306399347274237e+03 2.165899543482563516e-16
3.374027569653479986e+03 2.214921331728370542e-16
3.375748739959685736e+03 2.149564817523576328e-16
3.377469910265891485e+03 2.081595036261923779e-16
3.379191080572097235e+03 2.065645946625407703e-16
3.380912250878302984e+03 2.062880480709215406e-16
3.382633421184508734e+03 1.989455459390070662e-16
3.384354591490714483e+03 1.845129209196284856e-16
3.386075761796920233e+03 1.751285204973435139e-16
3.387796932103125982e+03 1.782767892970597991e-16
3.389518102409331732e+03 1.811055943044472663e-16
3.391239272715537481e+03 1.723637952708599390e-16
3.392960443021743231e+03 1.801669684510027650e-16
3.394681613327948980e+03 1.769942634684444142e-16
3.396402783634154730e+03 1.644234798560751451e-16
3.398123953940360479e+03 1.601407765762513327e-16
3.399845124246566229e+03 1.660208730655014968e-16
3.401566294552771978e+03 1.741363187638483820e-16
3.403287464858977728e+03 1.636234644274591533e-16
3.405008635165183478e+03 1.565111533852376372e-16
3.406729805471389227e+03 1.615960987513707841e-16
3.408450975777594977e+03 1.642393366459794093e-16
3.410172146083800726e+03 1.563092741415983704e-16
3.411893316390006476e+03 1.501550848334715673e-16
3.413614486696212225e+03 1.549245500061233406e-16
3.415335657002417975e+03 1.619810403435203589e-16
3.417056827308623724e+03 1.616598005682884043e-16
3.418777997614829474e+03 1.613443780010778407e-16
3.420499167921035223e+03 1.674179669441305318e-16
3.422220338227240973e+03 1.702650774344953349e-16
3.423941508533446722e+03 1.632985766010217996e-16
3.425662678839652472e+03 1.580905929722378133e-16
3.427383849145858221e+03 1.580554994485285618e-16
3.429105019452063971e+03 1.559207255496246066e-16
3.430826189758269720e+03 1.544803465105249717e-16
3.432547360064475470e+03 1.562481015535197519e-16
3.434268530370681219e+03 1.499815921127863011e-16
3.435989700676886969e+03 1.527742785418015217e-16
3.437710870983092718e+03 1.534507563759990042e-16
3.439432041289298468e+03 1.513170511918173174e-16
3.441153211595504217e+03 1.523613393672076371e-16
3.442874381901709967e+03 1.547629504043006907e-16
3.444595552207915716e+03 1.541633629418894443e-16
3.446316722514121466e+03 1.484041029807819346e-16
3.448037892820327215e+03 1.420047426818899999e-16
3.449759063126532965e+03 1.473171450154215571e-16
3.451480233432739169e+03 1.538510491844707482e-16
3.453201403738944919e+03 1.535830686395849757e-16
3.454922574045150668e+03 1.617235626619377290e-16
3.456643744351356418e+03 1.627996360226960353e-16
3.458364914657562167e+03 1.548215870098664998e-16
3.460086084963767917e+03 1.526645831424284153e-16
3.461807255269973666e+03 1.524765021386348034e-16
3.463528425576179416e+03 1.456676080808531203e-16
3.465249595882385165e+03 1.414453263694194789e-16
3.466970766188590915e+03 1.400616112084071932e-16
3.468691936494796664e+03 1.430603168287701808e-16
3.470413106801002414e+03 1.464246251783395365e-16
3.472134277107208163e+03 1.405869284042499502e-16
3.473855447413413913e+03 1.306962654901960866e-16
3.475576617719619662e+03 1.320082447078514476e-16
3.477297788025825412e+03 1.375223971905413807e-16
3.479018958332031161e+03 1.442769577761218569e-16
3.480740128638236911e+03 1.512961520083478304e-16
3.482461298944442660e+03 1.564377366562276429e-16
3.484182469250648410e+03 1.593577738013903403e-16
3.485903639556854159e+03 1.597539475484447240e-16
3.487624809863059909e+03 1.544568290962156965e-16
3.489345980169265658e+03 1.525351746719663335e-16
3.491067150475471408e+03 1.504670906198501817e-16
3.492788320781677157e+03 1.411061343342030921e-16
3.494509491087882907e+03 1.349218687391273176e-16
3.496230661394088656e+03 1.423712356327147475e-16
3.497951831700294406e+03 1.412806494109044436e-16
3.499673002006500155e+03 1.326054543591711157e-16
3.501394172312705905e+03 1.324587345877101731e-16
3.503115342618911654e+03 1.341342356643757938e-16
3.504836512925117404e+03 1.287880470402938464e-16
3.506557683231323153e+03 1.264055980367077498e-16
3.508278853537528903e+03 1.278890868037184154e-16
3.510000023843734652e+03 1.229598893050255483e-16
3.511721194149940402e+03 1.256793935942338811e-16
3.513442364456146151e+03 1.309727910367751144e-16
3.515163534762351901e+03 1.272427758641283834e-16
3.516884705068557651e+03 1.215466022653355678e-16
3.518605875374763400e+03 1.181548985601339129e-16
3.520327045680969150e+03 1.193351962278476120e-16
3.522048215987174899e+03 1.223861185206638234e-16
3.523769386293380649e+03 1.232379808244933832e-16
3.525490556599586398e+03 1.200486428697218215e-16
3.527211726905792148e+03 1.158797053791560105e-16
3.528932897211997897e+03 1.167461756950666721e-16
3.530654067518203647e+03 1.160036816428102451e-16
3.532375237824409396e+03 1.174799400819039015e-16
3.534096408130615146e+03 1.161827318710832047e-16
3.535817578436820895e+03 1.114762035458502250e-16
3.537538748743026645e+03 1.144566848671719660e-16
3.539259919049232394e+03 1.188780449745306179e-16
3.540981089355438144e+03 1.262614003460909782e-16
3.542702259661643893e+03 1.338541395998356279e-16
3.544423429967849643e+03 1.370889413522515031e-16
3.546144600274055392e+03 1.394126518928754127e-16
3.547865770580261142e+03 1.462149747333923579e-16
3.549586940886466891e+03 1.471323963523968809e-16
3.551308111192672641e+03 1.403720772704343983e-16
3.553029281498878390e+03 1.381682750760965056e-16
3.554750451805084140e+03 1.405604612383897681e-16
3.556471622111289889e+03 1.398297658829416047e-16
3.558192792417495639e+03 1.400466735923460349e-16
3.559913962723701388e+03 1.435024329123538364e-16
3.561635133029907138e+03 1.322941161143125711e-16
3.563356303336112887e+03 1.240400119077196704e-16
3.565077473642318637e+03 1.206842812019307006e-16
3.566798643948524386e+03 1.134306329144188920e-16
3.568519814254730136e+03 1.169236277957059375e-16
3.570240984560935885e+03 1.110909807336738161e-16
3.571962154867141635e+03 1.068734723531088758e-16
3.573683325173347384e+03 1.064269714514920740e-16
3.575404495479553134e+03 1.055451870158034631e-16
3.577125665785758883e+03 1.047286541930162095e-16
3.578846836091964633e+03 1.032189685068482369e-16
3.580568006398170382e+03 1.011576045694840428e-16
3.582289176704376132e+03 9.858850560640404728e-17
3.584010347010581881e+03 9.362336330566706104e-17
3.585731517316787631e+03 9.178719216777037552e-17
3.587452687622993381e+03 9.638772736559095951e-17
3.589173857929199130e+03 9.500985531973061629e-17
3.590895028235404880e+03 9.660911350974330769e-17
3.592616198541610629e+03 9.685620554174788773e-17
3.594337368847816379e+03 9.732784475453868350e-17
3.596058539154022128e+03 9.930197957319457981e-17
3.597779709460227878e+03 9.810478831671937520e-17
3.599500879766433627e+03 9.839266298004261400e-17
3.601222050072639377e+03 9.469246913673888930e-17
3.602943220378845126e+03 9.476466818035247962e-17
3.604664390685050876e+03 9.432534242335441923e-17
3.606385560991256625e+03 8.901217228910483511e-17
3.608106731297462375e+03 8.912970168177336309e-17
3.609827901603668124e+03 8.982662532271974327e-17
3.611549071909873874e+03 9.246527155637417719e-17
3.613270242216079623e+03 9.204619700892651210e-17
3.614991412522285373e+03 9.051649497220430567e-17
3.616712582828491122e+03 9.383709701799471342e-17
3.618433753134696872e+03 9.758650289759060499e-17
3.620154923440902621e+03 1.004575658015255534e-16
3.621876093747108371e+03 1.004830518958137011e-16
3.623597264053314120e+03 1.018479986591624412e-16
3.625318434359519870e+03 1.033617613144307648e-16
3.627039604665725619e+03 1.011292875262213012e-16
3.628760774971931369e+03 1.024393398848185446e-16
3.630481945278137118e+03 1.042950575735541340e-16
3.632203115584342868e+03 1.039292088029667852e-16
3.633924285890548617e+03 1.046529359705457269e-16
3.635645456196754367e+03 1.067294438914308040e-16
3.637366626502960116e+03 1.069379400432753137e-16
3.639087796809165866e+03 1.095886550282777841e-16
3.640808967115371615e+03 1.051334494057051926e-16
3.642530137421577365e+03 1.012408898902697876e-16
3.644251307727783114e+03 9.748469205575199671e-17
3.645972478033988864e+03 9.268747531314191770e-17
3.647693648340194613e+03 9.689912507316299494e-17
3.649414818646400363e+03 9.249484501950208668e-17
3.651135988952606112e+03 9.238966557226694804e-17
3.652857159258811862e+03 9.404165843505208362e-17
3.654578329565017611e+03 9.278195545583880612e-17
3.656299499871223361e+03 9.351219826976944945e-17
3.658020670177429110e+03 9.330874808008405739e-17
3.659741840483634860e+03 9.432391036270166175e-17
3.661463010789840610e+03 9.351074938611229221e-17
3.663184181096046359e+03 9.316217635674583191e-17
3.664905351402252109e+03 9.429416159307363800e-17
3.666626521708457858e+03 9.252335889148106627e-17
3.668347692014663608e+03 9.036650513988107734e-17
3.670068862320869357e+03 8.962945715907996761e-17
3.671790032627075107e+03 9.451017692048203346e-17
3.673511202933280856e+03 9.421058247648691615e-17
3.675232373239486606e+03 8.415048734803571634e-17
3.676953543545692355e+03 8.346204545381039771e-17
3.678674713851898105e+03 8.668041548031162877e-17
3.680395884158103854e+03 8.375924697462314020e-17
3.682117054464309604e+03 8.014889572924123364e-17
3.683838224770515353e+03 8.059623840006490649e-17
3.685559395076721103e+03 8.095121342233000009e-17
3.687280565382926852e+03 8.222667222869523072e-17
3.689001735689132602e+03 8.324078011723892289e-17
3.690722905995338351e+03 8.248124006044900331e-17
3.692444076301544101e+03 8.161981780838419589e-17
3.694165246607749850e+03 8.281467884169110689e-17
3.695886416913955600e+03 8.528440377716695038e-17
3.697607587220161349e+03 8.834643651046933204e-17
3.699328757526367099e+03 8.805840575868216734e-17
3.701049927832572848e+03 8.915622919933283394e-17
3.702771098138778598e+03 9.245142786303263520e-17
3.704492268444984347e+03 9.200206632532967264e-17
3.706213438751190097e+03 8.870592031156072375e-17
3.707934609057395846e+03 8.556200467832557272e-17
3.709655779363601596e+03 8.360511203825037313e-17
3.711376949669807345e+03 8.394051119639750140e-17
3.713098119976013095e+03 8.452692954470581056e-17
3.714819290282218844e+03 8.161870609039917205e-17
3.716540460588424594e+03 7.940802610980494939e-17
3.718261630894630343e+03 8.094637202222920433e-17
3.719982801200836093e+03 7.965275933968677097e-17
3.721703971507041842e+03 7.530518737993490302e-17
3.723425141813247592e+03 7.593993506281867689e-17
3.725146312119453341e+03 8.082135416829025588e-17
3.726867482425659091e+03 7.916501643663952043e-17
3.728588652731864840e+03 7.881389850468410902e-17
3.730309823038070590e+03 8.336655929040337254e-17
3.732030993344276339e+03 8.748523614756501864e-17
3.733752163650482089e+03 8.679890991165938626e-17
3.735473333956687839e+03 8.315592775522793199e-17
3.737194504262893588e+03 9.069925118400147964e-17
3.738915674569099338e+03 9.362734820295909425e-17
3.740636844875305087e+03 8.740449099542770082e-17
3.742358015181510837e+03 8.737503473465679442e-17
3.744079185487716586e+03 9.080563563400079180e-17
3.745800355793922336e+03 8.777156355942973991e-17
3.747521526100128085e+03 8.364232188342132717e-17
3.749242696406333835e+03 8.414261595439334032e-17
3.750963866712539584e+03 8.503008174032053447e-17
3.752685037018745334e+03 8.087652962032908895e-17
3.754406207324951083e+03 7.845010042125517910e-17
3.756127377631156833e+03 8.145176880226798767e-17
3.757848547937362582e+03 8.015070442983891289e-17
3.759569718243568332e+03 7.685719732969431530e-17
3.761290888549774081e+03 8.065032068293229860e-17
3.763012058855979831e+03 8.087976453383284183e-17
3.764733229162185580e+03 7.522347068734717432e-17
3.766454399468391330e+03 7.180667041622354651e-17
3.768175569774597079e+03 7.319325569910156794e-17
3.769896740080802829e+03 7.575893056661154077e-17
3.771617910387008578e+03 7.672412419404244676e-17
3.773339080693214328e+03 7.351685837654615567e-17
3.775060250999420077e+03 7.489554231043043393e-17
3.776781421305625827e+03 7.622340148381561179e-17
3.778502591611831576e+03 7.381348419300999783e-17
3.780223761918037326e+03 7.412765467644334950e-17
3.781944932224243075e+03 7.734561164460998350e-17
3.783666102530448825e+03 7.563252591017188323e-17
3.785387272836654574e+03 7.231023242900543301e-17
3.787108443142860324e+03 7.191713989510804018e-17
3.788829613449066073e+03 7.313850571949766175e-17
3.790550783755271823e+03 7.396737188735489474e-17
3.792271954061477572e+03 7.568088027067548808e-17
3.793993124367683322e+03 7.228169919509025234e-17
3.795714294673889071e+03 7.285899892548141561e-17
3.797435464980094821e+03 7.772505562719024584e-17
3.799156635286300570e+03 7.367665244984942013e-17
3.800877805592506320e+03 6.944810643743491176e-17
3.802598975898712069e+03 6.846947822562367202e-17
3.804320146204917819e+03 7.018265884665588799e-17
3.806041316511123568e+03 7.284481768392746756e-17
3.807762486817329318e+03 7.278052955774412734e-17
3.809483657123535068e+03 6.785145778462284325e-17
3.811204827429740817e+03 6.998058928492066110e-17
3.812925997735946567e+03 7.153797620103014723e-17
3.814647168042152316e+03 7.061854509664509228e-17
3.816368338348358066e+03 7.263439695034223749e-17
3.818089508654563815e+03 7.540046715749743039e-17
3.819810678960769565e+03 7.410764588517350282e-17
3.821531849266975314e+03 7.308767726116295081e-17
3.823253019573181064e+03 7.145288611716244795e-17
3.824974189879386813e+03 7.035498567861970304e-17
3.826695360185592563e+03 7.266838441761387216e-17
3.828416530491798312e+03 7.254499964541405230e-17
3.830137700798004062e+03 7.422566265539978509e-17
3.831858871104209811e+03 7.640464923489277636e-17
3.833580041410415561e+03 7.907288048701249486e-17
3.835301211716621310e+03 8.168578690211280064e-17
3.837022382022827060e+03 7.817017780238199724e-17
3.838743552329032809e+03 7.323845170600043310e-17
3.840464722635238559e+03 7.175320112578404923e-17
3.842185892941444308e+03 7.275214622162130279e-17
3.843907063247650058e+03 7.376684274788795568e-17
3.845628233553855807e+03 7.418342957558507073e-17
3.847349403860061557e+03 7.178539672567732731e-17
3.849070574166267306e+03 7.002595173353830963e-17
3.850791744472473056e+03 6.930596712436430382e-17
3.852512914778678805e+03 6.772465575146658746e-17
3.854234085084884555e+03 6.613065820670212090e-17
3.855955255391090304e+03 6.671071979952729273e-17
3.857676425697296054e+03 6.513171988856514735e-17
3.859397596003501803e+03 6.519480399553553600e-17
3.861118766309707553e+03 6.727495168399096667e-17
3.862839936615913302e+03 6.537798071702078048e-17
3.864561106922119052e+03 5.995055763552564148e-17
3.866282277228324801e+03 6.224454932595292673e-17
3.868003447534530551e+03 6.322372490328005917e-17
3.869724617840736300e+03 6.168156040813744192e-17
3.871445788146942050e+03 6.221817901745940560e-17
3.873166958453147799e+03 6.115359227885470204e-17
3.874888128759353549e+03 6.097975951443821624e-17
3.876609299065559298e+03 5.889012561571188613e-17
3.878330469371765048e+03 5.802411080587147400e-17
3.880051639677970797e+03 6.044515266770069685e-17
3.881772809984176547e+03 6.115166904309932232e-17
3.883493980290382297e+03 5.805349070205097993e-17
3.885215150596588046e+03 5.727034943317402035e-17
3.886936320902793796e+03 6.056887163213771666e-17
3.888657491208999545e+03 6.278132346540781811e-17
3.890378661515205295e+03 6.017592521176911118e-17
3.892099831821411044e+03 5.769613689807106170e-17
3.893821002127616794e+03 6.043286312768525053e-17
3.895542172433822543e+03 6.200203431553580079e-17
3.897263342740028293e+03 6.092245616396811248e-17
3.898984513046234042e+03 6.169183302212551254e-17
3.900705683352439792e+03 6.333676326743236242e-17
3.902426853658645541e+03 6.374488251255842885e-17
3.904148023964851291e+03 6.370318579291497054e-17
3.905869194271057040e+03 6.589132088819565661e-17
3.907590364577262790e+03 6.936011006170393519e-17
3.909311534883468539e+03 7.018111646692753866e-17
3.911032705189674289e+03 7.015463652647451655e-17
3.912753875495880038e+03 6.951741706311924369e-17
3.914475045802085788e+03 6.846818959044560401e-17
3.916196216108291537e+03 6.790426540365515803e-17
3.917917386414497287e+03 6.762085226689579002e-17
3.919638556720703036e+03 6.464891058043778907e-17
3.921359727026908786e+03 6.117939946631678794e-17
3.923080897333114535e+03 5.982628592694006737e-17
3.924802067639320285e+03 6.093117780671119915e-17
3.926523237945526034e+03 6.126078252673499219e-17
3.928244408251731784e+03 5.673541474874478001e-17
3.929965578557937533e+03 5.640912467672516917e-17
3.931686748864143283e+03 5.614417334937465875e-17
3.933407919170349032e+03 5.437144559665965553e-17
3.935129089476554782e+03 5.574963597167854273e-17
3.936850259782760531e+03 5.791752490596418274e-17
3.938571430088966281e+03 5.742219328189530425e-17
3.940292600395172030e+03 5.972877490379060776e-17
3.942013770701377780e+03 6.233403722757151546e-17
3.943734941007583529e+03 6.232381637899030562e-17
3.945456111313789279e+03 6.654182456158480486e-17
3.947177281619995028e+03 6.644696526488767549e-17
3.948898451926200778e+03 6.436783105635336568e-17
3.950619622232406527e+03 6.559236010198443426e-17
3.952340792538612277e+03 6.801796776850325756e-17
3.954061962844818026e+03 6.558679013028515647e-17
3.955783133151023776e+03 6.038884742176948157e-17
3.957504303457229526e+03 5.760048345601793133e-17
3.959225473763435275e+03 5.708501891028828127e-17
3.960946644069641025e+03 5.555846692854996329e-17
3.962667814375846774e+03 5.327689468650308144e-17
3.964388984682052524e+03 5.410474594991362241e-17
3.966110154988258273e+03 5.550132963798665525e-17
3.967831325294464023e+03 5.533342568812872663e-17
3.969552495600669772e+03 5.306589283343389577e-17
3.971273665906875522e+03 5.089039260643159398e-17
3.972994836213081271e+03 5.409959361850884887e-17
3.974716006519287021e+03 5.555979890925031785e-17
3.976437176825492770e+03 5.487561913905244644e-17
3.978158347131698520e+03 5.558251163842343644e-17
3.979879517437904269e+03 5.776545138525678969e-17
3.981600687744110019e+03 5.942223259031491459e-17
3.983321858050315768e+03 5.946421721438397422e-17
3.985043028356521518e+03 5.935356781068658538e-17
3.986764198662727267e+03 5.880955589511681512e-17
3.988485368968933017e+03 5.760274631640474586e-17
3.990206539275138766e+03 5.864273428497228759e-17
3.991927709581344516e+03 5.817704115470279821e-17
3.993648879887550265e+03 5.716048513767990599e-17
3.995370050193756015e+03 5.711993095311021810e-17
3.997091220499961764e+03 5.779031561781234630e-17
3.998812390806167514e+03 5.894203613916257070e-17
4.000533561112373263e+03 5.825480418583105158e-17
4.002254731418579013e+03 5.622780871250634461e-17
4.003975901724784762e+03 5.542837923131926356e-17
4.005697072030990512e+03 5.763389391844020664e-17
4.007418242337196261e+03 6.095040870636681872e-17
4.009139412643402011e+03 5.953397408812060218e-17
4.010860582949607760e+03 6.112073146687762053e-17
4.012581753255813510e+03 6.446460257889485514e-17
4.014302923562019259e+03 6.302172045552031931e-17
4.016024093868225009e+03 5.995443836034356838e-17
4.017745264174430758e+03 6.032306674441635580e-17
4.019466434480636508e+03 5.921464772549373878e-17
4.021187604786842257e+03 5.907548093963839550e-17
4.022908775093048007e+03 6.142461820023705608e-17
4.024629945399253756e+03 5.967128166980466392e-17
4.026351115705459506e+03 5.813584400972085722e-17
4.028072286011665256e+03 5.757095268743799084e-17
4.029793456317871005e+03 5.582976357571633666e-17
4.031514626624076755e+03 5.474860746317047578e-17
4.033235796930282504e+03 5.724216192797394449e-17
4.034956967236488254e+03 5.653995294506670579e-17
4.036678137542694003e+03 5.610772946555158386e-17
4.038399307848899753e+03 5.686721011973491999e-17
4.040120478155105502e+03 5.776695164488675355e-17
4.041841648461311252e+03 5.913272498949911637e-17
4.043562818767517001e+03 5.867107579895798317e-17
4.045283989073722751e+03 6.105601248382141513e-17
4.047005159379928500e+03 6.135522862571958296e-17
4.048726329686134250e+03 5.925406089613680311e-17
4.050447499992339999e+03 6.137218404405040517e-17
4.052168670298545749e+03 6.066282298196561978e-17
4.053889840604751498e+03 6.080213717009284163e-17
4.055611010910957248e+03 6.022252311105457576e-17
4.057332181217162997e+03 5.785705765840767478e-17
4.059053351523368747e+03 5.748659253417616171e-17
4.060774521829574496e+03 5.842178892492035962e-17
4.062495692135780246e+03 5.986388683255359191e-17
4.064216862441985995e+03 6.135584115201024683e-17
4.065938032748191745e+03 6.096636188493157092e-17
4.067659203054397494e+03 5.872909802216995656e-17
4.069380373360603244e+03 6.030096553724728533e-17
4.071101543666808993e+03 6.046666257897674429e-17
4.072822713973014743e+03 5.783757546724498830e-17
4.074543884279220492e+03 5.722044736542357298e-17
4.076265054585426242e+03 5.960578945733361245e-17
4.077986224891631991e+03 5.717568144881380391e-17
4.079707395197837741e+03 5.781099152512642344e-17
4.081428565504043490e+03 5.832155743171088230e-17
4.083149735810249240e+03 5.670942604683164056e-17
4.084870906116454989e+03 5.761850303576964872e-17
4.086592076422660739e+03 5.787186248765254111e-17
4.088313246728866488e+03 5.596871208640960537e-17
4.090034417035072238e+03 5.660730202545069100e-17
4.091755587341277987e+03 5.792158105452589941e-17
4.093476757647483737e+03 5.630644384153289530e-17
4.095197927953689486e+03 6.044427150320688186e-17
4.096919098259895691e+03 5.847451642259952870e-17
4.098640268566101440e+03 5.391877731357740259e-17
4.100361438872307190e+03 5.308674466350026673e-17
4.102082609178512939e+03 5.351625061227908988e-17
4.103803779484718689e+03 5.387230975316550677e-17
4.105524949790924438e+03 5.297554318775950693e-17
4.107246120097130188e+03 5.287338072392221900e-17
4.108967290403335937e+03 5.318197514676961530e-17
4.110688460709541687e+03 5.223803493499526865e-17
4.112409631015747436e+03 5.330939182255701613e-17
4.114130801321953186e+03 5.454657422173887752e-17
4.115851971628158935e+03 5.472815304779850700e-17
4.117573141934364685e+03 5.440197429119909867e-17
4.119294312240570434e+03 5.452079824528429125e-17
4.121015482546776184e+03 5.512192802190078593e-17
4.122736652852981933e+03 5.561328478056969192e-17
4.124457823159187683e+03 5.557717368963510522e-17
4.126178993465393432e+03 5.463849248689169471e-17
4.127900163771599182e+03 5.426268963139506813e-17
4.129621334077804931e+03 5.724973371199028249e-17
4.131342504384010681e+03 5.500488746090386392e-17
4.133063674690216430e+03 5.336716212012530491e-17
4.134784844996422180e+03 5.538013845238584159e-17
4.136506015302627929e+03 5.486720846407897524e-17
4.138227185608833679e+03 5.500848994871414337e-17
4.139948355915039429e+03 5.764928146784665437e-17
4.141669526221245178e+03 5.535243474409269159e-17
4.143390696527450928e+03 5.163522072893245838e-17
4.145111866833656677e+03 5.548362461152964237e-17
4.146833037139862427e+03 5.433811594332586643e-17
4.148554207446068176e+03 5.134503811785347944e-17
4.150275377752273926e+03 5.191573992526080101e-17
4.151996548058479675e+03 5.558245096998806334e-17
4.153717718364685425e+03 5.727177378689298374e-17
4.155438888670891174e+03 5.418190380763881449e-17
4.157160058977096924e+03 5.487349530376312291e-17
4.158881229283302673e+03 5.718868204048255840e-17
4.160602399589508423e+03 5.650304459193535630e-17
4.162323569895714172e+03 5.607555037887413146e-17
4.164044740201919922e+03 5.862078147306180899e-17
4.165765910508125671e+03 6.034527682822326926e-17
4.167487080814331421e+03 5.986151303792711016e-17
4.169208251120537170e+03 5.752799700408283663e-17
4.170929421426742920e+03 5.450657348342504545e-17
4.172650591732948669e+03 5.512314614836125968e-17
4.174371762039154419e+03 5.799834241424620566e-17
4.176092932345360168e+03 6.027614102641534261e-17
4.177814102651565918e+03 5.928676476863975642e-17
4.179535272957771667e+03 5.574244228649191032e-17
4.181256443263977417e+03 5.726304959559824516e-17
4.182977613570183166e+03 5.577602012050798722e-17
4.184698783876388916e+03 5.269800364403452136e-17
4.186419954182594665e+03 5.239388407097662120e-17
4.188141124488800415e+03 5.154832448030333551e-17
4.189862294795006164e+03 5.242138878543634628e-17
4.191583465101211914e+03 5.180230153637933964e-17
4.193304635407417663e+03 5.023432448234661073e-17
4.195025805713623413e+03 5.049446361719084086e-17
4.196746976019829162e+03 5.190270779287064058e-17
4.198468146326034912e+03 5.192656968040755036e-17
4.200189316632240661e+03 5.211875458702300763e-17
4.201910486938446411e+03 5.140281025022475032e-17
4.203631657244652160e+03 4.941162922618638295e-17
4.205352827550857910e+03 5.001163800680855028e-17
4.207073997857063659e+03 5.145060004385482337e-17
4.208795168163269409e+03 5.013188049547663926e-17
4.210516338469475158e+03 4.936805918230004676e-17
4.212237508775680908e+03 5.222840944462448446e-17
4.213958679081886658e+03 5.335598133648189247e-17
4.215679849388092407e+03 5.171709222959407268e-17
4.217401019694298157e+03 4.900340313834464087e-17
4.219122190000503906e+03 4.804196487246826939e-17
4.220843360306709656e+03 4.988027164541680922e-17
4.222564530612915405e+03 5.155319567937271098e-17
4.224285700919121155e+03 4.860420371110364603e-17
4.226006871225326904e+03 4.615389220802525218e-17
4.227728041531532654e+03 4.753878851086136541e-17
4.229449211837738403e+03 4.941022895645618350e-17
4.231170382143944153e+03 4.871081980989049447e-17
4.232891552450149902e+03 4.949580417454203202e-17
4.234612722756355652e+03 4.913680471892493156e-17
4.236333893062561401e+03 4.700794720929354442e-17
4.238055063368767151e+03 4.706097064695103314e-17
4.239776233674972900e+03 4.894570887596150201e-17
4.241497403981178650e+03 4.824198816635727954e-17
4.243218574287384399e+03 4.888107767166889847e-17
4.244939744593590149e+03 5.080998785124342031e-17
4.246660914899795898e+03 4.893140015170740750e-17
4.248382085206001648e+03 4.767879573028713274e-17
4.250103255512207397e+03 4.727308207066914694e-17
4.251824425818413147e+03 4.977730152208076772e-17
4.253545596124618896e+03 5.117398560735769754e-17
4.255266766430824646e+03 4.640913085827209970e-17
4.256987936737030395e+03 4.643214749492342001e-17
4.258709107043236145e+03 4.808169450182283806e-17
4.260430277349441894e+03 4.848074569271985291e-17
4.262151447655647644e+03 4.829327219911801733e-17
4.263872617961853393e+03 4.827519577182543047e-17
4.265593788268059143e+03 4.847649041470816336e-17
4.267314958574264892e+03 4.967763719743846493e-17
4.269036128880470642e+03 5.024060930268830598e-17
4.270757299186676391e+03 4.901054829666435468e-17
4.272478469492882141e+03 4.855605160302368869e-17
4.274199639799087890e+03 5.177125825861714564e-17
4.275920810105293640e+03 4.977901090715397337e-17
4.277641980411499389e+03 4.644257377255917374e-17
4.279363150717705139e+03 4.841742425756568016e-17
4.281084321023910888e+03 4.874564923287977230e-17
4.282805491330116638e+03 4.887663243195692079e-17
4.284526661636322387e+03 4.819915096079159702e-17
4.286247831942528137e+03 4.767646760606466001e-17
4.287969002248733887e+03 4.796514814013917568e-17
4.289690172554939636e+03 4.689424558186465652e-17
4.291411342861145386e+03 4.870181010660166041e-17
4.293132513167351135e+03 4.836150785881302965e-17
4.294853683473556885e+03 4.595599653553008917e-17
4.296574853779762634e+03 4.680989084214199856e-17
4.298296024085968384e+03 4.761798413805090696e-17
4.300017194392174133e+03 4.641611295529308821e-17
4.301738364698379883e+03 4.624903499355839070e-17
4.303459535004585632e+03 4.676404124273782089e-17
4.305180705310791382e+03 4.473114960376586414e-17
4.306901875616997131e+03 4.346494808880429249e-17
4.308623045923202881e+03 4.460401271583734045e-17
4.310344216229408630e+03 4.633038772898866111e-17
4.312065386535614380e+03 4.688263847165599746e-17
4.313786556841820129e+03 4.716139308699858008e-17
4.315507727148025879e+03 4.896100930878631429e-17
4.317228897454231628e+03 4.895528754352654304e-17
4.318950067760437378e+03 4.848195590926218774e-17
4.320671238066643127e+03 4.908998759259155871e-17
4.322392408372848877e+03 4.814799800328652172e-17
4.324113578679054626e+03 4.689814362613551651e-17
4.325834748985260376e+03 4.704753050493333885e-17
4.327555919291466125e+03 4.664637079544818123e-17
4.329277089597671875e+03 4.550792330715588706e-17
4.330998259903877624e+03 4.761867401562535728e-17
4.332719430210083374e+03 4.678024188227256289e-17
4.334440600516289123e+03 4.637929075970936982e-17
4.336161770822494873e+03 4.678577286593610786e-17
4.337882941128700622e+03 4.582046217085519629e-17
4.339604111434906372e+03 4.742258090422591426e-17
4.341325281741112121e+03 4.708189116452105747e-17
4.343046452047317871e+03 4.539294196637614677e-17
4.344767622353523620e+03 4.547742298942686102e-17
4.346488792659729370e+03 4.690141988990793885e-17
4.348209962965935119e+03 4.587705128831489424e-17
4.349931133272140869e+03 4.666639262095406254e-17
4.351652303578346618e+03 4.746667440469494186e-17
4.353373473884552368e+03 4.691374243368195386e-17
4.355094644190758117e+03 4.776171763387827812e-17
4.356815814496963867e+03 4.783281964089194349e-17
4.358536984803169616e+03 4.685996883051805086e-17
4.360258155109375366e+03 4.670068429057110736e-17
4.361979325415581116e+03 4.774045202559108057e-17
4.363700495721786865e+03 4.842712138543539290e-17
4.365421666027992615e+03 4.945705730235111594e-17
4.367142836334198364e+03 4.889509066375854788e-17
4.368864006640404114e+03 4.691055202338173491e-17
4.370585176946609863e+03 4.609774492672297444e-17
4.372306347252815613e+03 4.740355230618127469e-17
4.374027517559021362e+03 4.751206729720932488e-17
4.375748687865227112e+03 4.566423063514694672e-17
4.377469858171432861e+03 4.507656372886816024e-17
4.379191028477638611e+03 4.646047874387266560e-17
4.380912198783844360e+03 4.488509818375461486e-17
4.382633369090050110e+03 4.373176394462942712e-17
4.384354539396255859e+03 4.407022111555432876e-17
4.386075709702461609e+03 4.446063822700272394e-17
4.387796880008667358e+03 4.461636137617197257e-17
4.389518050314873108e+03 4.640033751268431685e-17
4.391239220621078857e+03 4.696142787310192635e-17
4.392960390927284607e+03 4.516363005202139828e-17
4.394681561233490356e+03 4.367516419385932797e-17
4.396402731539696106e+03 4.514662825580413374e-17
4.398123901845901855e+03 4.626559601837135349e-17
4.399845072152107605e+03 4.531397115600671464e-17
4.401566242458313354e+03 4.489317572985132609e-17
4.403287412764519104e+03 4.692873762507860342e-17
4.405008583070724853e+03 4.895657233212723072e-17
4.406729753376930603e+03 5.014250253284655865e-17
4.408450923683136352e+03 5.032355142397939496e-17
4.410172093989342102e+03 5.055931822995316261e-17
4.411893264295547851e+03 5.147068069868076905e-17
4.413614434601753601e+03 5.176140175900143887e-17
4.415335604907959350e+03 5.101342198305806430e-17
4.417056775214165100e+03 4.926420618783546706e-17
4.418777945520370849e+03 4.924764307264273291e-17
4.420499115826576599e+03 5.149996541113970253e-17
4.422220286132782348e+03 5.012766028785150141e-17
4.423941456438988098e+03 5.209822157749017356e-17
4.425662626745193847e+03 5.153541977477150973e-17
4.427383797051399597e+03 4.752658953140062602e-17
4.429104967357605346e+03 4.895360657790131665e-17
4.430826137663811096e+03 4.815695538108135684e-17
4.432547307970016846e+03 4.856725969644368582e-17
4.434268478276222595e+03 4.974693259859674649e-17
4.435989648582428345e+03 4.881840563723632457e-17
4.437710818888634094e+03 4.755439564814187043e-17
4.439431989194839844e+03 4.682131493568135953e-17
4.441153159501045593e+03 4.754431692672915076e-17
4.442874329807251343e+03 4.770391276271275271e-17
4.444595500113457092e+03 4.630581052010662314e-17
4.446316670419662842e+03 4.690053388328497505e-17
4.448037840725868591e+03 4.709839109740472223e-17
4.449759011032074341e+03 4.518814050243974359e-17
4.451480181338280090e+03 4.431170786398395913e-17
4.453201351644485840e+03 4.621059657692267645e-17
4.454922521950691589e+03 4.504817883473702369e-17
4.456643692256897339e+03 4.602774689025924282e-17
4.458364862563103088e+03 4.647292951738913717e-17
4.460086032869308838e+03 4.388035858285539418e-17
4.461807203175514587e+03 4.294104560994934516e-17
4.463528373481720337e+03 4.476513802424340496e-17
4.465249543787926086e+03 4.613173748086509276e-17
4.466970714094131836e+03 4.501913224247848817e-17
4.468691884400337585e+03 4.381834610104017012e-17
4.470413054706543335e+03 4.540568650825523204e-17
4.472134225012749084e+03 4.430269697316822513e-17
4.473855395318954834e+03 4.435148307265207784e-17
4.475576565625160583e+03 4.498506677838169618e-17
4.477297735931366333e+03 4.313918687846274967e-17
4.479018906237572082e+03 4.310226985298554423e-17
4.480740076543777832e+03 4.369176757236710127e-17
4.482461246849983581e+03 4.440895774404313122e-17
4.484182417156189331e+03 4.434630216590921820e-17
4.485903587462395080e+03 4.349139767498519379e-17
4.487624757768600830e+03 4.569580724118889810e-17
4.489345928074806579e+03 4.688776443230693420e-17
4.491067098381012329e+03 4.557696126804489534e-17
4.492788268687218078e+03 4.432068022257995090e-17
4.494509438993423828e+03 4.497717128460607407e-17
4.496230609299629577e+03 4.595425470039410195e-17
4.497951779605835327e+03 4.582909253848207134e-17
4.499672949912041076e+03 4.632082416320712907e-17
4.501394120218246826e+03 4.733286258353791014e-17
4.503115290524452575e+03 4.540931745031166137e-17
4.504836460830658325e+03 4.484232433797517631e-17
4.506557631136864075e+03 4.468752147493024076e-17
4.508278801443069824e+03 4.416102402524266001e-17
4.509999971749275574e+03 4.454603993466264080e-17
4.511721142055481323e+03 4.542446792826007167e-17
4.513442312361687073e+03 4.739321186853985090e-17
4.515163482667892822e+03 4.767814494749254932e-17
4.516884652974098572e+03 4.536837155600443472e-17
4.518605823280304321e+03 4.428340639996589555e-17
4.520326993586510071e+03 4.650492263822451473e-17
4.522048163892715820e+03 4.711020990130441848e-17
4.523769334198921570e+03 4.558965533349522997e-17
4.525490504505127319e+03 4.497327968715158995e-17
4.527211674811333069e+03 4.580285760717502148e-17
4.528932845117538818e+03 4.702626754566803639e-17
4.530654015423744568e+03 4.759417313238117505e-17
4.532375185729950317e+03 4.681153659367046785e-17
4.534096356036156067e+03 4.600466584422104351e-17
4.535817526342361816e+03 4.786525357868079043e-17
4.537538696648567566e+03 4.890041845011188479e-17
4.539259866954773315e+03 4.835995952459272226e-17
4.540981037260979065e+03 4.719220107298934467e-17
4.542702207567184814e+03 4.618157720247374974e-17
4.544423377873390564e+03 4.734992806778480196e-17
4.546144548179596313e+03 4.741398987593456896e-17
4.547865718485802063e+03 4.717495280155616323e-17
4.549586888792007812e+03 4.669286197403854357e-17
4.551308059098213562e+03 4.371980626422225254e-17
4.553029229404419311e+03 4.537268284908782687e-17
4.554750399710625061e+03 4.713255454010703785e-17
4.556471570016830810e+03 4.581658780016577993e-17
4.558192740323036560e+03 4.525645235179625681e-17
4.559913910629242309e+03 4.828939931783057984e-17
4.561635080935448059e+03 4.745920462703397190e-17
4.563356251241653808e+03 4.554728277094822277e-17
4.565077421547859558e+03 4.607386144007448542e-17
4.566798591854065307e+03 4.660803690052353593e-17
4.568519762160271057e+03 4.587812091187163964e-17
4.570240932466476806e+03 4.325456708104994225e-17
4.571962102772682556e+03 4.329091785888892046e-17
4.573683273078888305e+03 4.692953849066462953e-17
4.575404443385094055e+03 4.788024103923015340e-17
4.577125613691299804e+03 4.562821632319065862e-17
4.578846783997505554e+03 4.579793572047754413e-17
4.580567954303711304e+03 4.808977695586798567e-17
4.582289124609917053e+03 4.803111328147797238e-17
4.584010294916122803e+03 4.628055297693401520e-17
4.585731465222328552e+03 4.640253905225616514e-17
4.587452635528534302e+03 4.734564008883320507e-17
4.589173805834740051e+03 4.683355085036479381e-17
4.590894976140945801e+03 4.513375483930563296e-17
4.592616146447151550e+03 4.443099430102413853e-17
4.594337316753357300e+03 4.433618185861636361e-17
4.596058487059563049e+03 4.462565585085742536e-17
4.597779657365768799e+03 4.523830926862336929e-17
4.599500827671974548e+03 4.558967182988091162e-17
4.601221997978180298e+03 4.531620641377332451e-17
4.602943168284386047e+03 4.480786193595953243e-17
4.604664338590591797e+03 4.394842937092461861e-17
4.606385508896797546e+03 4.283415976100171504e-17
4.608106679203003296e+03 4.244661254428102864e-17
4.609827849509209045e+03 4.262850268561900838e-17
4.611549019815414795e+03 4.380503975893862393e-17
4.613270190121620544e+03 4.551620634217280404e-17
4.614991360427826294e+03 4.594215725886016068e-17
4.616712530734032043e+03 4.432542347043231304e-17
4.618433701040237793e+03 4.330046798572782554e-17
4.620154871346443542e+03 4.325464608453614349e-17
4.621876041652649292e+03 4.392229166071034857e-17
4.623597211958855041e+03 4.569896310977711435e-17
4.625318382265060791e+03 4.588938116078519236e-17
4.627039552571266540e+03 4.621594929374518622e-17
4.628760722877472290e+03 4.633252553616447583e-17
4.630481893183678039e+03 4.477345337166577237e-17
4.632203063489883789e+03 4.359581908993675174e-17
4.633924233796089538e+03 4.317774979014627104e-17
4.635645404102295288e+03 4.392240306850148538e-17
4.637366574408501037e+03 4.461430986927623822e-17
4.639087744714706787e+03 4.375958100610665028e-17
4.640808915020912536e+03 4.298662778748115326e-17
4.642530085327118286e+03 4.266931799757669515e-17
4.644251255633324035e+03 4.279770186502346215e-17
4.645972425939529785e+03 4.310630214018165112e-17
4.647693596245735534e+03 4.319202302817877305e-17
4.649414766551941284e+03 4.337436228879966259e-17
4.651135936858147033e+03 4.393719930232966890e-17
4.652857107164352783e+03 4.419852010058544505e-17
4.654578277470558533e+03 4.388007681197408351e-17
4.656299447776764282e+03 4.442279780269516562e-17
4.658020618082970032e+03 4.600715868097825859e-17
4.659741788389175781e+03 4.699169453344036198e-17
4.661462958695381531e+03 4.638183283987505522e-17
4.663184129001587280e+03 4.523912226537847531e-17
4.664905299307793030e+03 4.514182380313566452e-17
4.666626469613998779e+03 4.533197454922222083e-17
4.668347639920204529e+03 4.380749241888749010e-17
4.670068810226410278e+03 4.186249599353433512e-17
4.671789980532616028e+03 4.365563846873521237e-17
4.673511150838821777e+03 4.756811929418864047e-17
4.675232321145027527e+03 4.572887811421693497e-17
4.676953491451233276e+03 4.256473647592700774e-17
4.678674661757439026e+03 4.501039150500434793e-17
4.680395832063644775e+03 4.485235990083293476e-17
4.682117002369850525e+03 4.396980990829938153e-17
4.683838172676056274e+03 4.444860978365457383e-17
4.685559342982262024e+03 4.520757717861690001e-17
4.687280513288467773e+03 4.454170171412432970e-17
4.689001683594673523e+03 4.440839347871821319e-17
4.690722853900879272e+03 4.616025359883363992e-17
4.692444024207085022e+03 4.526113791227195911e-17
4.694165194513290771e+03 4.111113018057889319e-17
4.695886364819496521e+03 4.161306246334087867e-17
4.697607535125702270e+03 4.399834170877977471e-17
4.699328705431908020e+03 4.491150876063378815e-17
4.701049875738113769e+03 4.463482385989119403e-17
4.702771046044319519e+03 4.478752195948285433e-17
4.704492216350525268e+03 4.420591248497903828e-17
4.706213386656731018e+03 4.290062216623049521e-17
4.707934556962936767e+03 4.291426816993103897e-17
4.709655727269142517e+03 4.410591639418804458e-17
4.711376897575348266e+03 4.405412934959656316e-17
4.713098067881554016e+03 4.348685064144714485e-17
4.714819238187759765e+03 4.386077777703955081e-17
4.716540408493965515e+03 4.434956830779404130e-17
4.718261578800171264e+03 4.361227227825932749e-17
4.719982749106377014e+03 4.270690885698621918e-17
4.721703919412582763e+03 4.347378672294482007e-17
4.723425089718788513e+03 4.499583984330289570e-17
4.725146260024994262e+03 4.530579260502428430e-17
4.726867430331200012e+03 4.406268894886741943e-17
4.728588600637405762e+03 4.296977421924184473e-17
4.730309770943611511e+03 4.348596535399482744e-17
4.732030941249817261e+03 4.333067800003069013e-17
4.733752111556023010e+03 4.236304175231736930e-17
4.735473281862228760e+03 4.347673859694356925e-17
4.737194452168434509e+03 4.272693868201251230e-17
4.738915622474640259e+03 4.283235532707130764e-17
4.740636792780846008e+03 4.418697685468893812e-17
4.742357963087051758e+03 4.390472994061953794e-17
4.744079133393257507e+03 4.274937238750567419e-17
4.745800303699463257e+03 4.392934263014168168e-17
4.747521474005669006e+03 4.406229640220674349e-17
4.749242644311874756e+03 4.183667739448695694e-17
4.750963814618080505e+03 4.083589485980967446e-17
4.752684984924286255e+03 4.087043435824500821e-17
4.754406155230492004e+03 4.187137317619011081e-17
4.756127325536697754e+03 4.262109770258681681e-17
4.757848495842903503e+03 4.251638546914998564e-17
4.759569666149109253e+03 4.274253475730316333e-17
4.761290836455315002e+03 4.366534799609637063e-17
4.763012006761520752e+03 4.358848350936790193e-17
4.764733177067726501e+03 4.245927448768786689e-17
4.766454347373932251e+03 4.187012932919370498e-17
4.768175517680138000e+03 4.183231212343020541e-17
4.769896687986343750e+03 4.272829352111967403e-17
4.771617858292549499e+03 4.299072771008769373e-17
4.773339028598755249e+03 4.252874928348885746e-17
4.775060198904960998e+03 4.352216829488164021e-17
4.776781369211166748e+03 4.467664909974888298e-17
4.778502539517372497e+03 4.464124152294639827e-17
4.780223709823578247e+03 4.439720804383458356e-17
4.781944880129783996e+03 4.481588036430836848e-17
4.783666050435989746e+03 4.451311178900183099e-17
4.785387220742195495e+03 4.371469713327646033e-17
4.787108391048401245e+03 4.304183027469443504e-17
4.788829561354606994e+03 4.255762222743156413e-17
4.790550731660812744e+03 4.219693464628193520e-17
4.792271901967018493e+03 4.246932841537268627e-17
4.793993072273224243e+03 4.286722739008974868e-17
4.795714242579429992e+03 4.303789022895445614e-17
4.797435412885635742e+03 4.376081236486847503e-17
4.799156583191841491e+03 4.527879721692205301e-17
4.800877753498047241e+03 4.378447372734291182e-17
4.802598923804252991e+03 4.320282182962272556e-17
4.804320094110458740e+03 4.450057729470782076e-17
4.806041264416664490e+03 4.456754412977254277e-17
4.807762434722870239e+03 4.428500275626885527e-17
4.809483605029075989e+03 4.274945479297847852e-17
4.811204775335281738e+03 4.197797461046632850e-17
4.812925945641487488e+03 4.349144273584115148e-17
4.814647115947693237e+03 4.563554161972706598e-17
4.816368286253898987e+03 4.647070420760379866e-17
4.818089456560104736e+03 4.732879488598556798e-17
4.819810626866310486e+03 4.711519208521095031e-17
4.821531797172516235e+03 4.489335925198843227e-17
4.823252967478721985e+03 4.401828598721483896e-17
4.824974137784927734e+03 4.532576805951748126e-17
4.826695308091133484e+03 4.602129133406331251e-17
4.828416478397339233e+03 4.576462390043360782e-17
4.830137648703544983e+03 4.605658820441796245e-17
4.831858819009750732e+03 4.462870697207029192e-17
4.833579989315956482e+03 4.475746256175705438e-17
4.835301159622162231e+03 4.518089894534568751e-17
4.837022329928367981e+03 4.459406995519969080e-17
4.838743500234573730e+03 4.543951962103368503e-17
4.840464670540779480e+03 4.461751661183409313e-17
4.842185840846985229e+03 4.536185251722014774e-17
4.843907011153190979e+03 4.680072546506520852e-17
4.845628181459396728e+03 4.534233387455563911e-17
4.847349351765602478e+03 4.414915668071794119e-17
4.849070522071808227e+03 4.463707375076414086e-17
4.850791692378013977e+03 4.421104609966360730e-17
4.852512862684219726e+03 4.283308615274922444e-17
4.854234032990425476e+03 4.352810369941953106e-17
4.855955203296631225e+03 4.355531150125766404e-17
4.857676373602836975e+03 4.436365829791232823e-17
4.859397543909042724e+03 4.557422346322554082e-17
4.861118714215248474e+03 4.515997716076357599e-17
4.862839884521454223e+03 4.358377669828576663e-17
4.864561054827659973e+03 4.411902811017284652e-17
4.866282225133865722e+03 4.393477120438062105e-17
4.868003395440071472e+03 4.202079290495520874e-17
4.869724565746277221e+03 4.112387921369386488e-17
4.871445736052482971e+03 4.094190787200540615e-17
4.873166906358688721e+03 4.184544342904254738e-17
4.874888076664894470e+03 4.285392338571157593e-17
4.876609246971100220e+03 4.371614257286254243e-17
4.878330417277305969e+03 4.504567570544915868e-17
4.880051587583511719e+03 4.327487782914647052e-17
4.881772757889717468e+03 4.534642825908809494e-17
4.883493928195923218e+03 4.757818032230921005e-17
4.885215098502128967e+03 4.289369623433423231e-17
4.886936268808334717e+03 4.245984337329909242e-17
4.888657439114540466e+03 4.437522825882926240e-17
4.890378609420746216e+03 4.595299986096162186e-17
4.892099779726951965e+03 4.551928231235160210e-17
4.893820950033157715e+03 4.289547448784453670e-17
4.895542120339363464e+03 4.398468824954007387e-17
4.897263290645569214e+03 4.594165982752349231e-17
4.898984460951774963e+03 4.498174800592386129e-17
4.900705631257980713e+03 4.314728329578725655e-17
4.902426801564186462e+03 4.487410788872103108e-17
4.904147971870392212e+03 4.305150071605491628e-17
4.905869142176597961e+03 4.099988054575370566e-17
4.907590312482803711e+03 4.239419131010153796e-17
4.909311482789009460e+03 4.424343182525127308e-17
4.911032653095215210e+03 4.527169265150764305e-17
4.912753823401420959e+03 4.306185333865510259e-17
4.914474993707626709e+03 4.151763693440099928e-17
4.916196164013832458e+03 4.290040634675015290e-17
4.917917334320038208e+03 4.237825843155299665e-17
4.919638504626243957e+03 4.307497904632003749e-17
4.921359674932449707e+03 4.297703409797194588e-17
4.923080845238655456e+03 4.244131896069442069e-17
4.924802015544861206e+03 4.356208065929747881e-17
4.926523185851066955e+03 4.270984564476797150e-17
4.928244356157272705e+03 4.163450148322126737e-17
4.929965526463478454e+03 4.225637750756797462e-17
4.931686696769684204e+03 4.370084509288516890e-17
4.933407867075889953e+03 4.382282157882793539e-17
4.935129037382095703e+03 4.302435844053414259e-17
4.936850207688301452e+03 4.365825263409581276e-17
4.938571377994507202e+03 4.524353263991085556e-17
4.940292548300712951e+03 4.479809838530263850e-17
4.942013718606918701e+03 4.182555554781235686e-17
4.943734888913124450e+03 4.266536429179431181e-17
4.945456059219330200e+03 4.482111422106731899e-17
4.947177229525535950e+03 4.425716645722121395e-17
4.948898399831741699e+03 4.287076800917796076e-17
4.950619570137947449e+03 4.338806053112776367e-17
4.952340740444153198e+03 4.392795600697712871e-17
4.954061910750358948e+03 4.471916023557529452e-17
4.955783081056564697e+03 4.570257974083697463e-17
4.957504251362770447e+03 4.382646297575323971e-17
4.959225421668976196e+03 4.370455329625526842e-17
4.960946591975181946e+03 4.352283687638788706e-17
4.962667762281387695e+03 4.239086579218281240e-17
4.964388932587593445e+03 4.316155735013956836e-17
4.966110102893799194e+03 4.491642627227610765e-17
4.967831273200004944e+03 4.526227073408817164e-17
4.969552443506210693e+03 4.468191139910120125e-17
4.971273613812416443e+03 4.524180829410165727e-17
4.972994784118622192e+03 4.648145697366537447e-17
4.974715954424827942e+03 4.506081227781907084e-17
4.976437124731033691e+03 4.426020204577975559e-17
4.978158295037239441e+03 4.441906492426809408e-17
4.979879465343445190e+03 4.311638057019288099e-17
4.981600635649650940e+03 4.303201573852798712e-17
4.983321805955856689e+03 4.335466645247926049e-17
4.985042976262062439e+03 4.272716297104703884e-17
4.986764146568268188e+03 4.231541573625046739e-17
4.988485316874473938e+03 4.389751092428946449e-17
4.990206487180679687e+03 4.446603751307989614e-17
4.991927657486885437e+03 4.440584727361035450e-17
4.993648827793091186e+03 4.467146781572177682e-17
4.995369998099296936e+03 4.467466703394308927e-17
4.997091168405502685e+03 4.335571173828566477e-17
4.998812338711708435e+03 4.227568264526497705e-17
5.000533509017914184e+03 4.224149405505948788e-17
5.002254679324119934e+03 4.239439059158348388e-17
5.003975849630325683e+03 4.172950008617518964e-17
5.005697019936531433e+03 4.126133149404901532e-17
5.007418190242737182e+03 4.152622527634118785e-17
5.009139360548942932e+03 4.163195705182470966e-17
5.010860530855148681e+03 4.148647769332375979e-17
5.012581701161354431e+03 4.246501202681706500e-17
5.014302871467560180e+03 4.256727450722107952e-17
5.016024041773765930e+03 4.234670967917398718e-17
5.017745212079971679e+03 4.234545550934870073e-17
5.019466382386177429e+03 4.207559890977025629e-17
5.021187552692383179e+03 4.203391945718230784e-17
5.022908722998588928e+03 4.293312027466748919e-17
5.024629893304794678e+03 4.274989192967580681e-17
5.026351063611000427e+03 4.151930086724212847e-17
5.028072233917206177e+03 4.223565756789519592e-17
5.029793404223411926e+03 4.170727067333721375e-17
5.031514574529617676e+03 4.121308000472137762e-17
5.033235744835823425e+03 4.145256060609313207e-17
5.034956915142029175e+03 4.182604799832142146e-17
5.036678085448234924e+03 4.338109083813555139e-17
5.038399255754440674e+03 4.341346999051093099e-17
5.040120426060646423e+03 4.232745917301891089e-17
5.041841596366852173e+03 4.205802824370846412e-17
5.043562766673057922e+03 4.236372064634586264e-17
5.045283936979263672e+03 4.141649613797437958e-17
5.047005107285469421e+03 4.092349949654264044e-17
5.048726277591675171e+03 4.138168416498482029e-17
5.050447447897880920e+03 4.194652337925586619e-17
5.052168618204086670e+03 4.270875740580293619e-17
5.053889788510292419e+03 4.090123494500310974e-17
5.055610958816498169e+03 4.099420149452104852e-17
5.057332129122703918e+03 4.289947353325264599e-17
5.059053299428909668e+03 4.148526527899107997e-17
5.060774469735115417e+03 4.149675729316325999e-17
5.062495640041321167e+03 4.185480844773590333e-17
5.064216810347526916e+03 4.181243101322298793e-17
5.065937980653732666e+03 4.223215525678049677e-17
5.067659150959938415e+03 4.298898736537930933e-17
5.069380321266144165e+03 4.265074312934444400e-17
5.071101491572349914e+03 4.145742558023741396e-17
5.072822661878555664e+03 4.133678831705907974e-17
5.074543832184761413e+03 4.241945510193395638e-17
5.076265002490967163e+03 4.068061046879307022e-17
5.077986172797172912e+03 3.939605003246015253e-17
5.079707343103378662e+03 4.071799297693826203e-17
5.081428513409584411e+03 4.259554772562753580e-17
5.083149683715790161e+03 4.225210796587181520e-17
5.084870854021995910e+03 4.270828687362515901e-17
5.086592024328201660e+03 4.232791068091380378e-17
5.088313194634407409e+03 4.206111259540138313e-17
5.090034364940613159e+03 4.358124899507257718e-17
5.091755535246818908e+03 4.306120873981948045e-17
5.093476705553024658e+03 4.242407018029125236e-17
5.095197875859230408e+03 4.062815365975972342e-17
5.096919046165436157e+03 3.924237021261163651e-17
5.098640216471641907e+03 4.178335559289865915e-17
5.100361386777847656e+03 4.185400167716503615e-17
5.102082557084053406e+03 4.140380883895327756e-17
5.103803727390259155e+03 4.202918565353370986e-17
5.105524897696464905e+03 4.216200000617067444e-17
5.107246068002670654e+03 4.112355013788993287e-17
5.108967238308876404e+03 4.159094439983540360e-17
5.110688408615082153e+03 4.166068025769704656e-17
5.112409578921287903e+03 4.112513237741411259e-17
5.114130749227493652e+03 4.190529318537926235e-17
5.115851919533699402e+03 4.053265173870234405e-17
5.117573089839905151e+03 4.205085477159725698e-17
5.119294260146110901e+03 4.357094768971898975e-17
5.121015430452316650e+03 4.128489876560502610e-17
5.122736600758522400e+03 4.037563456720049867e-17
5.124457771064728149e+03 4.218996650552726473e-17
5.126178941370933899e+03 4.212599539834415180e-17
5.127900111677139648e+03 4.057807375943064098e-17
5.129621281983345398e+03 4.149969456303013266e-17
5.131342452289551147e+03 4.234128674931252130e-17
5.133063622595756897e+03 4.408819454264926535e-17
5.134784792901962646e+03 4.497018013787787809e-17
5.136505963208168396e+03 4.432664626977094708e-17
5.138227133514374145e+03 4.459550944258246057e-17
5.139948303820579895e+03 4.428876971160906885e-17
5.141669474126785644e+03 4.313922562730436825e-17
5.143390644432991394e+03 4.256105144920320228e-17
5.145111814739197143e+03 4.316308516283377832e-17
5.146832985045402893e+03 4.322724150432159381e-17
5.148554155351608642e+03 4.321102165074669384e-17
5.150275325657814392e+03 4.290035372525279477e-17
5.151996495964020141e+03 4.303805990425156090e-17
5.153717666270225891e+03 4.398433919393839869e-17
5.155438836576431640e+03 4.185333306944200784e-17
5.157160006882637390e+03 4.176164825598866957e-17
5.158881177188843139e+03 4.276852289487799935e-17
5.160602347495048889e+03 4.224292492859419723e-17
5.162323517801254638e+03 4.413938289675792002e-17
5.164044688107460388e+03 4.308622423867842282e-17
5.165765858413666137e+03 4.246159918150638443e-17
5.167487028719871887e+03 4.324520986444147007e-17
5.169208199026077637e+03 4.115919030382000086e-17
5.170929369332283386e+03 3.926458680112084265e-17
5.172650539638489136e+03 4.065166171875588708e-17
5.174371709944694885e+03 4.314952680761957022e-17
5.176092880250900635e+03 4.367556317099348061e-17
5.177814050557106384e+03 4.305022551645253061e-17
5.179535220863312134e+03 4.175152665386756167e-17
5.181256391169517883e+03 4.177999177196855297e-17
5.182977561475723633e+03 4.198341581217835317e-17
5.184698731781929382e+03 4.092314143172655505e-17
5.186419902088135132e+03 4.254154021021008598e-17
5.188141072394340881e+03 4.328107509945588655e-17
5.189862242700546631e+03 4.328697935304922265e-17
5.191583413006752380e+03 4.448422408723572098e-17
5.193304583312958130e+03 4.750614202975152056e-17
5.195025753619163879e+03 5.610761464547154856e-17
5.196746923925369629e+03 6.570485651159590371e-17
5.198468094231575378e+03 6.991032375736150395e-17
5.200189264537781128e+03 6.952797346770796186e-17
5.201910434843986877e+03 7.126304687066428929e-17
5.203631605150192627e+03 6.799321776839792633e-17
5.205352775456398376e+03 5.904469262403362282e-17
5.207073945762604126e+03 4.989719142912670257e-17
5.208795116068809875e+03 4.507409091043789986e-17
5.210516286375015625e+03 4.424638427842513530e-17
5.212237456681221374e+03 4.349287304118711501e-17
5.213958626987427124e+03 4.297813252119517765e-17
5.215679797293632873e+03 4.435674806972045003e-17
5.217400967599838623e+03 4.565708288274784820e-17
5.219122137906044372e+03 4.547848302462212471e-17
5.220843308212250122e+03 4.457549752448358498e-17
5.222564478518455871e+03 4.401572185304586371e-17
5.224285648824661621e+03 4.416219367674502533e-17
5.226006819130867370e+03 4.509754628386975525e-17
5.227727989437073120e+03 4.485267352503369194e-17
5.229449159743278869e+03 4.464523731493388770e-17
5.231170330049484619e+03 4.531329296509517233e-17
5.232891500355690368e+03 4.445952406052286662e-17
5.234612670661896118e+03 4.283647580618624738e-17
5.236333840968101867e+03 4.305825663222772050e-17
5.238055011274307617e+03 4.449098929814726970e-17
5.239776181580513366e+03 4.494245303668937459e-17
5.241497351886719116e+03 4.581628743152090239e-17
5.243218522192924866e+03 4.648929303172950780e-17
5.244939692499130615e+03 4.565876704328622304e-17
5.246660862805336365e+03 4.503379678505450068e-17
5.248382033111542114e+03 4.659583778528919129e-17
5.250103203417747864e+03 4.511576579950637213e-17
5.251824373723953613e+03 4.504184179773662906e-17
5.253545544030159363e+03 4.619562857963124063e-17
5.255266714336365112e+03 4.606326944708821709e-17
5.256987884642570862e+03 4.805771060796163758e-17
5.258709054948776611e+03 4.918459042514039904e-17
5.260430225254982361e+03 4.771882708580655133e-17
5.262151395561188110e+03 4.471768233581775151e-17
5.263872565867393860e+03 4.301263927030886494e-17
5.265593736173599609e+03 4.504912628935351266e-17
5.267314906479805359e+03 4.463166428867140108e-17
5.269036076786011108e+03 4.178393847604612657e-17
5.270757247092216858e+03 4.120353802901555315e-17
5.272478417398422607e+03 4.355471038260085120e-17
5.274199587704628357e+03 4.524046134549445966e-17
5.275920758010834106e+03 4.532734592175668302e-17
5.277641928317039856e+03 4.516872697185630230e-17
5.279363098623245605e+03 4.502461101437902919e-17
5.281084268929451355e+03 4.320879062944273457e-17
5.282805439235657104e+03 4.165449187504431914e-17
5.284526609541862854e+03 4.157865119297406331e-17
5.286247779848068603e+03 4.258858381977257910e-17
5.287968950154274353e+03 4.416613612627007971e-17
5.289690120460480102e+03 4.658165635200896042e-17
5.291411290766685852e+03 4.605972194960905684e-17
5.293132461072891601e+03 4.378812762622384322e-17
5.294853631379097351e+03 4.372833851751017515e-17
5.296574801685303100e+03 4.536378247872277179e-17
5.298295971991508850e+03 4.739808487195411636e-17
5.300017142297714599e+03 4.671505142731765970e-17
5.301738312603920349e+03 4.358596256673287747e-17
5.303459482910126098e+03 4.235588724931740898e-17
5.305180653216331848e+03 4.492729056314269690e-17
5.306901823522537597e+03 4.584637634472435383e-17
5.308622993828743347e+03 4.573125205086625479e-17
5.310344164134949096e+03 4.646510191400156723e-17
5.312065334441154846e+03 4.498834186671035514e-17
5.313786504747360596e+03 4.488780536411316749e-17
5.315507675053566345e+03 4.479655665085280296e-17
5.317228845359772095e+03 4.532001001912473135e-17
5.318950015665977844e+03 4.752625372169073589e-17
5.320671185972183594e+03 4.601856479496718639e-17
5.322392356278389343e+03 4.449291862248168975e-17
5.324113526584595093e+03 4.559364394979283743e-17
5.325834696890800842e+03 4.820251213852561370e-17
5.327555867197006592e+03 4.970166051581667305e-17
5.329277037503212341e+03 4.839932691356976931e-17
5.330998207809418091e+03 4.835621875313309796e-17
5.332719378115623840e+03 4.986812952002326569e-17
5.334440548421829590e+03 5.020141825129979087e-17
5.336161718728035339e+03 4.982061873859349754e-17
5.337882889034241089e+03 4.693547640935070944e-17
5.339604059340446838e+03 4.617089877112060292e-17
5.341325229646652588e+03 4.738345592119858927e-17
5.343046399952858337e+03 4.582745283604646244e-17
5.344767570259064087e+03 4.687003909882750393e-17
5.346488740565269836e+03 4.740062375530201644e-17
5.348209910871475586e+03 4.677737469625425173e-17
5.349931081177681335e+03 4.723748186054336757e-17
5.351652251483887085e+03 4.816990479348798667e-17
5.353373421790092834e+03 4.769348524557879629e-17
5.355094592096298584e+03 4.618612301969381146e-17
5.356815762402504333e+03 4.534144677433459286e-17
5.358536932708710083e+03 4.577269728325498466e-17
5.360258103014915832e+03 4.631163636323833497e-17
5.361979273321121582e+03 4.703957179618922655e-17
5.363700443627327331e+03 4.679905592240079042e-17
5.365421613933533081e+03 4.593986410727330479e-17
5.367142784239738830e+03 4.639363864190393566e-17
5.368863954545944580e+03 4.633665764976295877e-17
5.370585124852150329e+03 4.626173541118641983e-17
5.372306295158356079e+03 4.608621736479854436e-17
5.374027465464561828e+03 4.586975098524710234e-17
5.375748635770767578e+03 4.724924428755596830e-17
5.377469806076973327e+03 4.804745307220961491e-17
5.379190976383179077e+03 4.728585192098200098e-17
5.380912146689384826e+03 4.653200918669187922e-17
5.382633316995590576e+03 4.710346243272119918e-17
5.384354487301796325e+03 4.696890777312646219e-17
5.386075657608002075e+03 4.599370519559844468e-17
5.387796827914207825e+03 4.579262890942862437e-17
5.389517998220413574e+03 4.693642773445298063e-17
5.391239168526619324e+03 4.814630746342812138e-17
5.392960338832825073e+03 4.942693586491587864e-17
5.394681509139030823e+03 4.925127964015882678e-17
5.396402679445236572e+03 4.786114634067224525e-17
5.398123849751442322e+03 4.744218094546765740e-17
5.399845020057648071e+03 4.860382606825706477e-17
5.401566190363853821e+03 4.793997997716036871e-17
5.403287360670059570e+03 4.566629177159014691e-17
5.405008530976265320e+03 4.536926962480670960e-17
5.406729701282471069e+03 4.803312174155926572e-17
5.408450871588676819e+03 4.726051673358827241e-17
5.410172041894882568e+03 4.670367725310843062e-17
5.411893212201088318e+03 4.967605619579453419e-17
5.413614382507294067e+03 5.249062443486636638e-17
5.415335552813499817e+03 4.977651943492543934e-17
5.417056723119705566e+03 4.877401609900777608e-17
5.418777893425911316e+03 4.829039523505712516e-17
5.420499063732117065e+03 4.691406353700610980e-17
5.422220234038322815e+03 4.764578309922948223e-17
5.423941404344528564e+03 4.958495362802933885e-17
5.425662574650734314e+03 5.141204089117145854e-17
5.427383744956940063e+03 5.021638372833018527e-17
5.429104915263145813e+03 4.760562391213970090e-17
5.430826085569351562e+03 4.918723981502236850e-17
5.432547255875557312e+03 5.071414492583182927e-17
5.434268426181763061e+03 5.087852630226044569e-17
5.435989596487968811e+03 5.190635703975189744e-17
5.437710766794174560e+03 5.403962803549935894e-17
5.439431937100380310e+03 5.353551374365153452e-17
5.441153107406586059e+03 5.376073191126603248e-17
5.442874277712791809e+03 5.243341942164214345e-17
5.444595448018997558e+03 5.017556137301922877e-17
5.446316618325203308e+03 5.137216338052234757e-17
5.448037788631409057e+03 5.104750340951647045e-17
5.449758958937614807e+03 5.061069347956360064e-17
5.451480129243820556e+03 5.162091802035443537e-17
5.453201299550026306e+03 5.309988529874450762e-17
5.454922469856232055e+03 5.409872684664316976e-17
5.456643640162437805e+03 5.554418960212658488e-17
5.458364810468643554e+03 5.506348698534821983e-17
5.460085980774849304e+03 5.256916251263969613e-17
5.461807151081055054e+03 5.144865508383516808e-17
5.463528321387260803e+03 5.285215641745973657e-17
5.465249491693466553e+03 5.358331243723337748e-17
5.466970661999672302e+03 5.399965004648506236e-17
5.468691832305878052e+03 5.483986009186873338e-17
5.470413002612083801e+03 5.476170487916480973e-17
5.472134172918289551e+03 5.485457369945226087e-17
5.473855343224495300e+03 5.275970354288942331e-17
5.475576513530701050e+03 5.060502669661328705e-17
5.477297683836906799e+03 5.239094373729481778e-17
5.479018854143112549e+03 5.567821644175227847e-17
5.480740024449318298e+03 5.413384838103235781e-17
5.482461194755524048e+03 5.360202632922270319e-17
5.484182365061729797e+03 5.656099811166597661e-17
5.485903535367935547e+03 5.766317678165115957e-17
5.487624705674141296e+03 5.704998371352887784e-17
5.489345875980347046e+03 5.622974799513117230e-17
5.491067046286552795e+03 5.601271531162159225e-17
5.492788216592758545e+03 5.629558231989492447e-17
5.494509386898964294e+03 5.691052113308006723e-17
5.496230557205170044e+03 5.828857312367002200e-17
5.497951727511375793e+03 5.685561217550714697e-17
5.499672897817581543e+03 5.692279973689139212e-17
5.501394068123787292e+03 6.029136493108315424e-17
5.503115238429993042e+03 5.664635350157151379e-17
5.504836408736198791e+03 5.770477401708463345e-17
5.506557579042404541e+03 5.908570904989533215e-17
5.508278749348610290e+03 5.796243171534034854e-17
5.509999919654816040e+03 5.994345523522672362e-17
5.511721089961021789e+03 5.964582405247911759e-17
5.513442260267227539e+03 6.017741502533612492e-17
5.515163430573433288e+03 5.983428188811246680e-17
5.516884600879639038e+03 5.815501731835362369e-17
5.518605771185844787e+03 6.010678226193367779e-17
5.520326941492050537e+03 6.000900108499731243e-17
5.522048111798256286e+03 6.059786079276991251e-17
5.523769282104462036e+03 6.205634534422078376e-17
5.525490452410667785e+03 6.193468846270761537e-17
5.527211622716873535e+03 6.308098581520799825e-17
5.528932793023079284e+03 6.473429807498653554e-17
5.530653963329285034e+03 6.330324508624128970e-17
5.532375133635490783e+03 6.128350328329183548e-17
5.534096303941696533e+03 6.332360199361149010e-17
5.535817474247902283e+03 6.294432077479115625e-17
5.537538644554108032e+03 6.398903345904240535e-17
5.539259814860313782e+03 6.526434684050668047e-17
5.540980985166519531e+03 6.631314559899219260e-17
5.542702155472725281e+03 7.150459086122067816e-17
5.544423325778931030e+03 7.098873453900921307e-17
5.546144496085136780e+03 7.205252551231421111e-17
5.547865666391342529e+03 7.418097977913647450e-17
5.549586836697548279e+03 7.199701653230388978e-17
5.551308007003754028e+03 7.365383060410383809e-17
5.553029177309959778e+03 7.286106005634480540e-17
5.554750347616165527e+03 7.351506114211683584e-17
5.556471517922371277e+03 7.739309365238998422e-17
5.558192688228577026e+03 7.883324445266170311e-17
5.559913858534782776e+03 8.075927381898978109e-17
5.561635028840988525e+03 8.430920784463716083e-17
5.563356199147194275e+03 8.760426553746819582e-17
5.565077369453400024e+03 9.038054020347337352e-17
5.566798539759605774e+03 9.403682865732556964e-17
5.568519710065811523e+03 9.395720687658800148e-17
5.570240880372017273e+03 8.830236756766432752e-17
5.571962050678223022e+03 2.329818568295696012e-16
5.573683220984428772e+03 5.671079279666646093e-16
5.575404391290634521e+03 7.590113750487328000e-16
5.577125561596840271e+03 8.181061743684185275e-16
5.578846731903046020e+03 8.248385946860458483e-16
5.580567902209251770e+03 8.221687448513675964e-16
5.582289072515457519e+03 7.419411844725217126e-16
5.584010242821663269e+03 4.160111659724142603e-16
5.585731413127869018e+03 1.639960555329017689e-16
5.587452583434074768e+03 1.012210137422086411e-16
5.589173753740280517e+03 1.018215228678053300e-16
5.590894924046486267e+03 9.858558965257745648e-17
5.592616094352692016e+03 9.491792837765658072e-17
5.594337264658897766e+03 9.241335265029227067e-17
5.596058434965103515e+03 9.018955107783603699e-17
5.597779605271309265e+03 8.854415453030997016e-17
5.599500775577515014e+03 8.599821491781904020e-17
5.601221945883720764e+03 8.940727509794931357e-17
5.602943116189926513e+03 9.174757249191419313e-17
5.604664286496132263e+03 8.834680991310229073e-17
5.606385456802338012e+03 8.589772023807939642e-17
5.608106627108543762e+03 8.775460869188428878e-17
5.609827797414749512e+03 8.601138353956017507e-17
5.611548967720955261e+03 8.492576076900296458e-17
5.613270138027161011e+03 8.760387669168198903e-17
5.614991308333366760e+03 8.624492360266139006e-17
5.616712478639572510e+03 8.849759996825750337e-17
5.618433648945778259e+03 8.889458941017008191e-17
5.620154819251984009e+03 8.776589814911238976e-17
5.621875989558189758e+03 8.885905027210125143e-17
5.623597159864395508e+03 8.756978209236589013e-17
5.625318330170601257e+03 8.942160731937638027e-17
5.627039500476807007e+03 8.878153749702729282e-17
5.628760670783012756e+03 8.645652533906830594e-17
5.630481841089218506e+03 8.925070040437455503e-17
5.632203011395424255e+03 8.899862458133081509e-17
5.633924181701630005e+03 8.591194242644476773e-17
5.635645352007835754e+03 8.679807884347836672e-17
5.637366522314041504e+03 9.099381019814590198e-17
5.639087692620247253e+03 9.062901565066468749e-17
5.640808862926453003e+03 9.115455567003643172e-17
5.642530033232658752e+03 9.172866319371397093e-17
5.644251203538864502e+03 9.307338333628739205e-17
5.645972373845070251e+03 9.533955489635826441e-17
5.647693544151276001e+03 9.393358504431945086e-17
5.649414714457481750e+03 9.575421137145911048e-17
5.651135884763687500e+03 9.695474907383060444e-17
5.652857055069893249e+03 9.696983973598600948e-17
5.654578225376098999e+03 9.788784515156444237e-17
5.656299395682304748e+03 9.300508204512281384e-17
5.658020565988510498e+03 9.317371517304989246e-17
5.659741736294716247e+03 9.960717925445453037e-17
5.661462906600921997e+03 1.032157002660314596e-16
5.663184076907127746e+03 1.002158587260772119e-16
5.664905247213333496e+03 9.795790745302796797e-17
5.666626417519539245e+03 9.717087367486544816e-17
5.668347587825744995e+03 9.704017264859332944e-17
5.670068758131950744e+03 9.863553292638326571e-17
5.671789928438156494e+03 1.022730526107679296e-16
5.673511098744362243e+03 1.019089630473989172e-16
5.675232269050567993e+03 9.946346903820785139e-17
5.676953439356773742e+03 9.647492716505883560e-17
5.678674609662979492e+03 9.367907053911164277e-17
5.680395779969185241e+03 9.536446326958953437e-17
5.682116950275390991e+03 1.004320377945163650e-16
5.683838120581596741e+03 9.905620461012766636e-17
5.685559290887802490e+03 9.461513257033467654e-17
5.687280461194008240e+03 9.679581507970824802e-17
5.689001631500213989e+03 9.549078647963199201e-17
5.690722801806419739e+03 9.798340743974658904e-17
5.692443972112625488e+03 1.006749884931915029e-16
5.694165142418831238e+03 9.947571388228198871e-17
5.695886312725036987e+03 1.000964679005111004e-16
5.697607483031242737e+03 9.776518864907088022e-17
5.699328653337448486e+03 9.835232055808179172e-17
5.701049823643654236e+03 9.865410534561923901e-17
5.702770993949859985e+03 9.537643287628586058e-17
5.704492164256065735e+03 9.585944006240933365e-17
5.706213334562271484e+03 9.236116284124588054e-17
5.707934504868477234e+03 9.482158071453863836e-17
5.709655675174682983e+03 9.872295044766149588e-17
5.711376845480888733e+03 9.469196446681365482e-17
5.713098015787094482e+03 9.831953583196078729e-17
5.714819186093300232e+03 9.927458430062393507e-17
5.716540356399505981e+03 9.784628070241277598e-17
5.718261526705711731e+03 9.600825130029715544e-17
5.719982697011917480e+03 9.260758068191718387e-17
5.721703867318123230e+03 9.551771782803733166e-17
5.723425037624328979e+03 9.828280312227444094e-17
5.725146207930534729e+03 9.616419991104489061e-17
5.726867378236740478e+03 9.368071536186683669e-17
5.728588548542946228e+03 9.606482682364971138e-17
5.730309718849151977e+03 9.517365362270686191e-17
5.732030889155357727e+03 9.442629584501733898e-17
5.733752059461563476e+03 9.518202136232181839e-17
5.735473229767769226e+03 9.532561214273075234e-17
5.737194400073974975e+03 9.565937708092885975e-17
5.738915570380180725e+03 9.585218013478399424e-17
5.740636740686386474e+03 9.521301817634304592e-17
5.742357910992592224e+03 9.422212493699894775e-17
5.744079081298797973e+03 9.527712788795716264e-17
5.745800251605003723e+03 9.924041030950863840e-17
5.747521421911209472e+03 9.850652946866546713e-17
5.749242592217415222e+03 9.574338780671259358e-17
5.750963762523620971e+03 9.388092143213583291e-17
5.752684932829826721e+03 9.200206843941607006e-17
5.754406103136032471e+03 9.503088574212439853e-17
5.756127273442238220e+03 9.303950497090173849e-17
5.757848443748443970e+03 9.152350335151924354e-17
5.759569614054649719e+03 9.428426858108249253e-17
5.761290784360855469e+03 9.293948640377979923e-17
5.763011954667061218e+03 9.465370426302599508e-17
5.764733124973266968e+03 9.347258595820692934e-17
5.766454295279472717e+03 9.292503290404832647e-17
5.768175465585678467e+03 9.648516065239414367e-17
5.769896635891884216e+03 9.505894712603090090e-17
5.771617806198089966e+03 9.205916871643316760e-17
5.773338976504295715e+03 9.285852849752641116e-17
5.775060146810501465e+03 9.669425388156700834e-17
5.776781317116707214e+03 9.787155203882032084e-17
5.778502487422912964e+03 9.316835255124676520e-17
5.780223657729118713e+03 8.912330443821688795e-17
5.781944828035324463e+03 9.156055035455225430e-17
5.783665998341530212e+03 9.436408067281762851e-17
5.785387168647735962e+03 9.118022325979700782e-17
5.787108338953941711e+03 9.345076057296163773e-17
5.788829509260147461e+03 9.271518734302979181e-17
5.790550679566353210e+03 9.067424433457762305e-17
5.792271849872558960e+03 9.119741164942553764e-17
5.793993020178764709e+03 9.092932175239330711e-17
5.795714190484970459e+03 9.182263786320922338e-17
5.797435360791176208e+03 9.238217555902933702e-17
5.799156531097381958e+03 9.067618551700577801e-17
5.800877701403587707e+03 8.873947584830971861e-17
5.802598871709793457e+03 9.061842633036491496e-17
5.804320042015999206e+03 9.193757379987612670e-17
5.806041212322204956e+03 9.277030774998318794e-17
5.807762382628410705e+03 9.872641800449276546e-17
